Table,State_Code,District_Code,District_Name,Rural_or_Urban,Literacy,Total_Population,Male_Population,Female_Population,Total_Main_Workers,Total_Main_Male_Workers,Total_Main_Female_Workers,Total_Marginal_Workers,Total_Marginal_Male_Workers,Total_Marginal_Female_Workers,Seeking_Total_Workers,Seeking_Male_Workers,Seeking_Female_Workers,Total_Person_Nonworkers,Total_Male_Nonworkers,Total_Female_Nonworkers,Total_Person_Nonworkers_Seeking,Total_Male_Nonworkers_Seeking,Total_Female_Nonworkers_Seeking
B0103,01,001,District - Kupwara,Total,Total,870354,474190,396164,123837,111713,12124,105227,79186,26041,69822,57414,12408,641290,283291,357999,85096,34578,50518
B0103,01,001,District - Kupwara,Total,Illiterate,430700,191367,239333,22574,17900,4674,53065,36630,16435,32617,25588,7029,355061,136837,218224,30897,6307,24590
B0103,01,001,District - Kupwara,Total,Literate,439654,282823,156831,101263,93813,7450,52162,42556,9606,37205,31826,5379,286229,146454,139775,54199,28271,25928
B0103,01,001,District - Kupwara,Total,Literate but below matric/secondary,265327,155094,110233,26812,24646,2166,32537,26954,5583,22596,19769,2827,205978,103494,102484,25002,11941,13061
B0103,01,001,District - Kupwara,Total,Matric/secondary but below graduate,131975,97191,34784,56946,53860,3086,15079,12067,3012,11368,9449,1919,59950,31264,28686,22260,12144,10116
B0103,01,001,District - Kupwara,Total,Technical diploma or certificate not equal to degree,770,517,253,306,245,61,87,57,30,49,33,16,377,215,162,152,99,53
B0103,01,001,District - Kupwara,Total,Graduate and above other than technical degree,18052,13664,4388,9075,7806,1269,1680,1299,381,1302,1016,286,7297,4559,2738,4275,2733,1542
B0103,01,001,District - Kupwara,Total,Technical degree or diploma equal to degree or post-graduate degree,4602,3390,1212,2652,2146,506,315,225,90,224,162,62,1635,1019,616,936,564,372
B0103,01,001,District - Kupwara,Rural,Total,765625,412038,353587,99611,89519,10092,96382,72473,23909,64266,52945,11321,569632,250046,319586,75124,30214,44910
B0103,01,001,District - Kupwara,Rural,Illiterate,390627,173253,217374,20752,16486,4266,49499,34003,15496,30612,23959,6653,320376,122764,197612,28279,5575,22704
B0103,01,001,District - Kupwara,Rural,Literate,374998,238785,136213,78859,73033,5826,46883,38470,8413,33654,28986,4668,249256,127282,121974,46845,24639,22206
B0103,01,001,District - Kupwara,Rural,Literate but below matric/secondary,234058,136416,97642,22337,20708,1629,29893,24847,5046,20905,18367,2538,181828,90861,90967,22379,10690,11689
B0103,01,001,District - Kupwara,Rural,Matric/secondary but below graduate,107253,78078,29175,43063,40568,2495,13220,10666,2554,10015,8391,1624,50970,26844,24126,18871,10465,8406
B0103,01,001,District - Kupwara,Rural,Technical diploma or certificate not equal to degree,696,466,230,268,214,54,80,54,26,44,31,13,348,198,150,143,94,49
B0103,01,001,District - Kupwara,Rural,Graduate and above other than technical degree,14196,10783,3413,6923,5924,999,1364,1058,306,1077,843,234,5909,3801,2108,3439,2268,1171
B0103,01,001,District - Kupwara,Rural,Technical degree or diploma equal to degree or post-graduate degree,3580,2700,880,2064,1698,366,243,171,72,189,137,52,1273,831,442,746,474,272
B0103,01,001,District - Kupwara,Urban,Total,104729,62152,42577,24226,22194,2032,8845,6713,2132,5556,4469,1087,71658,33245,38413,9972,4364,5608
B0103,01,001,District - Kupwara,Urban,Illiterate,40073,18114,21959,1822,1414,408,3566,2627,939,2005,1629,376,34685,14073,20612,2618,732,1886
B0103,01,001,District - Kupwara,Urban,Literate,64656,44038,20618,22404,20780,1624,5279,4086,1193,3551,2840,711,36973,19172,17801,7354,3632,3722
B0103,01,001,District - Kupwara,Urban,Literate but below matric/secondary,31269,18678,12591,4475,3938,537,2644,2107,537,1691,1402,289,24150,12633,11517,2623,1251,1372
B0103,01,001,District - Kupwara,Urban,Matric/secondary but below graduate,24722,19113,5609,13883,13292,591,1859,1401,458,1353,1058,295,8980,4420,4560,3389,1679,1710
B0103,01,001,District - Kupwara,Urban,Technical diploma or certificate not equal to degree,74,51,23,38,31,7,7,3,4,5,2,3,29,17,12,9,5,4
B0103,01,001,District - Kupwara,Urban,Graduate and above other than technical degree,3856,2881,975,2152,1882,270,316,241,75,225,173,52,1388,758,630,836,465,371
B0103,01,001,District - Kupwara,Urban,Technical degree or diploma equal to degree or post-graduate degree,1022,690,332,588,448,140,72,54,18,35,25,10,362,188,174,190,90,100
B0103,01,002,District - Badgam,Total,Total,753745,398041,355704,132003,116865,15138,82863,45713,37150,51316,32593,18723,538879,235463,303416,92898,36365,56533
B0103,01,002,District - Badgam,Total,Illiterate,418096,190300,227796,56961,49023,7938,49282,22615,26667,27367,15079,12288,311853,118662,193191,33560,5580,27980
B0103,01,002,District - Badgam,Total,Literate,335649,207741,127908,75042,67842,7200,33581,23098,10483,23949,17514,6435,227026,116801,110225,59338,30785,28553
B0103,01,002,District - Badgam,Total,Literate but below matric/secondary,198002,115419,82583,26970,24861,2109,18425,12590,5835,12736,9361,3375,152607,77968,74639,22585,10607,11978
B0103,01,002,District - Badgam,Total,Matric/secondary but below graduate,96539,64268,32271,31322,28705,2617,10918,7517,3401,8189,5936,2253,54299,28046,26253,26071,14068,12003
B0103,01,002,District - Badgam,Total,Technical diploma or certificate not equal to degree,1124,767,357,426,371,55,137,90,47,108,73,35,561,306,255,305,175,130
B0103,01,002,District - Badgam,Total,Graduate and above other than technical degree,19944,14339,5605,8241,6993,1248,1808,1321,487,1408,1056,352,9895,6025,3870,6586,4088,2498
B0103,01,002,District - Badgam,Total,Technical degree or diploma equal to degree or post-graduate degree,5478,3879,1599,2691,2183,508,357,246,111,268,190,78,2430,1450,980,1669,1008,661
B0103,01,002,District - Badgam,Rural,Total,655833,343385,312448,106388,93558,12830,75380,41011,34369,47178,29630,17548,474065,208816,265249,79431,30870,48561
B0103,01,002,District - Badgam,Rural,Illiterate,377568,172744,204824,51619,44442,7177,45717,20683,25034,25530,13875,11655,280232,107619,172613,30149,4913,25236
B0103,01,002,District - Badgam,Rural,Literate,278265,170641,107624,54769,49116,5653,29663,20328,9335,21648,15755,5893,193833,101197,92636,49282,25957,23325
B0103,01,002,District - Badgam,Rural,Literate but below matric/secondary,176367,102677,73690,23339,21457,1882,17015,11556,5459,11990,8741,3249,136013,69664,66349,20024,9365,10659
B0103,01,002,District - Badgam,Rural,Matric/secondary but below graduate,75196,49101,26095,21045,18839,2206,9724,6688,3036,7423,5360,2063,44427,23574,20853,21815,11966,9849
B0103,01,002,District - Badgam,Rural,Technical diploma or certificate not equal to degree,653,443,210,225,190,35,109,74,35,92,61,31,319,179,140,210,118,92
B0103,01,002,District - Badgam,Rural,Graduate and above other than technical degree,15363,11231,4132,6314,5366,948,1476,1092,384,1226,921,305,7573,4773,2800,5158,3309,1849
B0103,01,002,District - Badgam,Rural,Technical degree or diploma equal to degree or post-graduate degree,4419,3276,1143,2211,1815,396,308,220,88,243,176,67,1900,1241,659,1339,864,475
B0103,01,002,District - Badgam,Urban,Total,97912,54656,43256,25615,23307,2308,7483,4702,2781,4138,2963,1175,64814,26647,38167,13467,5495,7972
B0103,01,002,District - Badgam,Urban,Illiterate,40528,17556,22972,5342,4581,761,3565,1932,1633,1837,1204,633,31621,11043,20578,3411,667,2744
B0103,01,002,District - Badgam,Urban,Literate,57384,37100,20284,20273,18726,1547,3918,2770,1148,2301,1759,542,33193,15604,17589,10056,4828,5228
B0103,01,002,District - Badgam,Urban,Literate but below matric/secondary,21635,12742,8893,3631,3404,227,1410,1034,376,746,620,126,16594,8304,8290,2561,1242,1319
B0103,01,002,District - Badgam,Urban,Matric/secondary but below graduate,21343,15167,6176,10277,9866,411,1194,829,365,766,576,190,9872,4472,5400,4256,2102,2154
B0103,01,002,District - Badgam,Urban,Technical diploma or certificate not equal to degree,471,324,147,201,181,20,28,16,12,16,12,4,242,127,115,95,57,38
B0103,01,002,District - Badgam,Urban,Graduate and above other than technical degree,4581,3108,1473,1927,1627,300,332,229,103,182,135,47,2322,1252,1070,1428,779,649
B0103,01,002,District - Badgam,Urban,Technical degree or diploma equal to degree or post-graduate degree,1059,603,456,480,368,112,49,26,23,25,14,11,530,209,321,330,144,186
B0103,01,003,District - Leh(Ladakh),Total,Total,133487,78971,54516,57125,44742,12383,17954,8523,9431,5863,2911,2952,58408,25706,32702,8812,3301,5511
B0103,01,003,District - Leh(Ladakh),Total,Illiterate,39717,16137,23580,9757,5016,4741,8234,2516,5718,2163,845,1318,21726,8605,13121,1200,212,988
B0103,01,003,District - Leh(Ladakh),Total,Literate,93770,62834,30936,47368,39726,7642,9720,6007,3713,3700,2066,1634,36682,17101,19581,7612,3089,4523
B0103,01,003,District - Leh(Ladakh),Total,Literate but below matric/secondary,40004,24967,15037,12407,10484,1923,5004,3109,1895,2128,1349,779,22593,11374,11219,2690,1270,1420
B0103,01,003,District - Leh(Ladakh),Total,Matric/secondary but below graduate,37196,26314,10882,24587,21002,3585,3008,1790,1218,1006,386,620,9601,3522,6079,3274,1099,2175
B0103,01,003,District - Leh(Ladakh),Total,Technical diploma or certificate not equal to degree,255,186,69,170,136,34,16,10,6,5,2,3,69,40,29,36,21,15
B0103,01,003,District - Leh(Ladakh),Total,Graduate and above other than technical degree,6180,3949,2231,3835,2833,1002,387,247,140,181,92,89,1958,869,1089,1006,436,570
B0103,01,003,District - Leh(Ladakh),Total,Technical degree or diploma equal to degree or post-graduate degree,1360,874,486,964,664,300,63,36,27,19,7,12,333,174,159,143,70,73
B0103,01,003,District - Leh(Ladakh),Rural,Total,87816,48411,39405,34098,24929,9169,14283,6000,8283,4847,2336,2511,39435,17482,21953,5856,2144,3712
B0103,01,003,District - Leh(Ladakh),Rural,Illiterate,31027,12349,18678,8448,4159,4289,7128,1968,5160,1754,638,1116,15451,6222,9229,842,129,713
B0103,01,003,District - Leh(Ladakh),Rural,Literate,56789,36062,20727,25650,20770,4880,7155,4032,3123,3093,1698,1395,23984,11260,12724,5014,2015,2999
B0103,01,003,District - Leh(Ladakh),Rural,Literate but below matric/secondary,29081,18196,10885,9403,7890,1513,4228,2539,1689,1841,1157,684,15450,7767,7683,1933,911,1022
B0103,01,003,District - Leh(Ladakh),Rural,Matric/secondary but below graduate,18760,11815,6945,11097,8888,2209,1717,764,953,824,288,536,5946,2163,3783,2147,697,1450
B0103,01,003,District - Leh(Ladakh),Rural,Technical diploma or certificate not equal to degree,123,93,30,80,67,13,13,7,6,5,2,3,30,19,11,16,12,4
B0103,01,003,District - Leh(Ladakh),Rural,Graduate and above other than technical degree,2761,1702,1059,1618,1160,458,215,123,92,115,56,59,928,419,509,506,226,280
B0103,01,003,District - Leh(Ladakh),Rural,Technical degree or diploma equal to degree or post-graduate degree,575,361,214,391,270,121,42,22,20,14,3,11,142,69,73,64,26,38
B0103,01,003,District - Leh(Ladakh),Urban,Total,45671,30560,15111,23027,19813,3214,3671,2523,1148,1016,575,441,18973,8224,10749,2956,1157,1799
B0103,01,003,District - Leh(Ladakh),Urban,Illiterate,8690,3788,4902,1309,857,452,1106,548,558,409,207,202,6275,2383,3892,358,83,275
B0103,01,003,District - Leh(Ladakh),Urban,Literate,36981,26772,10209,21718,18956,2762,2565,1975,590,607,368,239,12698,5841,6857,2598,1074,1524
B0103,01,003,District - Leh(Ladakh),Urban,Literate but below matric/secondary,10923,6771,4152,3004,2594,410,776,570,206,287,192,95,7143,3607,3536,757,359,398
B0103,01,003,District - Leh(Ladakh),Urban,Matric/secondary but below graduate,18436,14499,3937,13490,12114,1376,1291,1026,265,182,98,84,3655,1359,2296,1127,402,725
B0103,01,003,District - Leh(Ladakh),Urban,Technical diploma or certificate not equal to degree,132,93,39,90,69,21,3,3,0,0,0,0,39,21,18,20,9,11
B0103,01,003,District - Leh(Ladakh),Urban,Graduate and above other than technical degree,3419,2247,1172,2217,1673,544,172,124,48,66,36,30,1030,450,580,500,210,290
B0103,01,003,District - Leh(Ladakh),Urban,Technical degree or diploma equal to degree or post-graduate degree,785,513,272,573,394,179,21,14,7,5,4,1,191,105,86,79,44,35
B0103,01,004,District - Kargil,Total,Total,140802,77785,63017,28941,25174,3767,22932,14665,8267,13109,9134,3975,88929,37946,50983,16977,6776,10201
B0103,01,004,District - Kargil,Total,Illiterate,54566,21484,33082,3314,2111,1203,10650,5541,5109,5176,3081,2095,40602,13832,26770,4120,511,3609
B0103,01,004,District - Kargil,Total,Literate,86236,56301,29935,25627,23063,2564,12282,9124,3158,7933,6053,1880,48327,24114,24213,12857,6265,6592
B0103,01,004,District - Kargil,Total,Literate but below matric/secondary,46686,27503,19183,6362,5787,575,7381,5614,1767,4860,3882,978,32943,16102,16841,5537,2475,3062
B0103,01,004,District - Kargil,Total,Matric/secondary but below graduate,30075,21332,8743,13977,12530,1447,3575,2530,1045,2362,1650,712,12523,6272,6251,6112,3058,3054
B0103,01,004,District - Kargil,Total,Technical diploma or certificate not equal to degree,422,280,142,189,143,46,39,27,12,23,16,7,194,110,84,121,61,60
B0103,01,004,District - Kargil,Total,Graduate and above other than technical degree,2598,2026,572,1534,1271,263,198,153,45,132,101,31,866,602,264,565,400,165
B0103,01,004,District - Kargil,Total,Technical degree or diploma equal to degree or post-graduate degree,831,678,153,561,468,93,35,30,5,27,24,3,235,180,55,148,111,37
B0103,01,004,District - Kargil,Rural,Total,124464,67703,56761,22839,19809,3030,21621,13895,7726,12466,8729,3737,80004,33999,46005,14604,5710,8894
B0103,01,004,District - Kargil,Rural,Illiterate,50568,20029,30539,2976,1877,1099,10157,5360,4797,4950,2975,1975,37435,12792,24643,3782,456,3326
B0103,01,004,District - Kargil,Rural,Literate,73896,47674,26222,19863,17932,1931,11464,8535,2929,7516,5754,1762,42569,21207,21362,10822,5254,5568
B0103,01,004,District - Kargil,Rural,Literate but below matric/secondary,42557,24972,17585,5506,5004,502,7123,5419,1704,4670,3734,936,29928,14549,15379,5040,2237,2803
B0103,01,004,District - Kargil,Rural,Matric/secondary but below graduate,23837,16720,7117,10281,9202,1079,3188,2261,927,2201,1540,661,10368,5257,5111,4919,2493,2426
B0103,01,004,District - Kargil,Rural,Technical diploma or certificate not equal to degree,329,210,119,141,100,41,33,24,9,18,14,4,155,86,69,93,45,48
B0103,01,004,District - Kargil,Rural,Graduate and above other than technical degree,1794,1418,376,1017,857,160,159,127,32,115,93,22,618,434,184,389,281,108
B0103,01,004,District - Kargil,Rural,Technical degree or diploma equal to degree or post-graduate degree,567,480,87,372,320,52,30,25,5,22,19,3,165,135,30,96,78,18
B0103,01,004,District - Kargil,Urban,Total,16338,10082,6256,6102,5365,737,1311,770,541,643,405,238,8925,3947,4978,2373,1066,1307
B0103,01,004,District - Kargil,Urban,Illiterate,3998,1455,2543,338,234,104,493,181,312,226,106,120,3167,1040,2127,338,55,283
B0103,01,004,District - Kargil,Urban,Literate,12340,8627,3713,5764,5131,633,818,589,229,417,299,118,5758,2907,2851,2035,1011,1024
B0103,01,004,District - Kargil,Urban,Literate but below matric/secondary,4129,2531,1598,856,783,73,258,195,63,190,148,42,3015,1553,1462,497,238,259
B0103,01,004,District - Kargil,Urban,Matric/secondary but below graduate,6238,4612,1626,3696,3328,368,387,269,118,161,110,51,2155,1015,1140,1193,565,628
B0103,01,004,District - Kargil,Urban,Technical diploma or certificate not equal to degree,93,70,23,48,43,5,6,3,3,5,2,3,39,24,15,28,16,12
B0103,01,004,District - Kargil,Urban,Graduate and above other than technical degree,804,608,196,517,414,103,39,26,13,17,8,9,248,168,80,176,119,57
B0103,01,004,District - Kargil,Urban,Technical degree or diploma equal to degree or post-graduate degree,264,198,66,189,148,41,5,5,0,5,5,0,70,45,25,52,33,19
B0103,01,005,District - Punch,Total,Total,476835,251899,224936,73247,63147,10100,88146,54530,33616,40867,30285,10582,315442,134222,181220,38982,15212,23770
B0103,01,005,District - Punch,Total,Illiterate,215111,88566,126545,14773,11067,3706,40880,20364,20516,15860,10405,5455,159458,57135,102323,11035,1654,9381
B0103,01,005,District - Punch,Total,Literate,261724,163333,98391,58474,52080,6394,47266,34166,13100,25007,19880,5127,155984,77087,78897,27947,13558,14389
B0103,01,005,District - Punch,Total,Literate but below matric/secondary,164903,96848,68055,19511,17818,1693,30986,23253,7733,15957,13291,2666,114406,55777,58629,12937,5707,7230
B0103,01,005,District - Punch,Total,Matric/secondary but below graduate,73972,51251,22721,28471,25880,2591,12438,8215,4223,7055,5058,1997,33063,17156,15907,11730,6219,5511
B0103,01,005,District - Punch,Total,Technical diploma or certificate not equal to degree,517,407,110,204,167,37,65,47,18,40,31,9,248,193,55,133,103,30
B0103,01,005,District - Punch,Total,Graduate and above other than technical degree,11379,7974,3405,6476,5137,1339,1325,924,401,781,572,209,3578,1913,1665,1850,939,911
B0103,01,005,District - Punch,Total,Technical degree or diploma equal to degree or post-graduate degree,2980,2057,923,1726,1280,446,252,169,83,137,93,44,1002,608,394,540,302,238
B0103,01,005,District - Punch,Rural,Total,438205,229774,208431,61481,52941,8540,85708,53121,32587,39575,29443,10132,291016,123712,167304,33109,12781,20328
B0103,01,005,District - Punch,Rural,Illiterate,206664,85058,121606,14209,10646,3563,40263,20086,20177,15636,10279,5357,152192,54326,97866,10424,1535,8889
B0103,01,005,District - Punch,Rural,Literate,231541,144716,86825,47272,42295,4977,45445,33035,12410,23939,19164,4775,138824,69386,69438,22685,11246,11439
B0103,01,005,District - Punch,Rural,Literate but below matric/secondary,152882,90184,62698,17667,16106,1561,30176,22709,7467,15544,12980,2564,105039,51369,53670,11470,5101,6369
B0103,01,005,District - Punch,Rural,Matric/secondary but below graduate,60793,42228,18565,21842,19732,2110,11705,7774,3931,6568,4748,1820,27246,14722,12524,9000,4969,4031
B0103,01,005,District - Punch,Rural,Technical diploma or certificate not equal to degree,359,287,72,132,108,24,53,39,14,31,25,6,174,140,34,79,63,16
B0103,01,005,District - Punch,Rural,Graduate and above other than technical degree,8402,6255,2147,4768,3948,820,1157,834,323,676,514,162,2477,1473,1004,1201,683,518
B0103,01,005,District - Punch,Rural,Technical degree or diploma equal to degree or post-graduate degree,1923,1427,496,1117,884,233,199,136,63,100,71,29,607,407,200,297,192,105
B0103,01,005,District - Punch,Urban,Total,38630,22125,16505,11766,10206,1560,2438,1409,1029,1292,842,450,24426,10510,13916,5873,2431,3442
B0103,01,005,District - Punch,Urban,Illiterate,8447,3508,4939,564,421,143,617,278,339,224,126,98,7266,2809,4457,611,119,492
B0103,01,005,District - Punch,Urban,Literate,30183,18617,11566,11202,9785,1417,1821,1131,690,1068,716,352,17160,7701,9459,5262,2312,2950
B0103,01,005,District - Punch,Urban,Literate but below matric/secondary,12021,6664,5357,1844,1712,132,810,544,266,413,311,102,9367,4408,4959,1467,606,861
B0103,01,005,District - Punch,Urban,Matric/secondary but below graduate,13179,9023,4156,6629,6148,481,733,441,292,487,310,177,5817,2434,3383,2730,1250,1480
B0103,01,005,District - Punch,Urban,Technical diploma or certificate not equal to degree,158,120,38,72,59,13,12,8,4,9,6,3,74,53,21,54,40,14
B0103,01,005,District - Punch,Urban,Graduate and above other than technical degree,2977,1719,1258,1708,1189,519,168,90,78,105,58,47,1101,440,661,649,256,393
B0103,01,005,District - Punch,Urban,Technical degree or diploma equal to degree or post-graduate degree,1057,630,427,609,396,213,53,33,20,37,22,15,395,201,194,243,110,133
B0103,01,006,District - Rajouri,Total,Total,642415,345351,297064,130377,110114,20263,160535,74638,85897,63491,39875,23616,351503,160599,190904,38311,16591,21720
B0103,01,006,District - Rajouri,Total,Illiterate,278306,120882,157424,32504,24247,8257,77510,24614,52896,24726,12725,12001,168292,72021,96271,7033,1528,5505
B0103,01,006,District - Rajouri,Total,Literate,364109,224469,139640,97873,85867,12006,83025,50024,33001,38765,27150,11615,183211,88578,94633,31278,15063,16215
B0103,01,006,District - Rajouri,Total,Literate but below matric/secondary,230983,134538,96445,38916,34378,4538,58628,35390,23238,25218,18212,7006,133439,64770,68669,13991,6459,7532
B0103,01,006,District - Rajouri,Total,Matric/secondary but below graduate,103783,71444,32339,44545,40457,4088,19344,11813,7531,10731,7179,3552,39894,19174,20720,13378,6755,6623
B0103,01,006,District - Rajouri,Total,Technical diploma or certificate not equal to degree,1015,803,212,472,420,52,122,96,26,86,68,18,421,287,134,229,162,67
B0103,01,006,District - Rajouri,Total,Graduate and above other than technical degree,14144,9234,4910,8291,6349,1942,1582,944,638,1058,637,421,4271,1941,2330,2202,989,1213
B0103,01,006,District - Rajouri,Total,Technical degree or diploma equal to degree or post-graduate degree,4557,2895,1662,2683,1881,802,373,225,148,253,143,110,1501,789,712,821,401,420
B0103,01,006,District - Rajouri,Rural,Total,590101,310748,279353,105519,87376,18143,157868,73158,84710,61733,38858,22875,326714,150214,176500,32830,14458,18372
B0103,01,006,District - Rajouri,Rural,Illiterate,268891,116635,152256,31520,23494,8026,76779,24268,52511,24258,12488,11770,160592,68873,91719,6520,1447,5073
B0103,01,006,District - Rajouri,Rural,Literate,321210,194113,127097,73999,63882,10117,81089,48890,32199,37475,26370,11105,166122,81341,84781,26310,13011,13299
B0103,01,006,District - Rajouri,Rural,Literate but below matric/secondary,217864,126730,91134,35319,31020,4299,57792,34854,22938,24672,17827,6845,124753,60856,63897,12662,5930,6732
B0103,01,006,District - Rajouri,Rural,Matric/secondary but below graduate,80629,53044,27585,28164,24788,3376,18543,11370,7173,10197,6890,3307,33922,16886,17036,10946,5723,5223
B0103,01,006,District - Rajouri,Rural,Technical diploma or certificate not equal to degree,837,664,173,380,339,41,115,91,24,81,64,17,342,234,108,185,134,51
B0103,01,006,District - Rajouri,Rural,Graduate and above other than technical degree,10046,6700,3346,5724,4370,1354,1406,864,542,934,586,348,2916,1466,1450,1448,710,738
B0103,01,006,District - Rajouri,Rural,Technical degree or diploma equal to degree or post-graduate degree,3167,2087,1080,1846,1341,505,325,195,130,211,117,94,996,551,445,509,266,243
B0103,01,006,District - Rajouri,Urban,Total,52314,34603,17711,24858,22738,2120,2667,1480,1187,1758,1017,741,24789,10385,14404,5481,2133,3348
B0103,01,006,District - Rajouri,Urban,Illiterate,9415,4247,5168,984,753,231,731,346,385,468,237,231,7700,3148,4552,513,81,432
B0103,01,006,District - Rajouri,Urban,Literate,42899,30356,12543,23874,21985,1889,1936,1134,802,1290,780,510,17089,7237,9852,4968,2052,2916
B0103,01,006,District - Rajouri,Urban,Literate but below matric/secondary,13119,7808,5311,3597,3358,239,836,536,300,546,385,161,8686,3914,4772,1329,529,800
B0103,01,006,District - Rajouri,Urban,Matric/secondary but below graduate,23154,18400,4754,16381,15669,712,801,443,358,534,289,245,5972,2288,3684,2432,1032,1400
B0103,01,006,District - Rajouri,Urban,Technical diploma or certificate not equal to degree,178,139,39,92,81,11,7,5,2,5,4,1,79,53,26,44,28,16
B0103,01,006,District - Rajouri,Urban,Graduate and above other than technical degree,4098,2534,1564,2567,1979,588,176,80,96,124,51,73,1355,475,880,754,279,475
B0103,01,006,District - Rajouri,Urban,Technical degree or diploma equal to degree or post-graduate degree,1390,808,582,837,540,297,48,30,18,42,26,16,505,238,267,312,135,177
B0103,01,007,District - Kathua,Total,Total,616435,326109,290326,142847,123404,19443,57584,38144,19440,26750,19068,7682,416004,164561,251443,49518,18994,30524
B0103,01,007,District - Kathua,Total,Illiterate,227231,97610,129621,36260,27260,9000,23056,11265,11791,8934,4841,4093,167915,59085,108830,8528,1136,7392
B0103,01,007,District - Kathua,Total,Literate,389204,228499,160705,106587,96144,10443,34528,26879,7649,17816,14227,3589,248089,105476,142613,40990,17858,23132
B0103,01,007,District - Kathua,Total,Literate but below matric/secondary,230199,132694,97505,47693,44553,3140,22656,17753,4903,10976,8995,1981,159850,70388,89462,14394,5688,8706
B0103,01,007,District - Kathua,Total,Matric/secondary but below graduate,124005,75410,48595,42195,38700,3495,9951,7840,2111,5708,4492,1216,71859,28870,42989,20373,9761,10612
B0103,01,007,District - Kathua,Total,Technical diploma or certificate not equal to degree,1469,1213,256,721,654,67,60,51,9,46,40,6,688,508,180,345,264,81
B0103,01,007,District - Kathua,Total,Graduate and above other than technical degree,19176,10871,8305,9812,7458,2354,754,485,269,505,309,196,8610,2928,5682,3809,1314,2495
B0103,01,007,District - Kathua,Total,Technical degree or diploma equal to degree or post-graduate degree,7157,4351,2806,3866,2821,1045,247,150,97,194,111,83,3044,1380,1664,1509,635,874
B0103,01,007,District - Kathua,Rural,Total,526722,278126,248596,118108,102170,15938,54545,35682,18863,25344,17996,7348,354069,140274,213795,41562,15584,25978
B0103,01,007,District - Kathua,Rural,Illiterate,206358,88251,118107,33453,25045,8408,22364,10700,11664,8742,4686,4056,150541,52506,98035,8099,1027,7072
B0103,01,007,District - Kathua,Rural,Literate,320364,189875,130489,84655,77125,7530,32181,24982,7199,16602,13310,3292,203528,87768,115760,33463,14557,18906
B0103,01,007,District - Kathua,Rural,Literate but below matric/secondary,199686,116073,83613,41336,38717,2619,21372,16600,4772,10407,8485,1922,136978,60756,76222,12705,4948,7757
B0103,01,007,District - Kathua,Rural,Matric/secondary but below graduate,97902,60269,37633,32717,30011,2706,9195,7271,1924,5257,4174,1083,55990,22987,33003,16743,8057,8686
B0103,01,007,District - Kathua,Rural,Technical diploma or certificate not equal to degree,921,763,158,455,409,46,38,35,3,29,28,1,428,319,109,240,184,56
B0103,01,007,District - Kathua,Rural,Graduate and above other than technical degree,11501,6768,4733,5910,4598,1312,600,414,186,405,275,130,4991,1756,3235,2442,867,1575
B0103,01,007,District - Kathua,Rural,Technical degree or diploma equal to degree or post-graduate degree,4090,2558,1532,2271,1710,561,169,103,66,137,80,57,1650,745,905,859,352,507
B0103,01,007,District - Kathua,Urban,Total,89713,47983,41730,24739,21234,3505,3039,2462,577,1406,1072,334,61935,24287,37648,7956,3410,4546
B0103,01,007,District - Kathua,Urban,Illiterate,20873,9359,11514,2807,2215,592,692,565,127,192,155,37,17374,6579,10795,429,109,320
B0103,01,007,District - Kathua,Urban,Literate,68840,38624,30216,21932,19019,2913,2347,1897,450,1214,917,297,44561,17708,26853,7527,3301,4226
B0103,01,007,District - Kathua,Urban,Literate but below matric/secondary,30513,16621,13892,6357,5836,521,1284,1153,131,569,510,59,22872,9632,13240,1689,740,949
B0103,01,007,District - Kathua,Urban,Matric/secondary but below graduate,26103,15141,10962,9478,8689,789,756,569,187,451,318,133,15869,5883,9986,3630,1704,1926
B0103,01,007,District - Kathua,Urban,Technical diploma or certificate not equal to degree,548,450,98,266,245,21,22,16,6,17,12,5,260,189,71,105,80,25
B0103,01,007,District - Kathua,Urban,Graduate and above other than technical degree,7675,4103,3572,3902,2860,1042,154,71,83,100,34,66,3619,1172,2447,1367,447,920
B0103,01,007,District - Kathua,Urban,Technical degree or diploma equal to degree or post-graduate degree,3067,1793,1274,1595,1111,484,78,47,31,57,31,26,1394,635,759,650,283,367
B0103,01,008,District - Baramula,Total,Total,1008039,534733,473306,187959,169496,18463,116241,80085,36156,68766,50433,18333,703839,285152,418687,99296,40306,58990
B0103,01,008,District - Baramula,Total,Illiterate,462890,197563,265327,50314,43313,7001,56661,35010,21651,29726,20040,9686,355915,119240,236675,26063,4157,21906
B0103,01,008,District - Baramula,Total,Literate,545149,337170,207979,137645,126183,11462,59580,45075,14505,39040,30393,8647,347924,165912,182012,73233,36149,37084
B0103,01,008,District - Baramula,Total,Literate but below matric/secondary,319178,185379,133799,51120,48140,2980,35833,27927,7906,22444,18108,4336,232225,109312,122913,27107,11963,15144
B0103,01,008,District - Baramula,Total,Matric/secondary but below graduate,159462,106366,53096,55993,52337,3656,17401,12751,4650,12178,9164,3014,86068,41278,44790,31207,16080,15127
B0103,01,008,District - Baramula,Total,Technical diploma or certificate not equal to degree,3156,2144,1012,1291,1130,161,337,239,98,240,171,69,1528,775,753,671,377,294
B0103,01,008,District - Baramula,Total,Graduate and above other than technical degree,34925,24251,10674,15909,13306,2603,2966,2088,878,2263,1602,661,16050,8857,7193,9493,5382,4111
B0103,01,008,District - Baramula,Total,Technical degree or diploma equal to degree or post-graduate degree,11948,7352,4596,5703,4087,1616,792,477,315,588,351,237,5453,2788,2665,3385,1700,1685
B0103,01,008,District - Baramula,Rural,Total,825539,432399,393140,132902,119420,13482,105131,72373,32758,61777,45371,16406,587506,240606,346900,76778,31558,45220
B0103,01,008,District - Baramula,Rural,Illiterate,402346,171519,230827,42687,36437,6250,53138,32569,20569,27845,18557,9288,306521,102513,204008,22333,3471,18862
B0103,01,008,District - Baramula,Rural,Literate,423193,260880,162313,90215,82983,7232,51993,39804,12189,33932,26814,7118,280985,138093,142892,54445,28087,26358
B0103,01,008,District - Baramula,Rural,Literate but below matric/secondary,266903,155556,111347,38637,36251,2386,32394,25351,7043,20265,16416,3849,195872,93954,101918,21886,9885,12001
B0103,01,008,District - Baramula,Rural,Matric/secondary but below graduate,115333,76412,38921,34681,32160,2521,14861,10993,3868,10388,7911,2477,65791,33259,32532,23378,12633,10745
B0103,01,008,District - Baramula,Rural,Technical diploma or certificate not equal to degree,1874,1293,581,689,602,87,250,187,63,174,131,43,935,504,431,405,243,162
B0103,01,008,District - Baramula,Rural,Graduate and above other than technical degree,21332,15669,5663,9141,7900,1241,2106,1585,521,1647,1262,385,10085,6184,3901,5853,3727,2126
B0103,01,008,District - Baramula,Rural,Technical degree or diploma equal to degree or post-graduate degree,6645,4507,2138,3092,2417,675,446,312,134,338,242,96,3107,1778,1329,1914,1092,822
B0103,01,008,District - Baramula,Urban,Total,182500,102334,80166,55057,50076,4981,11110,7712,3398,6989,5062,1927,116333,44546,71787,22518,8748,13770
B0103,01,008,District - Baramula,Urban,Illiterate,60544,26044,34500,7627,6876,751,3523,2441,1082,1881,1483,398,49394,16727,32667,3730,686,3044
B0103,01,008,District - Baramula,Urban,Literate,121956,76290,45666,47430,43200,4230,7587,5271,2316,5108,3579,1529,66939,27819,39120,18788,8062,10726
B0103,01,008,District - Baramula,Urban,Literate but below matric/secondary,52275,29823,22452,12483,11889,594,3439,2576,863,2179,1692,487,36353,15358,20995,5221,2078,3143
B0103,01,008,District - Baramula,Urban,Matric/secondary but below graduate,44129,29954,14175,21312,20177,1135,2540,1758,782,1790,1253,537,20277,8019,12258,7829,3447,4382
B0103,01,008,District - Baramula,Urban,Technical diploma or certificate not equal to degree,1282,851,431,602,528,74,87,52,35,66,40,26,593,271,322,266,134,132
B0103,01,008,District - Baramula,Urban,Graduate and above other than technical degree,13593,8582,5011,6768,5406,1362,860,503,357,616,340,276,5965,2673,3292,3640,1655,1985
B0103,01,008,District - Baramula,Urban,Technical degree or diploma equal to degree or post-graduate degree,5303,2845,2458,2611,1670,941,346,165,181,250,109,141,2346,1010,1336,1471,608,863
B0103,01,009,District - Bandipore,Total,Total,392232,207680,184552,75173,64904,10269,74144,36476,37668,36445,23401,13044,242915,106300,136615,30967,13372,17595
B0103,01,009,District - Bandipore,Total,Illiterate,206253,90622,115631,30107,24043,6064,46339,19129,27210,19855,11626,8229,129807,47450,82357,9850,1928,7922
B0103,01,009,District - Bandipore,Total,Literate,185979,117058,68921,45066,40861,4205,27805,17347,10458,16590,11775,4815,113108,58850,54258,21117,11444,9673
B0103,01,009,District - Bandipore,Total,Literate but below matric/secondary,113936,66876,47060,17791,16202,1589,16962,10618,6344,9502,6970,2532,79183,40056,39127,8518,4088,4430
B0103,01,009,District - Bandipore,Total,Matric/secondary but below graduate,51599,35743,15856,19040,17705,1335,7538,4680,2858,4905,3327,1578,25021,13358,11663,8615,4752,3863
B0103,01,009,District - Bandipore,Total,Technical diploma or certificate not equal to degree,575,417,158,261,234,27,71,40,31,53,35,18,243,143,100,102,64,38
B0103,01,009,District - Bandipore,Total,Graduate and above other than technical degree,8860,6450,2410,4258,3603,655,930,614,316,712,484,228,3672,2233,1439,2058,1244,814
B0103,01,009,District - Bandipore,Total,Technical degree or diploma equal to degree or post-graduate degree,3123,2198,925,1682,1292,390,285,171,114,226,126,100,1156,735,421,733,456,277
B0103,01,009,District - Bandipore,Rural,Total,326871,172263,154608,59794,51308,8486,64703,32068,32635,32025,20760,11265,202374,88887,113487,23292,9686,13606
B0103,01,009,District - Bandipore,Rural,Illiterate,178684,79030,99654,25889,20630,5259,41274,16961,24313,17971,10452,7519,111521,41439,70082,8324,1597,6727
B0103,01,009,District - Bandipore,Rural,Literate,148187,93233,54954,33905,30678,3227,23429,15107,8322,14054,10308,3746,90853,47448,43405,14968,8089,6879
B0103,01,009,District - Bandipore,Rural,Literate but below matric/secondary,95319,56151,39168,14303,12934,1369,14790,9472,5318,8356,6280,2076,66226,33745,32481,6643,3233,3410
B0103,01,009,District - Bandipore,Rural,Matric/secondary but below graduate,38557,26954,11603,13726,12741,985,6002,3915,2087,3907,2774,1133,18829,10298,8531,5982,3417,2565
B0103,01,009,District - Bandipore,Rural,Technical diploma or certificate not equal to degree,339,249,90,148,132,16,53,33,20,42,28,14,138,84,54,52,32,20
B0103,01,009,District - Bandipore,Rural,Graduate and above other than technical degree,6192,4609,1583,2905,2486,419,693,487,206,528,381,147,2594,1636,958,1383,861,522
B0103,01,009,District - Bandipore,Rural,Technical degree or diploma equal to degree or post-graduate degree,2292,1671,621,1265,989,276,213,138,75,169,103,66,814,544,270,499,323,176
B0103,01,009,District - Bandipore,Urban,Total,65361,35417,29944,15379,13596,1783,9441,4408,5033,4420,2641,1779,40541,17413,23128,7675,3686,3989
B0103,01,009,District - Bandipore,Urban,Illiterate,27569,11592,15977,4218,3413,805,5065,2168,2897,1884,1174,710,18286,6011,12275,1526,331,1195
B0103,01,009,District - Bandipore,Urban,Literate,37792,23825,13967,11161,10183,978,4376,2240,2136,2536,1467,1069,22255,11402,10853,6149,3355,2794
B0103,01,009,District - Bandipore,Urban,Literate but below matric/secondary,18617,10725,7892,3488,3268,220,2172,1146,1026,1146,690,456,12957,6311,6646,1875,855,1020
B0103,01,009,District - Bandipore,Urban,Matric/secondary but below graduate,13042,8789,4253,5314,4964,350,1536,765,771,998,553,445,6192,3060,3132,2633,1335,1298
B0103,01,009,District - Bandipore,Urban,Technical diploma or certificate not equal to degree,236,168,68,113,102,11,18,7,11,11,7,4,105,59,46,50,32,18
B0103,01,009,District - Bandipore,Urban,Graduate and above other than technical degree,2668,1841,827,1353,1117,236,237,127,110,184,103,81,1078,597,481,675,383,292
B0103,01,009,District - Bandipore,Urban,Technical degree or diploma equal to degree or post-graduate degree,831,527,304,417,303,114,72,33,39,57,23,34,342,191,151,234,133,101
B0103,01,010,District - Srinagar,Total,Total,1236829,651124,585705,330547,289800,40747,76641,43351,33290,43435,25330,18105,829641,317973,511668,166276,64278,101998
B0103,01,010,District - Srinagar,Total,Illiterate,488245,219378,268867,90086,80231,9855,30865,16547,14318,14963,8940,6023,367294,122600,244694,32754,7520,25234
B0103,01,010,District - Srinagar,Total,Literate,748584,431746,316838,240461,209569,30892,45776,26804,18972,28472,16390,12082,462347,195373,266974,133522,56758,76764
B0103,01,010,District - Srinagar,Total,Literate but below matric/secondary,305734,169536,136198,60417,56082,4335,17631,10793,6838,9525,6062,3463,227686,102661,125025,33077,14185,18892
B0103,01,010,District - Srinagar,Total,Matric/secondary but below graduate,248982,151459,97523,92798,85899,6899,15258,9067,6191,10280,5891,4389,140926,56493,84433,55248,24131,31117
B0103,01,010,District - Srinagar,Total,Technical diploma or certificate not equal to degree,22237,13017,9220,7752,6681,1071,1661,972,689,1161,665,496,12824,5364,7460,5785,2734,3051
B0103,01,010,District - Srinagar,Total,Graduate and above other than technical degree,111917,62962,48955,52112,40040,12072,7004,3582,3422,4929,2346,2583,52801,19340,33461,28794,11252,17542
B0103,01,010,District - Srinagar,Total,Technical degree or diploma equal to degree or post-graduate degree,28604,15886,12718,14801,9754,5047,1714,844,870,1227,583,644,12089,5288,6801,6764,2856,3908
B0103,01,010,District - Srinagar,Rural,Total,17313,8916,8397,2923,2737,186,2613,1553,1060,1458,973,485,11777,4626,7151,2232,938,1294
B0103,01,010,District - Srinagar,Rural,Illiterate,9385,4104,5281,1389,1288,101,1704,927,777,891,558,333,6292,1889,4403,768,143,625
B0103,01,010,District - Srinagar,Rural,Literate,7928,4812,3116,1534,1449,85,909,626,283,567,415,152,5485,2737,2748,1464,795,669
B0103,01,010,District - Srinagar,Rural,Literate but below matric/secondary,4965,2873,2092,697,674,23,621,418,203,366,268,98,3647,1781,1866,677,339,338
B0103,01,010,District - Srinagar,Rural,Matric/secondary but below graduate,2175,1416,759,523,498,25,205,152,53,143,104,39,1447,766,681,597,350,247
B0103,01,010,District - Srinagar,Rural,Technical diploma or certificate not equal to degree,89,57,32,20,20,0,21,16,5,12,10,2,48,21,27,19,9,10
B0103,01,010,District - Srinagar,Rural,Graduate and above other than technical degree,451,317,134,210,184,26,23,15,8,18,12,6,218,118,100,127,74,53
B0103,01,010,District - Srinagar,Rural,Technical degree or diploma equal to degree or post-graduate degree,76,50,26,35,28,7,7,3,4,5,2,3,34,19,15,27,13,14
B0103,01,010,District - Srinagar,Urban,Total,1219516,642208,577308,327624,287063,40561,74028,41798,32230,41977,24357,17620,817864,313347,504517,164044,63340,100704
B0103,01,010,District - Srinagar,Urban,Illiterate,478860,215274,263586,88697,78943,9754,29161,15620,13541,14072,8382,5690,361002,120711,240291,31986,7377,24609
B0103,01,010,District - Srinagar,Urban,Literate,740656,426934,313722,238927,208120,30807,44867,26178,18689,27905,15975,11930,456862,192636,264226,132058,55963,76095
B0103,01,010,District - Srinagar,Urban,Literate but below matric/secondary,300769,166663,134106,59720,55408,4312,17010,10375,6635,9159,5794,3365,224039,100880,123159,32400,13846,18554
B0103,01,010,District - Srinagar,Urban,Matric/secondary but below graduate,246807,150043,96764,92275,85401,6874,15053,8915,6138,10137,5787,4350,139479,55727,83752,54651,23781,30870
B0103,01,010,District - Srinagar,Urban,Technical diploma or certificate not equal to degree,22148,12960,9188,7732,6661,1071,1640,956,684,1149,655,494,12776,5343,7433,5766,2725,3041
B0103,01,010,District - Srinagar,Urban,Graduate and above other than technical degree,111466,62645,48821,51902,39856,12046,6981,3567,3414,4911,2334,2577,52583,19222,33361,28667,11178,17489
B0103,01,010,District - Srinagar,Urban,Technical degree or diploma equal to degree or post-graduate degree,28528,15836,12692,14766,9726,5040,1707,841,866,1222,581,641,12055,5269,6786,6737,2843,3894
B0103,01,011,District - Ganderbal,Total,Total,297446,158720,138726,52949,46779,6170,47941,26526,21415,29915,19087,10828,196556,85415,111141,30145,11745,18400
B0103,01,011,District - Ganderbal,Total,Illiterate,154170,68139,86031,18046,15028,3018,28868,13858,15010,16383,9563,6820,107256,39253,68003,10353,1752,8601
B0103,01,011,District - Ganderbal,Total,Literate,143276,90581,52695,34903,31751,3152,19073,12668,6405,13532,9524,4008,89300,46162,43138,19792,9993,9799
B0103,01,011,District - Ganderbal,Total,Literate but below matric/secondary,87723,52021,35702,13641,12556,1085,11777,7929,3848,8097,5851,2246,62305,31536,30769,8532,3898,4634
B0103,01,011,District - Ganderbal,Total,Matric/secondary but below graduate,39500,27723,11777,15282,14117,1165,5114,3309,1805,3852,2597,1255,19104,10297,8807,8133,4327,3806
B0103,01,011,District - Ganderbal,Total,Technical diploma or certificate not equal to degree,1134,776,358,442,368,74,195,122,73,163,103,60,497,286,211,247,144,103
B0103,01,011,District - Ganderbal,Total,Graduate and above other than technical degree,8312,5843,2469,3706,3177,529,834,546,288,660,447,213,3772,2120,1652,1927,1119,808
B0103,01,011,District - Ganderbal,Total,Technical degree or diploma equal to degree or post-graduate degree,1691,1162,529,873,664,209,129,88,41,95,60,35,689,410,279,456,263,193
B0103,01,011,District - Ganderbal,Rural,Total,250407,133715,116692,43132,38380,4752,41366,23734,17632,25596,16905,8691,165909,71601,94308,24420,9552,14868
B0103,01,011,District - Ganderbal,Rural,Illiterate,132927,58831,74096,15429,12928,2501,25469,12778,12691,14399,8748,5651,92029,33125,58904,8824,1512,7312
B0103,01,011,District - Ganderbal,Rural,Literate,117480,74884,42596,27703,25452,2251,15897,10956,4941,11197,8157,3040,73880,38476,35404,15596,8040,7556
B0103,01,011,District - Ganderbal,Rural,Literate but below matric/secondary,73982,44100,29882,10942,10139,803,10219,7110,3109,7004,5201,1803,52821,26851,25970,7250,3391,3859
B0103,01,011,District - Ganderbal,Rural,Matric/secondary but below graduate,31334,22494,8840,12523,11617,906,4062,2741,1321,3051,2141,910,14749,8136,6613,6122,3343,2779
B0103,01,011,District - Ganderbal,Rural,Technical diploma or certificate not equal to degree,752,521,231,255,214,41,125,85,40,102,73,29,372,222,150,172,105,67
B0103,01,011,District - Ganderbal,Rural,Graduate and above other than technical degree,6062,4324,1738,2629,2317,312,544,365,179,428,300,128,2889,1642,1247,1333,813,520
B0103,01,011,District - Ganderbal,Rural,Technical degree or diploma equal to degree or post-graduate degree,1096,780,316,560,440,120,78,55,23,58,39,19,458,285,173,299,179,120
B0103,01,011,District - Ganderbal,Urban,Total,47039,25005,22034,9817,8399,1418,6575,2792,3783,4319,2182,2137,30647,13814,16833,5725,2193,3532
B0103,01,011,District - Ganderbal,Urban,Illiterate,21243,9308,11935,2617,2100,517,3399,1080,2319,1984,815,1169,15227,6128,9099,1529,240,1289
B0103,01,011,District - Ganderbal,Urban,Literate,25796,15697,10099,7200,6299,901,3176,1712,1464,2335,1367,968,15420,7686,7734,4196,1953,2243
B0103,01,011,District - Ganderbal,Urban,Literate but below matric/secondary,13741,7921,5820,2699,2417,282,1558,819,739,1093,650,443,9484,4685,4799,1282,507,775
B0103,01,011,District - Ganderbal,Urban,Matric/secondary but below graduate,8166,5229,2937,2759,2500,259,1052,568,484,801,456,345,4355,2161,2194,2011,984,1027
B0103,01,011,District - Ganderbal,Urban,Technical diploma or certificate not equal to degree,382,255,127,187,154,33,70,37,33,61,30,31,125,64,61,75,39,36
B0103,01,011,District - Ganderbal,Urban,Graduate and above other than technical degree,2250,1519,731,1077,860,217,290,181,109,232,147,85,883,478,405,594,306,288
B0103,01,011,District - Ganderbal,Urban,Technical degree or diploma equal to degree or post-graduate degree,595,382,213,313,224,89,51,33,18,37,21,16,231,125,106,157,84,73
B0103,01,012,District - Pulwama,Total,Total,560440,293064,267376,98306,89170,9136,90114,49258,40856,49614,32523,17091,372020,154636,217384,64006,24856,39150
B0103,01,012,District - Pulwama,Total,Illiterate,266482,114738,151744,25415,22415,3000,44911,20045,24866,20993,12189,8804,196156,72278,123878,15717,2531,13186
B0103,01,012,District - Pulwama,Total,Literate,293958,178326,115632,72891,66755,6136,45203,29213,15990,28621,20334,8287,175864,82358,93506,48289,22325,25964
B0103,01,012,District - Pulwama,Total,Literate but below matric/secondary,148254,83432,64822,22770,21396,1374,22340,14092,8248,13400,9616,3784,103144,47944,55200,14996,5905,9091
B0103,01,012,District - Pulwama,Total,Matric/secondary but below graduate,104952,67966,36986,34247,32025,2222,17171,11424,5747,11270,8016,3254,53534,24517,29017,22686,10755,11931
B0103,01,012,District - Pulwama,Total,Technical diploma or certificate not equal to degree,2624,1663,961,955,787,168,370,245,125,271,190,81,1299,631,668,670,351,319
B0103,01,012,District - Pulwama,Total,Graduate and above other than technical degree,24387,16669,7718,9968,8503,1465,3062,2110,952,2336,1606,730,11357,6056,5301,7198,3898,3300
B0103,01,012,District - Pulwama,Total,Technical degree or diploma equal to degree or post-graduate degree,6772,4530,2242,3209,2466,743,594,377,217,463,287,176,2969,1687,1282,1943,1079,864
B0103,01,012,District - Pulwama,Rural,Total,479978,248096,231882,77399,69977,7422,80173,43962,36211,44112,29448,14664,322406,134157,188249,54651,21355,33296
B0103,01,012,District - Pulwama,Rural,Illiterate,234799,100867,133932,22078,19471,2607,41266,18600,22666,19138,11316,7822,171455,62796,108659,14006,2219,11787
B0103,01,012,District - Pulwama,Rural,Literate,245179,147229,97950,55321,50506,4815,38907,25362,13545,24974,18132,6842,150951,71361,79590,40645,19136,21509
B0103,01,012,District - Pulwama,Rural,Literate but below matric/secondary,129375,72714,56661,19245,18071,1174,19861,12764,7097,11975,8827,3148,90269,41879,48390,13145,5145,8000
B0103,01,012,District - Pulwama,Rural,Matric/secondary but below graduate,83306,52781,30525,24027,22220,1807,14249,9453,4796,9609,6938,2671,45030,21108,23922,18891,9210,9681
B0103,01,012,District - Pulwama,Rural,Technical diploma or certificate not equal to degree,2096,1351,745,744,616,128,315,206,109,236,164,72,1037,529,508,556,293,263
B0103,01,012,District - Pulwama,Rural,Graduate and above other than technical degree,19010,13178,5832,7402,6362,1040,2461,1729,732,1961,1384,577,9147,5087,4060,5804,3293,2511
B0103,01,012,District - Pulwama,Rural,Technical degree or diploma equal to degree or post-graduate degree,5430,3754,1676,2563,2036,527,510,333,177,403,256,147,2357,1385,972,1545,894,651
B0103,01,012,District - Pulwama,Urban,Total,80462,44968,35494,20907,19193,1714,9941,5296,4645,5502,3075,2427,49614,20479,29135,9355,3501,5854
B0103,01,012,District - Pulwama,Urban,Illiterate,31683,13871,17812,3337,2944,393,3645,1445,2200,1855,873,982,24701,9482,15219,1711,312,1399
B0103,01,012,District - Pulwama,Urban,Literate,48779,31097,17682,17570,16249,1321,6296,3851,2445,3647,2202,1445,24913,10997,13916,7644,3189,4455
B0103,01,012,District - Pulwama,Urban,Literate but below matric/secondary,18879,10718,8161,3525,3325,200,2479,1328,1151,1425,789,636,12875,6065,6810,1851,760,1091
B0103,01,012,District - Pulwama,Urban,Matric/secondary but below graduate,21646,15185,6461,10220,9805,415,2922,1971,951,1661,1078,583,8504,3409,5095,3795,1545,2250
B0103,01,012,District - Pulwama,Urban,Technical diploma or certificate not equal to degree,528,312,216,211,171,40,55,39,16,35,26,9,262,102,160,114,58,56
B0103,01,012,District - Pulwama,Urban,Graduate and above other than technical degree,5377,3491,1886,2566,2141,425,601,381,220,375,222,153,2210,969,1241,1394,605,789
B0103,01,012,District - Pulwama,Urban,Technical degree or diploma equal to degree or post-graduate degree,1342,776,566,646,430,216,84,44,40,60,31,29,612,302,310,398,185,213
B0103,01,013,District - Shupiyan,Total,Total,266215,136480,129735,54703,48945,5758,33018,14986,18032,16582,9743,6839,178494,72549,105945,22379,9367,13012
B0103,01,013,District - Shupiyan,Total,Illiterate,129715,56125,73590,22728,19691,3037,17227,6140,11087,7216,3767,3449,89760,30294,59466,5849,1022,4827
B0103,01,013,District - Shupiyan,Total,Literate,136500,80355,56145,31975,29254,2721,15791,8846,6945,9366,5976,3390,88734,42255,46479,16530,8345,8185
B0103,01,013,District - Shupiyan,Total,Literate but below matric/secondary,78816,43903,34913,13541,12620,921,8079,4379,3700,4455,2829,1626,57196,26904,30292,5401,2434,2967
B0103,01,013,District - Shupiyan,Total,Matric/secondary but below graduate,42426,26161,16265,12219,11249,970,5749,3269,2480,3564,2250,1314,24458,11643,12815,7767,4056,3711
B0103,01,013,District - Shupiyan,Total,Technical diploma or certificate not equal to degree,719,449,270,247,218,29,85,43,42,63,37,26,387,188,199,210,115,95
B0103,01,013,District - Shupiyan,Total,Graduate and above other than technical degree,8173,5634,2539,3352,2878,474,1045,664,381,809,528,281,3776,2092,1684,2195,1234,961
B0103,01,013,District - Shupiyan,Total,Technical degree or diploma equal to degree or post-graduate degree,2271,1552,719,979,779,200,231,151,80,169,116,53,1061,622,439,671,374,297
B0103,01,013,District - Shupiyan,Rural,Total,249855,127161,122694,49037,43777,5260,31887,14499,17388,15877,9439,6438,168931,68885,100046,19551,8336,11215
B0103,01,013,District - Shupiyan,Rural,Illiterate,124599,53895,70704,22027,19076,2951,16890,6031,10859,7045,3712,3333,85682,28788,56894,5421,926,4495
B0103,01,013,District - Shupiyan,Rural,Literate,125256,73266,51990,27010,24701,2309,14997,8468,6529,8832,5727,3105,83249,40097,43152,14130,7410,6720
B0103,01,013,District - Shupiyan,Rural,Literate but below matric/secondary,75213,41895,33318,12576,11727,849,7860,4272,3588,4327,2771,1556,54777,25896,28881,4865,2225,2640
B0103,01,013,District - Shupiyan,Rural,Matric/secondary but below graduate,37273,22611,14662,9444,8609,835,5383,3079,2304,3296,2112,1184,22446,10923,11523,6650,3633,3017
B0103,01,013,District - Shupiyan,Rural,Technical diploma or certificate not equal to degree,472,310,162,159,140,19,54,35,19,49,33,16,259,135,124,115,70,45
B0103,01,013,District - Shupiyan,Rural,Graduate and above other than technical degree,6695,4725,1970,2604,2265,339,922,611,311,720,492,228,3169,1849,1320,1733,1048,685
B0103,01,013,District - Shupiyan,Rural,Technical degree or diploma equal to degree or post-graduate degree,1891,1345,546,825,671,154,199,138,61,145,107,38,867,536,331,514,309,205
B0103,01,013,District - Shupiyan,Urban,Total,16360,9319,7041,5666,5168,498,1131,487,644,705,304,401,9563,3664,5899,2828,1031,1797
B0103,01,013,District - Shupiyan,Urban,Illiterate,5116,2230,2886,701,615,86,337,109,228,171,55,116,4078,1506,2572,428,96,332
B0103,01,013,District - Shupiyan,Urban,Literate,11244,7089,4155,4965,4553,412,794,378,416,534,249,285,5485,2158,3327,2400,935,1465
B0103,01,013,District - Shupiyan,Urban,Literate but below matric/secondary,3603,2008,1595,965,893,72,219,107,112,128,58,70,2419,1008,1411,536,209,327
B0103,01,013,District - Shupiyan,Urban,Matric/secondary but below graduate,5153,3550,1603,2775,2640,135,366,190,176,268,138,130,2012,720,1292,1117,423,694
B0103,01,013,District - Shupiyan,Urban,Technical diploma or certificate not equal to degree,247,139,108,88,78,10,31,8,23,14,4,10,128,53,75,95,45,50
B0103,01,013,District - Shupiyan,Urban,Graduate and above other than technical degree,1478,909,569,748,613,135,123,53,70,89,36,53,607,243,364,462,186,276
B0103,01,013,District - Shupiyan,Urban,Technical degree or diploma equal to degree or post-graduate degree,380,207,173,154,108,46,32,13,19,24,9,15,194,86,108,157,65,92
B0103,01,014,District - Anantnag,Total,Total,1078692,559767,518925,176800,158226,18574,212884,85806,127078,114798,60788,54010,689008,315735,373273,86861,36027,50834
B0103,01,014,District - Anantnag,Total,Illiterate,533160,235350,297810,54538,48017,6521,119605,36865,82740,57366,25683,31683,359017,150468,208549,23282,4846,18436
B0103,01,014,District - Anantnag,Total,Literate,545532,324417,221115,122262,110209,12053,93279,48941,44338,57432,35105,22327,329991,165267,164724,63579,31181,32398
B0103,01,014,District - Anantnag,Total,Literate but below matric/secondary,339764,191921,147843,49498,46138,3360,56600,29405,27195,33505,20728,12777,233666,116378,117288,26407,11916,14491
B0103,01,014,District - Anantnag,Total,Matric/secondary but below graduate,145362,92926,52436,46736,42720,4016,27077,14364,12713,17441,10542,6899,71549,35842,35707,25529,13137,12392
B0103,01,014,District - Anantnag,Total,Technical diploma or certificate not equal to degree,1376,930,446,598,496,102,166,104,62,102,72,30,612,330,282,231,133,98
B0103,01,014,District - Anantnag,Total,Graduate and above other than technical degree,34492,22864,11628,15205,12449,2756,4863,2700,2163,3622,2103,1519,14424,7715,6709,8221,4414,3807
B0103,01,014,District - Anantnag,Total,Technical degree or diploma equal to degree or post-graduate degree,9361,5910,3451,5068,3582,1486,981,508,473,731,387,344,3312,1820,1492,1961,1016,945
B0103,01,014,District - Anantnag,Rural,Total,795805,411012,384793,119147,106923,12224,176801,69064,107737,92948,49606,43342,499857,235025,264832,54973,23794,31179
B0103,01,014,District - Anantnag,Rural,Illiterate,419946,185999,233947,43557,38262,5295,104302,31178,73124,49388,22329,27059,272087,116559,155528,16719,3502,13217
B0103,01,014,District - Anantnag,Rural,Literate,375859,225013,150846,75590,68661,6929,72499,37886,34613,43560,27277,16283,227770,118466,109304,38254,20292,17962
B0103,01,014,District - Anantnag,Rural,Literate but below matric/secondary,251281,142929,108352,35231,32825,2406,45606,23475,22131,26548,16682,9866,170444,86629,83815,17739,8419,9320
B0103,01,014,District - Anantnag,Rural,Matric/secondary but below graduate,91510,59645,31865,27529,25066,2463,20097,10692,9405,12576,7821,4755,43884,23887,19997,14760,8342,6418
B0103,01,014,District - Anantnag,Rural,Technical diploma or certificate not equal to degree,618,423,195,250,201,49,92,56,36,57,38,19,276,166,110,126,75,51
B0103,01,014,District - Anantnag,Rural,Graduate and above other than technical degree,17915,12663,5252,7547,6349,1198,3124,1803,1321,2300,1415,885,7244,4511,2733,4042,2546,1496
B0103,01,014,District - Anantnag,Rural,Technical degree or diploma equal to degree or post-graduate degree,4912,3469,1443,2676,2058,618,617,338,279,434,256,178,1619,1073,546,902,578,324
B0103,01,014,District - Anantnag,Urban,Total,282887,148755,134132,57653,51303,6350,36083,16742,19341,21850,11182,10668,189151,80710,108441,31888,12233,19655
B0103,01,014,District - Anantnag,Urban,Illiterate,113214,49351,63863,10981,9755,1226,15303,5687,9616,7978,3354,4624,86930,33909,53021,6563,1344,5219
B0103,01,014,District - Anantnag,Urban,Literate,169673,99404,70269,46672,41548,5124,20780,11055,9725,13872,7828,6044,102221,46801,55420,25325,10889,14436
B0103,01,014,District - Anantnag,Urban,Literate but below matric/secondary,88483,48992,39491,14267,13313,954,10994,5930,5064,6957,4046,2911,63222,29749,33473,8668,3497,5171
B0103,01,014,District - Anantnag,Urban,Matric/secondary but below graduate,53852,33281,20571,19207,17654,1553,6980,3672,3308,4865,2721,2144,27665,11955,15710,10769,4795,5974
B0103,01,014,District - Anantnag,Urban,Technical diploma or certificate not equal to degree,758,507,251,348,295,53,74,48,26,45,34,11,336,164,172,105,58,47
B0103,01,014,District - Anantnag,Urban,Graduate and above other than technical degree,16577,10201,6376,7658,6100,1558,1739,897,842,1322,688,634,7180,3204,3976,4179,1868,2311
B0103,01,014,District - Anantnag,Urban,Technical degree or diploma equal to degree or post-graduate degree,4449,2441,2008,2392,1524,868,364,170,194,297,131,166,1693,747,946,1059,438,621
B0103,01,015,District - Kulgam,Total,Total,424483,217620,206863,77812,70202,7610,82178,32115,50063,37630,19826,17804,264493,115303,149190,32974,12980,19994
B0103,01,015,District - Kulgam,Total,Illiterate,215398,92568,122830,28739,25490,3249,48015,14047,33968,18559,7716,10843,138644,53031,85613,9349,1369,7980
B0103,01,015,District - Kulgam,Total,Literate,209085,125052,84033,49073,44712,4361,34163,18068,16095,19071,12110,6961,125849,62272,63577,23625,11611,12014
B0103,01,015,District - Kulgam,Total,Literate but below matric/secondary,123753,70009,53744,20266,19070,1196,19279,10119,9160,10270,6589,3681,84208,40820,43388,8734,3704,5030
B0103,01,015,District - Kulgam,Total,Matric/secondary but below graduate,61210,38328,22882,18194,16505,1689,11251,5971,5280,6584,4146,2438,31765,15852,15913,10369,5318,5051
B0103,01,015,District - Kulgam,Total,Technical diploma or certificate not equal to degree,1616,1056,560,600,507,93,301,154,147,177,103,74,715,395,320,257,158,99
B0103,01,015,District - Kulgam,Total,Graduate and above other than technical degree,13372,9441,3931,5779,4955,824,1806,1088,718,1278,828,450,5787,3398,2389,3199,1866,1333
B0103,01,015,District - Kulgam,Total,Technical degree or diploma equal to degree or post-graduate degree,3765,2676,1089,2031,1599,432,382,235,147,252,155,97,1352,842,510,752,441,311
B0103,01,015,District - Kulgam,Rural,Total,343870,175574,168296,61043,54760,6283,65894,26646,39248,30378,16136,14242,216933,94168,122765,24178,9248,14930
B0103,01,015,District - Kulgam,Rural,Illiterate,180758,78331,102427,24648,21794,2854,39503,12156,27347,15632,6574,9058,116607,44381,72226,7550,1084,6466
B0103,01,015,District - Kulgam,Rural,Literate,163112,97243,65869,36395,32966,3429,26391,14490,11901,14746,9562,5184,100326,49787,50539,16628,8164,8464
B0103,01,015,District - Kulgam,Rural,Literate but below matric/secondary,100369,56937,43432,16204,15195,1009,15373,8348,7025,8263,5375,2888,68792,33394,35398,6320,2608,3712
B0103,01,015,District - Kulgam,Rural,Matric/secondary but below graduate,45658,28518,17140,13047,11687,1360,8350,4628,3722,4866,3144,1722,24261,12203,12058,7250,3752,3498
B0103,01,015,District - Kulgam,Rural,Technical diploma or certificate not equal to degree,1137,769,368,428,360,68,191,101,90,102,63,39,518,308,210,178,120,58
B0103,01,015,District - Kulgam,Rural,Graduate and above other than technical degree,9452,6757,2695,4065,3479,586,1300,827,473,922,625,297,4087,2451,1636,2133,1284,849
B0103,01,015,District - Kulgam,Rural,Technical degree or diploma equal to degree or post-graduate degree,2691,1952,739,1461,1162,299,282,185,97,180,120,60,948,605,343,495,301,194
B0103,01,015,District - Kulgam,Urban,Total,80613,42046,38567,16769,15442,1327,16284,5469,10815,7252,3690,3562,47560,21135,26425,8796,3732,5064
B0103,01,015,District - Kulgam,Urban,Illiterate,34640,14237,20403,4091,3696,395,8512,1891,6621,2927,1142,1785,22037,8650,13387,1799,285,1514
B0103,01,015,District - Kulgam,Urban,Literate,45973,27809,18164,12678,11746,932,7772,3578,4194,4325,2548,1777,25523,12485,13038,6997,3447,3550
B0103,01,015,District - Kulgam,Urban,Literate but below matric/secondary,23384,13072,10312,4062,3875,187,3906,1771,2135,2007,1214,793,15416,7426,7990,2414,1096,1318
B0103,01,015,District - Kulgam,Urban,Matric/secondary but below graduate,15552,9810,5742,5147,4818,329,2901,1343,1558,1718,1002,716,7504,3649,3855,3119,1566,1553
B0103,01,015,District - Kulgam,Urban,Technical diploma or certificate not equal to degree,479,287,192,172,147,25,110,53,57,75,40,35,197,87,110,79,38,41
B0103,01,015,District - Kulgam,Urban,Graduate and above other than technical degree,3920,2684,1236,1714,1476,238,506,261,245,356,203,153,1700,947,753,1066,582,484
B0103,01,015,District - Kulgam,Urban,Technical degree or diploma equal to degree or post-graduate degree,1074,724,350,570,437,133,100,50,50,72,35,37,404,237,167,257,140,117
B0103,01,016,District - Doda,Total,Total,409936,213641,196295,79377,68349,11028,72535,32795,39740,32923,20257,12666,258024,112497,145527,30176,11448,18728
B0103,01,016,District - Doda,Total,Illiterate,190853,75021,115832,20685,16017,4668,39731,12055,27676,13413,6398,7015,130437,46949,83488,8552,899,7653
B0103,01,016,District - Doda,Total,Literate,219083,138620,80463,58692,52332,6360,32804,20740,12064,19510,13859,5651,127587,65548,62039,21624,10549,11075
B0103,01,016,District - Doda,Total,Literate but below matric/secondary,131160,80605,50555,24041,22686,1355,19704,12904,6800,10914,8258,2656,87415,45015,42400,6799,3105,3694
B0103,01,016,District - Doda,Total,Matric/secondary but below graduate,69162,45573,23589,25688,22550,3138,10697,6452,4245,7200,4667,2533,32777,16571,16206,11575,5749,5826
B0103,01,016,District - Doda,Total,Technical diploma or certificate not equal to degree,649,556,93,279,256,23,50,40,10,45,37,8,320,260,60,173,137,36
B0103,01,016,District - Doda,Total,Graduate and above other than technical degree,9385,6341,3044,5207,3999,1208,670,414,256,515,325,190,3508,1928,1580,2060,1058,1002
B0103,01,016,District - Doda,Total,Technical degree or diploma equal to degree or post-graduate degree,2942,2107,835,1781,1362,419,131,84,47,99,64,35,1030,661,369,601,363,238
B0103,01,016,District - Doda,Rural,Total,377247,195430,181817,69690,60106,9584,71875,32371,39504,32565,19962,12603,235682,102953,132729,25762,9635,16127
B0103,01,016,District - Doda,Rural,Illiterate,182697,71611,111086,19917,15348,4569,39510,11944,27566,13333,6320,7013,123270,44319,78951,8127,825,7302
B0103,01,016,District - Doda,Rural,Literate,194550,123819,70731,49773,44758,5015,32365,20427,11938,19232,13642,5590,112412,58634,53778,17635,8810,8825
B0103,01,016,District - Doda,Rural,Literate but below matric/secondary,121365,74911,46454,21952,20719,1233,19502,12748,6754,10808,8163,2645,79911,41444,38467,6121,2835,3286
B0103,01,016,District - Doda,Rural,Matric/secondary but below graduate,58585,39037,19548,21088,18560,2528,10529,6337,4192,7080,4575,2505,26968,14140,12828,9307,4752,4555
B0103,01,016,District - Doda,Rural,Technical diploma or certificate not equal to degree,507,432,75,199,179,20,47,37,10,42,34,8,261,216,45,131,108,23
B0103,01,016,District - Doda,Rural,Graduate and above other than technical degree,6805,4840,1965,3785,3011,774,627,395,232,481,312,169,2393,1434,959,1364,770,594
B0103,01,016,District - Doda,Rural,Technical degree or diploma equal to degree or post-graduate degree,1994,1474,520,1199,939,260,117,73,44,88,54,34,678,462,216,360,235,125
B0103,01,016,District - Doda,Urban,Total,32689,18211,14478,9687,8243,1444,660,424,236,358,295,63,22342,9544,12798,4414,1813,2601
B0103,01,016,District - Doda,Urban,Illiterate,8156,3410,4746,768,669,99,221,111,110,80,78,2,7167,2630,4537,425,74,351
B0103,01,016,District - Doda,Urban,Literate,24533,14801,9732,8919,7574,1345,439,313,126,278,217,61,15175,6914,8261,3989,1739,2250
B0103,01,016,District - Doda,Urban,Literate but below matric/secondary,9795,5694,4101,2089,1967,122,202,156,46,106,95,11,7504,3571,3933,678,270,408
B0103,01,016,District - Doda,Urban,Matric/secondary but below graduate,10577,6536,4041,4600,3990,610,168,115,53,120,92,28,5809,2431,3378,2268,997,1271
B0103,01,016,District - Doda,Urban,Technical diploma or certificate not equal to degree,142,124,18,80,77,3,3,3,0,3,3,0,59,44,15,42,29,13
B0103,01,016,District - Doda,Urban,Graduate and above other than technical degree,2580,1501,1079,1422,988,434,43,19,24,34,13,21,1115,494,621,696,288,408
B0103,01,016,District - Doda,Urban,Technical degree or diploma equal to degree or post-graduate degree,948,633,315,582,423,159,14,11,3,11,10,1,352,199,153,241,128,113
B0103,01,017,District - Ramban,Total,Total,283713,149132,134581,52051,46507,5544,35161,21969,13192,18186,13385,4801,196501,80656,115845,19640,7731,11909
B0103,01,017,District - Ramban,Total,Illiterate,159648,66194,93454,20383,17055,3328,22022,11156,10866,10009,6254,3755,117243,37983,79260,8170,1159,7011
B0103,01,017,District - Ramban,Total,Literate,124065,82938,41127,31668,29452,2216,13139,10813,2326,8177,7131,1046,79258,42673,36585,11470,6572,4898
B0103,01,017,District - Ramban,Total,Literate but below matric/secondary,80752,51797,28955,14056,13413,643,8369,7038,1331,4919,4413,506,58327,31346,26981,4574,2520,2054
B0103,01,017,District - Ramban,Total,Matric/secondary but below graduate,31937,23089,8848,12580,11652,928,3290,2633,657,2361,1971,390,16067,8804,7263,5420,3199,2221
B0103,01,017,District - Ramban,Total,Technical diploma or certificate not equal to degree,420,337,83,167,152,15,29,25,4,24,20,4,224,160,64,109,85,24
B0103,01,017,District - Ramban,Total,Graduate and above other than technical degree,3848,2902,946,2284,1952,332,236,192,44,183,148,35,1328,758,570,714,432,282
B0103,01,017,District - Ramban,Total,Technical degree or diploma equal to degree or post-graduate degree,1024,779,245,597,491,106,34,31,3,19,17,2,393,257,136,195,124,71
B0103,01,017,District - Ramban,Rural,Total,271902,142317,129585,47985,42776,5209,34872,21729,13143,18008,13232,4776,189045,77812,111233,18507,7287,11220
B0103,01,017,District - Ramban,Rural,Illiterate,156708,64965,91743,20073,16774,3299,21937,11093,10844,9968,6220,3748,114698,37098,77600,8056,1141,6915
B0103,01,017,District - Ramban,Rural,Literate,115194,77352,37842,27912,26002,1910,12935,10636,2299,8040,7012,1028,74347,40714,33633,10451,6146,4305
B0103,01,017,District - Ramban,Rural,Literate but below matric/secondary,77305,49864,27441,13239,12646,593,8267,6945,1322,4856,4355,501,55799,30273,25526,4345,2423,1922
B0103,01,017,District - Ramban,Rural,Matric/secondary but below graduate,27765,20230,7535,10342,9538,804,3213,2568,645,2309,1926,383,14210,8124,6086,4860,2972,1888
B0103,01,017,District - Ramban,Rural,Technical diploma or certificate not equal to degree,333,267,66,130,118,12,28,24,4,23,19,4,175,125,50,85,66,19
B0103,01,017,District - Ramban,Rural,Graduate and above other than technical degree,3173,2468,705,1866,1618,248,219,179,40,167,136,31,1088,671,417,596,386,210
B0103,01,017,District - Ramban,Rural,Technical degree or diploma equal to degree or post-graduate degree,772,624,148,464,393,71,32,30,2,17,16,1,276,201,75,138,98,40
B0103,01,017,District - Ramban,Urban,Total,11811,6815,4996,4066,3731,335,289,240,49,178,153,25,7456,2844,4612,1133,444,689
B0103,01,017,District - Ramban,Urban,Illiterate,2940,1229,1711,310,281,29,85,63,22,41,34,7,2545,885,1660,114,18,96
B0103,01,017,District - Ramban,Urban,Literate,8871,5586,3285,3756,3450,306,204,177,27,137,119,18,4911,1959,2952,1019,426,593
B0103,01,017,District - Ramban,Urban,Literate but below matric/secondary,3447,1933,1514,817,767,50,102,93,9,63,58,5,2528,1073,1455,229,97,132
B0103,01,017,District - Ramban,Urban,Matric/secondary but below graduate,4172,2859,1313,2238,2114,124,77,65,12,52,45,7,1857,680,1177,560,227,333
B0103,01,017,District - Ramban,Urban,Technical diploma or certificate not equal to degree,87,70,17,37,34,3,1,1,0,1,1,0,49,35,14,24,19,5
B0103,01,017,District - Ramban,Urban,Graduate and above other than technical degree,675,434,241,418,334,84,17,13,4,16,12,4,240,87,153,118,46,72
B0103,01,017,District - Ramban,Urban,Technical degree or diploma equal to degree or post-graduate degree,252,155,97,133,98,35,2,1,1,2,1,1,117,56,61,57,26,31
B0103,01,018,District - Kishtwar,Total,Total,230696,120165,110531,44718,36110,8608,38256,20669,17587,22392,14408,7984,147722,63386,84336,21118,6711,14407
B0103,01,018,District - Kishtwar,Total,Illiterate,123190,51465,71725,17836,12485,5351,26071,11314,14757,14071,7648,6423,79283,27666,51617,8731,865,7866
B0103,01,018,District - Kishtwar,Total,Literate,107506,68700,38806,26882,23625,3257,12185,9355,2830,8321,6760,1561,68439,35720,32719,12387,5846,6541
B0103,01,018,District - Kishtwar,Total,Literate but below matric/secondary,66005,41316,24689,11083,10223,860,7552,5944,1608,4830,4106,724,47370,25149,22221,4023,1891,2132
B0103,01,018,District - Kishtwar,Total,Matric/secondary but below graduate,32694,21710,10984,11575,10123,1452,3846,2869,977,2967,2266,701,17273,8718,8555,6573,3105,3468
B0103,01,018,District - Kishtwar,Total,Technical diploma or certificate not equal to degree,506,418,88,211,183,28,46,33,13,38,29,9,249,202,47,137,115,22
B0103,01,018,District - Kishtwar,Total,Graduate and above other than technical degree,4352,2807,1545,2390,1839,551,222,158,64,175,125,50,1740,810,930,1088,500,588
B0103,01,018,District - Kishtwar,Total,Technical degree or diploma equal to degree or post-graduate degree,1471,929,542,832,585,247,50,32,18,35,23,12,589,312,277,349,164,185
B0103,01,018,District - Kishtwar,Rural,Total,215831,111986,103845,40259,32312,7947,37837,20328,17509,22101,14184,7917,137735,59346,78389,18547,5714,12833
B0103,01,018,District - Kishtwar,Rural,Illiterate,119719,50052,69667,17590,12271,5319,25983,11237,14746,14028,7615,6413,76146,26544,49602,8549,823,7726
B0103,01,018,District - Kishtwar,Rural,Literate,96112,61934,34178,22669,20041,2628,11854,9091,2763,8073,6569,1504,61589,32802,28787,9998,4891,5107
B0103,01,018,District - Kishtwar,Rural,Literate but below matric/secondary,62184,39172,23012,10400,9590,810,7427,5830,1597,4741,4026,715,44357,23752,20605,3651,1740,1911
B0103,01,018,District - Kishtwar,Rural,Matric/secondary but below graduate,27580,18581,8999,9419,8190,1229,3689,2752,937,2848,2182,666,14472,7639,6833,5204,2577,2627
B0103,01,018,District - Kishtwar,Rural,Technical diploma or certificate not equal to degree,324,270,54,127,113,14,42,29,13,34,25,9,155,128,27,78,69,9
B0103,01,018,District - Kishtwar,Rural,Graduate and above other than technical degree,2830,1912,918,1529,1194,335,186,136,50,146,107,39,1115,582,533,672,347,325
B0103,01,018,District - Kishtwar,Rural,Technical degree or diploma equal to degree or post-graduate degree,938,626,312,529,399,130,47,30,17,32,21,11,362,197,165,199,93,106
B0103,01,018,District - Kishtwar,Urban,Total,14865,8179,6686,4459,3798,661,419,341,78,291,224,67,9987,4040,5947,2571,997,1574
B0103,01,018,District - Kishtwar,Urban,Illiterate,3471,1413,2058,246,214,32,88,77,11,43,33,10,3137,1122,2015,182,42,140
B0103,01,018,District - Kishtwar,Urban,Literate,11394,6766,4628,4213,3584,629,331,264,67,248,191,57,6850,2918,3932,2389,955,1434
B0103,01,018,District - Kishtwar,Urban,Literate but below matric/secondary,3821,2144,1677,683,633,50,125,114,11,89,80,9,3013,1397,1616,372,151,221
B0103,01,018,District - Kishtwar,Urban,Matric/secondary but below graduate,5114,3129,1985,2156,1933,223,157,117,40,119,84,35,2801,1079,1722,1369,528,841
B0103,01,018,District - Kishtwar,Urban,Technical diploma or certificate not equal to degree,182,148,34,84,70,14,4,4,0,4,4,0,94,74,20,59,46,13
B0103,01,018,District - Kishtwar,Urban,Graduate and above other than technical degree,1522,895,627,861,645,216,36,22,14,29,18,11,625,228,397,416,153,263
B0103,01,018,District - Kishtwar,Urban,Technical degree or diploma equal to degree or post-graduate degree,533,303,230,303,186,117,3,2,1,3,2,1,227,115,112,150,71,79
B0103,01,019,District - Udhampur,Total,Total,554985,296784,258201,152442,127825,24617,91230,36020,55210,27670,17189,10481,311313,132939,178374,26152,9193,16959
B0103,01,019,District - Udhampur,Total,Illiterate,232631,99241,133390,45167,32172,12995,47415,11573,35842,9962,4611,5351,140049,55496,84553,4378,692,3686
B0103,01,019,District - Udhampur,Total,Literate,322354,197543,124811,107275,95653,11622,43815,24447,19368,17708,12578,5130,171264,77443,93821,21774,8501,13273
B0103,01,019,District - Udhampur,Total,Literate but below matric/secondary,208381,124661,83720,52530,47832,4698,32252,17956,14296,11997,8739,3258,123599,58873,64726,7861,2995,4866
B0103,01,019,District - Udhampur,Total,Matric/secondary but below graduate,83688,54940,28748,38264,34986,3278,8868,5215,3653,4588,3176,1412,36556,14739,21817,9844,4137,5707
B0103,01,019,District - Udhampur,Total,Technical diploma or certificate not equal to degree,1237,1022,215,764,683,81,65,51,14,40,33,7,408,288,120,201,139,62
B0103,01,019,District - Udhampur,Total,Graduate and above other than technical degree,14990,8597,6393,8810,6648,2162,738,358,380,418,207,211,5442,1591,3851,2425,691,1734
B0103,01,019,District - Udhampur,Total,Technical degree or diploma equal to degree or post-graduate degree,4938,2931,2007,2844,1959,885,204,112,92,117,63,54,1890,860,1030,944,399,545
B0103,01,019,District - Udhampur,Rural,Total,446777,232974,213803,110424,90442,19982,86877,33296,53581,25656,15812,9844,249476,109236,140240,16093,5861,10232
B0103,01,019,District - Udhampur,Rural,Illiterate,209895,88908,120987,42237,29819,12418,46299,10908,35391,9519,4279,5240,121359,48181,73178,3372,531,2841
B0103,01,019,District - Udhampur,Rural,Literate,236882,144066,92816,68187,60623,7564,40578,22388,18190,16137,11533,4604,128117,61055,67062,12721,5330,7391
B0103,01,019,District - Udhampur,Rural,Literate but below matric/secondary,176142,105977,70165,43771,39678,4093,30831,16922,13909,11400,8265,3135,101540,49377,52163,5621,2221,3400
B0103,01,019,District - Udhampur,Rural,Matric/secondary but below graduate,46920,29707,17213,17329,15324,2005,7642,4479,3163,3928,2758,1170,21949,9904,12045,5680,2585,3095
B0103,01,019,District - Udhampur,Rural,Technical diploma or certificate not equal to degree,273,228,45,129,114,15,35,29,6,24,19,5,109,85,24,53,43,10
B0103,01,019,District - Udhampur,Rural,Graduate and above other than technical degree,5681,3518,2163,3483,2658,825,417,223,194,242,136,106,1781,637,1144,827,284,543
B0103,01,019,District - Udhampur,Rural,Technical degree or diploma equal to degree or post-graduate degree,1488,918,570,869,613,256,88,53,35,52,30,22,531,252,279,253,112,141
B0103,01,019,District - Udhampur,Urban,Total,108208,63810,44398,42018,37383,4635,4353,2724,1629,2014,1377,637,61837,23703,38134,10059,3332,6727
B0103,01,019,District - Udhampur,Urban,Illiterate,22736,10333,12403,2930,2353,577,1116,665,451,443,332,111,18690,7315,11375,1006,161,845
B0103,01,019,District - Udhampur,Urban,Literate,85472,53477,31995,39088,35030,4058,3237,2059,1178,1571,1045,526,43147,16388,26759,9053,3171,5882
B0103,01,019,District - Udhampur,Urban,Literate but below matric/secondary,32239,18684,13555,8759,8154,605,1421,1034,387,597,474,123,22059,9496,12563,2240,774,1466
B0103,01,019,District - Udhampur,Urban,Matric/secondary but below graduate,36768,25233,11535,20935,19662,1273,1226,736,490,660,418,242,14607,4835,9772,4164,1552,2612
B0103,01,019,District - Udhampur,Urban,Technical diploma or certificate not equal to degree,964,794,170,635,569,66,30,22,8,16,14,2,299,203,96,148,96,52
B0103,01,019,District - Udhampur,Urban,Graduate and above other than technical degree,9309,5079,4230,5327,3990,1337,321,135,186,176,71,105,3661,954,2707,1598,407,1191
B0103,01,019,District - Udhampur,Urban,Technical degree or diploma equal to degree or post-graduate degree,3450,2013,1437,1975,1346,629,116,59,57,65,33,32,1359,608,751,691,287,404
B0103,01,020,District - Reasi,Total,Total,314667,166461,148206,88462,74819,13643,56305,13936,42369,13860,6296,7564,169900,77706,92194,9115,4243,4872
B0103,01,020,District - Reasi,Total,Illiterate,164125,72524,91601,39101,30835,8266,32862,4336,28526,5097,1655,3442,92162,37353,54809,1368,251,1117
B0103,01,020,District - Reasi,Total,Literate,150542,93937,56605,49361,43984,5377,23443,9600,13843,8763,4641,4122,77738,40353,37385,7747,3992,3755
B0103,01,020,District - Reasi,Total,Literate but below matric/secondary,102993,62453,40540,26332,23816,2516,16239,6499,9740,4695,2612,2083,60422,32138,28284,2582,1396,1186
B0103,01,020,District - Reasi,Total,Matric/secondary but below graduate,38425,25914,12511,18300,16358,1942,6044,2695,3349,3546,1793,1753,14081,6861,7220,4057,2116,1941
B0103,01,020,District - Reasi,Total,Technical diploma or certificate not equal to degree,264,214,50,139,127,12,22,16,6,15,12,3,103,71,32,41,29,12
B0103,01,020,District - Reasi,Total,Graduate and above other than technical degree,4110,2447,1663,2354,1819,535,302,116,186,211,86,125,1454,512,942,685,258,427
B0103,01,020,District - Reasi,Total,Technical degree or diploma equal to degree or post-graduate degree,1382,918,464,671,501,170,81,49,32,55,29,26,630,368,262,274,157,117
B0103,01,020,District - Reasi,Rural,Total,287671,151481,136190,79390,67032,12358,54479,13152,41327,13145,5830,7315,153802,71297,82505,7506,3603,3903
B0103,01,020,District - Reasi,Rural,Illiterate,156343,68979,87364,37634,29775,7859,32009,4067,27942,4837,1489,3348,86700,35137,51563,1256,222,1034
B0103,01,020,District - Reasi,Rural,Literate,131328,82502,48826,41756,37257,4499,22470,9085,13385,8308,4341,3967,67102,36160,30942,6250,3381,2869
B0103,01,020,District - Reasi,Rural,Literate but below matric/secondary,93967,57368,36599,23916,21671,2245,15616,6173,9443,4444,2440,2004,54435,29524,24911,2276,1265,1011
B0103,01,020,District - Reasi,Rural,Matric/secondary but below graduate,30884,21015,9869,14370,12763,1607,5775,2546,3229,3385,1689,1696,10739,5706,5033,3299,1807,1492
B0103,01,020,District - Reasi,Rural,Technical diploma or certificate not equal to degree,159,132,27,91,81,10,19,15,4,13,11,2,49,36,13,18,13,5
B0103,01,020,District - Reasi,Rural,Graduate and above other than technical degree,2705,1709,996,1651,1285,366,264,103,161,188,77,111,790,321,469,432,174,258
B0103,01,020,District - Reasi,Rural,Technical degree or diploma equal to degree or post-graduate degree,898,624,274,429,318,111,73,44,29,50,26,24,396,262,134,164,102,62
B0103,01,020,District - Reasi,Urban,Total,26996,14980,12016,9072,7787,1285,1826,784,1042,715,466,249,16098,6409,9689,1609,640,969
B0103,01,020,District - Reasi,Urban,Illiterate,7782,3545,4237,1467,1060,407,853,269,584,260,166,94,5462,2216,3246,112,29,83
B0103,01,020,District - Reasi,Urban,Literate,19214,11435,7779,7605,6727,878,973,515,458,455,300,155,10636,4193,6443,1497,611,886
B0103,01,020,District - Reasi,Urban,Literate but below matric/secondary,9026,5085,3941,2416,2145,271,623,326,297,251,172,79,5987,2614,3373,306,131,175
B0103,01,020,District - Reasi,Urban,Matric/secondary but below graduate,7541,4899,2642,3930,3595,335,269,149,120,161,104,57,3342,1155,2187,758,309,449
B0103,01,020,District - Reasi,Urban,Technical diploma or certificate not equal to degree,105,82,23,48,46,2,3,1,2,2,1,1,54,35,19,23,16,7
B0103,01,020,District - Reasi,Urban,Graduate and above other than technical degree,1405,738,667,703,534,169,38,13,25,23,9,14,664,191,473,253,84,169
B0103,01,020,District - Reasi,Urban,Technical degree or diploma equal to degree or post-graduate degree,484,294,190,242,183,59,8,5,3,5,3,2,234,106,128,110,55,55
B0103,01,021,District - Jammu,Total,Total,1529958,813821,716137,410344,351974,58370,98278,65482,32796,43912,31229,12683,1021336,396365,624971,137791,57740,80051
B0103,01,021,District - Jammu,Total,Illiterate,392823,171905,220918,50303,39136,11167,26332,14798,11534,8731,5639,3092,316188,117971,198217,10991,2726,8265
B0103,01,021,District - Jammu,Total,Literate,1137135,641916,495219,360041,312838,47203,71946,50684,21262,35181,25590,9591,705148,278394,426754,126800,55014,71786
B0103,01,021,District - Jammu,Total,Literate but below matric/secondary,533949,296210,237739,115432,105464,9968,40430,30227,10203,18740,14905,3835,378087,160519,217568,36373,16203,20170
B0103,01,021,District - Jammu,Total,Matric/secondary but below graduate,402477,234818,167659,146900,134000,12900,22182,15306,6876,11808,8265,3543,233395,85512,147883,60665,27839,32826
B0103,01,021,District - Jammu,Total,Technical diploma or certificate not equal to degree,7757,5865,1892,3914,3402,512,328,234,94,185,133,52,3515,2229,1286,1384,878,506
B0103,01,021,District - Jammu,Total,Graduate and above other than technical degree,119256,63439,55817,59741,44252,15489,4498,2219,2279,2314,1062,1252,55017,16968,38049,18195,5845,12350
B0103,01,021,District - Jammu,Total,Technical degree or diploma equal to degree or post-graduate degree,41256,23799,17457,21328,14645,6683,1571,824,747,927,455,472,18357,8330,10027,7545,3289,4256
B0103,01,021,District - Jammu,Rural,Total,764945,401603,363342,170857,150228,20629,65851,45288,20563,29294,22055,7239,528237,206087,322150,64607,28334,36273
B0103,01,021,District - Jammu,Rural,Illiterate,240064,103403,136661,31565,24888,6677,19187,10478,8709,5920,3802,2118,189312,68037,121275,6630,1530,5100
B0103,01,021,District - Jammu,Rural,Literate,524881,298200,226681,139292,125340,13952,46664,34810,11854,23374,18253,5121,338925,138050,200875,57977,26804,31173
B0103,01,021,District - Jammu,Rural,Literate but below matric/secondary,319524,179961,139563,70397,64520,5877,30740,23276,7464,14713,11851,2862,218387,92165,126222,22038,9921,12117
B0103,01,021,District - Jammu,Rural,Matric/secondary but below graduate,168475,98112,70363,53694,48908,4786,13284,9765,3519,7389,5557,1832,101497,39439,62058,29558,14399,15159
B0103,01,021,District - Jammu,Rural,Technical diploma or certificate not equal to degree,1120,889,231,489,435,54,63,53,10,34,30,4,568,401,167,281,220,61
B0103,01,021,District - Jammu,Rural,Graduate and above other than technical degree,18089,9754,8335,8501,6440,2061,807,473,334,477,260,217,8781,2841,5940,3826,1329,2497
B0103,01,021,District - Jammu,Rural,Technical degree or diploma equal to degree or post-graduate degree,4784,2789,1995,2334,1695,639,173,97,76,104,54,50,2277,997,1280,1072,451,621
B0103,01,021,District - Jammu,Urban,Total,765013,412218,352795,239487,201746,37741,32427,20194,12233,14618,9174,5444,493099,190278,302821,73184,29406,43778
B0103,01,021,District - Jammu,Urban,Illiterate,152759,68502,84257,18738,14248,4490,7145,4320,2825,2811,1837,974,126876,49934,76942,4361,1196,3165
B0103,01,021,District - Jammu,Urban,Literate,612254,343716,268538,220749,187498,33251,25282,15874,9408,11807,7337,4470,366223,140344,225879,68823,28210,40613
B0103,01,021,District - Jammu,Urban,Literate but below matric/secondary,214425,116249,98176,45035,40944,4091,9690,6951,2739,4027,3054,973,159700,68354,91346,14335,6282,8053
B0103,01,021,District - Jammu,Urban,Matric/secondary but below graduate,234002,136706,97296,93206,85092,8114,8898,5541,3357,4419,2708,1711,131898,46073,85825,31107,13440,17667
B0103,01,021,District - Jammu,Urban,Technical diploma or certificate not equal to degree,6637,4976,1661,3425,2967,458,265,181,84,151,103,48,2947,1828,1119,1103,658,445
B0103,01,021,District - Jammu,Urban,Graduate and above other than technical degree,101167,53685,47482,51240,37812,13428,3691,1746,1945,1837,802,1035,46236,14127,32109,14369,4516,9853
B0103,01,021,District - Jammu,Urban,Technical degree or diploma equal to degree or post-graduate degree,36472,21010,15462,18994,12950,6044,1398,727,671,823,401,422,16080,7333,8747,6473,2838,3635
B0103,01,022,District - Samba,Total,Total,318898,169124,149774,74129,67523,6606,18397,14429,3968,9455,7809,1646,226372,87172,139200,30403,12578,17825
B0103,01,022,District - Samba,Total,Illiterate,90759,38812,51947,9776,8077,1699,4936,3271,1665,2021,1438,583,76047,27464,48583,2735,517,2218
B0103,01,022,District - Samba,Total,Literate,228139,130312,97827,64353,59446,4907,13461,11158,2303,7434,6371,1063,150325,59708,90617,27668,12061,15607
B0103,01,022,District - Samba,Total,Literate but below matric/secondary,123562,68589,54973,25966,24565,1401,8504,7133,1371,4558,3999,559,89092,36891,52201,8590,3518,5072
B0103,01,022,District - Samba,Total,Matric/secondary but below graduate,83770,50088,33682,28932,27223,1709,4118,3424,694,2408,2042,366,50720,19441,31279,14676,7031,7645
B0103,01,022,District - Samba,Total,Technical diploma or certificate not equal to degree,980,817,163,544,504,40,25,17,8,19,13,6,411,296,115,214,157,57
B0103,01,022,District - Samba,Total,Graduate and above other than technical degree,11326,5994,5332,5306,4119,1187,298,182,116,187,103,84,5722,1693,4029,2853,845,2008
B0103,01,022,District - Samba,Total,Technical degree or diploma equal to degree or post-graduate degree,3073,1728,1345,1490,1059,431,75,46,29,51,30,21,1508,623,885,832,310,522
B0103,01,022,District - Samba,Rural,Total,265283,139365,125918,57788,52677,5111,17121,13446,3675,8667,7162,1505,190374,73242,117132,24582,10130,14452
B0103,01,022,District - Samba,Rural,Illiterate,79537,33915,45622,8639,7217,1422,4658,3082,1576,1886,1337,549,66240,23616,42624,2340,414,1926
B0103,01,022,District - Samba,Rural,Literate,185746,105450,80296,49149,45460,3689,12463,10364,2099,6781,5825,956,124134,49626,74508,22242,9716,12526
B0103,01,022,District - Samba,Rural,Literate but below matric/secondary,105782,58742,47040,21855,20676,1179,7973,6683,1290,4223,3701,522,75954,31383,44571,7318,2924,4394
B0103,01,022,District - Samba,Rural,Matric/secondary but below graduate,65788,38923,26865,21204,19905,1299,3777,3156,621,2176,1847,329,40807,15862,24945,11920,5758,6162
B0103,01,022,District - Samba,Rural,Technical diploma or certificate not equal to degree,710,606,104,413,384,29,21,14,7,18,12,6,276,208,68,148,112,36
B0103,01,022,District - Samba,Rural,Graduate and above other than technical degree,7543,3966,3577,3515,2702,813,231,144,87,136,74,62,3797,1120,2677,1889,553,1336
B0103,01,022,District - Samba,Rural,Technical degree or diploma equal to degree or post-graduate degree,2062,1176,886,988,716,272,52,34,18,34,22,12,1022,426,596,567,213,354
B0103,01,022,District - Samba,Urban,Total,53615,29759,23856,16341,14846,1495,1276,983,293,788,647,141,35998,13930,22068,5821,2448,3373
B0103,01,022,District - Samba,Urban,Illiterate,11222,4897,6325,1137,860,277,278,189,89,135,101,34,9807,3848,5959,395,103,292
B0103,01,022,District - Samba,Urban,Literate,42393,24862,17531,15204,13986,1218,998,794,204,653,546,107,26191,10082,16109,5426,2345,3081
B0103,01,022,District - Samba,Urban,Literate but below matric/secondary,17780,9847,7933,4111,3889,222,531,450,81,335,298,37,13138,5508,7630,1272,594,678
B0103,01,022,District - Samba,Urban,Matric/secondary but below graduate,17982,11165,6817,7728,7318,410,341,268,73,232,195,37,9913,3579,6334,2756,1273,1483
B0103,01,022,District - Samba,Urban,Technical diploma or certificate not equal to degree,270,211,59,131,120,11,4,3,1,1,1,0,135,88,47,66,45,21
B0103,01,022,District - Samba,Urban,Graduate and above other than technical degree,3783,2028,1755,1791,1417,374,67,38,29,51,29,22,1925,573,1352,964,292,672
B0103,01,022,District - Samba,Urban,Technical degree or diploma equal to degree or post-graduate degree,1011,552,459,502,343,159,23,12,11,17,8,9,486,197,289,265,97,168
B0103,02,023,District - Chamba,Total,Total,519080,261320,257760,119632,87311,32321,174403,71480,102923,78804,42347,36457,225045,102529,122516,17367,7294,10073
B0103,02,023,District - Chamba,Total,Illiterate,195238,75256,119982,33046,17719,15327,62048,14162,47886,23309,7622,15687,100144,43375,56769,2252,480,1772
B0103,02,023,District - Chamba,Total,Literate,323842,186064,137778,86586,69592,16994,112355,57318,55037,55495,34725,20770,124901,59154,65747,15115,6814,8301
B0103,02,023,District - Chamba,Total,Literate but below matric/secondary,202080,112024,90056,42822,34239,8583,69553,33990,35563,28673,17966,10707,89705,43795,45910,4843,2107,2736
B0103,02,023,District - Chamba,Total,Matric/secondary but below graduate,91641,56405,35236,30205,25114,5091,34141,18962,15179,21380,13564,7816,27295,12329,14966,7467,3556,3911
B0103,02,023,District - Chamba,Total,Technical diploma or certificate not equal to degree,2512,1813,699,1227,1012,215,616,389,227,497,315,182,669,412,257,295,178,117
B0103,02,023,District - Chamba,Total,Graduate and above other than technical degree,13050,7666,5384,6675,4994,1681,2579,1442,1137,1973,1161,812,3796,1230,2566,1636,569,1067
B0103,02,023,District - Chamba,Total,Technical degree or diploma equal to degree or post-graduate degree,3318,2131,1187,1809,1371,438,611,374,237,483,306,177,898,386,512,471,211,260
B0103,02,023,District - Chamba,Rural,Total,482972,241963,241009,107944,77858,30086,172911,70477,102434,77823,41630,36193,202117,93628,108489,14544,6198,8346
B0103,02,023,District - Chamba,Rural,Illiterate,189289,72692,116597,32394,17301,15093,61807,14037,47770,23155,7528,15627,95088,41354,53734,2124,453,1671
B0103,02,023,District - Chamba,Rural,Literate,293683,169271,124412,75550,60557,14993,111104,56440,54664,54668,34102,20566,107029,52274,54755,12420,5745,6675
B0103,02,023,District - Chamba,Rural,Literate but below matric/secondary,189852,105305,84547,40310,32054,8256,68939,33523,35416,28244,17607,10637,80603,39728,40875,4363,1905,2458
B0103,02,023,District - Chamba,Rural,Matric/secondary but below graduate,79860,49520,30340,24986,20553,4433,33709,18658,15051,21114,13367,7747,21165,10309,10856,6147,2994,3153
B0103,02,023,District - Chamba,Rural,Technical diploma or certificate not equal to degree,2088,1532,556,1018,852,166,603,381,222,487,308,179,467,299,168,215,128,87
B0103,02,023,District - Chamba,Rural,Graduate and above other than technical degree,8781,5528,3253,4309,3369,940,2446,1378,1068,1886,1122,764,2026,781,1245,1026,398,628
B0103,02,023,District - Chamba,Rural,Technical degree or diploma equal to degree or post-graduate degree,2309,1586,723,1234,990,244,572,354,218,457,294,163,503,242,261,300,146,154
B0103,02,023,District - Chamba,Urban,Total,36108,19357,16751,11688,9453,2235,1492,1003,489,981,717,264,22928,8901,14027,2823,1096,1727
B0103,02,023,District - Chamba,Urban,Illiterate,5949,2564,3385,652,418,234,241,125,116,154,94,60,5056,2021,3035,128,27,101
B0103,02,023,District - Chamba,Urban,Literate,30159,16793,13366,11036,9035,2001,1251,878,373,827,623,204,17872,6880,10992,2695,1069,1626
B0103,02,023,District - Chamba,Urban,Literate but below matric/secondary,12228,6719,5509,2512,2185,327,614,467,147,429,359,70,9102,4067,5035,480,202,278
B0103,02,023,District - Chamba,Urban,Matric/secondary but below graduate,11781,6885,4896,5219,4561,658,432,304,128,266,197,69,6130,2020,4110,1320,562,758
B0103,02,023,District - Chamba,Urban,Technical diploma or certificate not equal to degree,424,281,143,209,160,49,13,8,5,10,7,3,202,113,89,80,50,30
B0103,02,023,District - Chamba,Urban,Graduate and above other than technical degree,4269,2138,2131,2366,1625,741,133,64,69,87,39,48,1770,449,1321,610,171,439
B0103,02,023,District - Chamba,Urban,Technical degree or diploma equal to degree or post-graduate degree,1009,545,464,575,381,194,39,20,19,26,12,14,395,144,251,171,65,106
B0103,02,024,District - Kangra,Total,Total,1510075,750591,759484,313915,245711,68204,361255,158045,203210,144516,84898,59618,834905,346835,488070,91234,32810,58424
B0103,02,024,District - Kangra,Total,Illiterate,357435,144148,213287,33527,19588,13939,60887,16838,44049,16862,6870,9992,263021,107722,155299,6072,1137,4935
B0103,02,024,District - Kangra,Total,Literate,1152640,606443,546197,280388,226123,54265,300368,141207,159161,127654,78028,49626,571884,239113,332771,85162,31673,53489
B0103,02,024,District - Kangra,Total,Literate but below matric/secondary,562600,280547,282053,96265,74863,21402,144388,62863,81525,50222,30085,20137,321947,142821,179126,20469,6305,14164
B0103,02,024,District - Kangra,Total,Matric/secondary but below graduate,444779,248168,196611,126366,108013,18353,126205,65135,61070,61337,39719,21618,192208,75020,117188,44607,18292,26315
B0103,02,024,District - Kangra,Total,Technical diploma or certificate not equal to degree,12703,8564,4139,4868,3649,1219,1935,1389,546,1177,884,293,5900,3526,2374,2062,1370,692
B0103,02,024,District - Kangra,Total,Graduate and above other than technical degree,79344,41738,37606,34875,26153,8722,14084,5849,8235,8549,3739,4810,30385,9736,20649,12270,3527,8743
B0103,02,024,District - Kangra,Total,Technical degree or diploma equal to degree or post-graduate degree,16020,9087,6933,7329,5166,2163,2139,1015,1124,1438,677,761,6552,2906,3646,2965,1128,1837
B0103,02,024,District - Kangra,Rural,Total,1423794,705365,718429,288085,225643,62442,357096,155085,202011,142524,83354,59170,778613,324637,453976,84413,29911,54502
B0103,02,024,District - Kangra,Rural,Illiterate,341352,136801,204551,31307,18211,13096,60001,16366,43635,16526,6649,9877,250044,102224,147820,5781,1021,4760
B0103,02,024,District - Kangra,Rural,Literate,1082442,568564,513878,256778,207432,49346,297095,138719,158376,125998,76705,49293,528569,222413,306156,78632,28890,49742
B0103,02,024,District - Kangra,Rural,Literate but below matric/secondary,535783,266346,269437,90889,70493,20396,142827,61635,81192,49493,29457,20036,302067,134218,167849,19292,5736,13556
B0103,02,024,District - Kangra,Rural,Matric/secondary but below graduate,418910,233861,185049,116924,99939,16985,125085,64262,60823,60742,39236,21506,176901,69660,107241,41701,16921,24780
B0103,02,024,District - Kangra,Rural,Technical diploma or certificate not equal to degree,11136,7665,3471,4198,3190,1008,1890,1351,539,1149,859,290,5048,3124,1924,1842,1238,604
B0103,02,024,District - Kangra,Rural,Graduate and above other than technical degree,67995,35686,32309,28727,21751,6976,13744,5649,8095,8354,3632,4722,25524,8286,17238,10729,3077,7652
B0103,02,024,District - Kangra,Rural,Technical degree or diploma equal to degree or post-graduate degree,13787,7947,5840,6228,4469,1759,2094,993,1101,1411,665,746,5465,2485,2980,2521,958,1563
B0103,02,024,District - Kangra,Urban,Total,86281,45226,41055,25830,20068,5762,4159,2960,1199,1992,1544,448,56292,22198,34094,6821,2899,3922
B0103,02,024,District - Kangra,Urban,Illiterate,16083,7347,8736,2220,1377,843,886,472,414,336,221,115,12977,5498,7479,291,116,175
B0103,02,024,District - Kangra,Urban,Literate,70198,37879,32319,23610,18691,4919,3273,2488,785,1656,1323,333,43315,16700,26615,6530,2783,3747
B0103,02,024,District - Kangra,Urban,Literate but below matric/secondary,26817,14201,12616,5376,4370,1006,1561,1228,333,729,628,101,19880,8603,11277,1177,569,608
B0103,02,024,District - Kangra,Urban,Matric/secondary but below graduate,25869,14307,11562,9442,8074,1368,1120,873,247,595,483,112,15307,5360,9947,2906,1371,1535
B0103,02,024,District - Kangra,Urban,Technical diploma or certificate not equal to degree,1567,899,668,670,459,211,45,38,7,28,25,3,852,402,450,220,132,88
B0103,02,024,District - Kangra,Urban,Graduate and above other than technical degree,11349,6052,5297,6148,4402,1746,340,200,140,195,107,88,4861,1450,3411,1541,450,1091
B0103,02,024,District - Kangra,Urban,Technical degree or diploma equal to degree or post-graduate degree,2233,1140,1093,1101,697,404,45,22,23,27,12,15,1087,421,666,444,170,274
B0103,02,025,District - Lahul & Spiti,Total,Total,31564,16588,14976,15190,8732,6458,4105,2031,2074,1962,1024,938,12269,5825,6444,1571,745,826
B0103,02,025,District - Lahul & Spiti,Total,Illiterate,9719,3691,6028,3964,1277,2687,1174,441,733,460,226,234,4581,1973,2608,120,29,91
B0103,02,025,District - Lahul & Spiti,Total,Literate,21845,12897,8948,11226,7455,3771,2931,1590,1341,1502,798,704,7688,3852,3836,1451,716,735
B0103,02,025,District - Lahul & Spiti,Total,Literate but below matric/secondary,11387,6360,5027,4843,2983,1860,1569,906,663,676,384,292,4975,2471,2504,329,140,189
B0103,02,025,District - Lahul & Spiti,Total,Matric/secondary but below graduate,6997,4296,2701,3910,2779,1131,988,479,509,594,286,308,2099,1038,1061,782,382,400
B0103,02,025,District - Lahul & Spiti,Total,Technical diploma or certificate not equal to degree,204,159,45,151,124,27,19,14,5,14,11,3,34,21,13,23,13,10
B0103,02,025,District - Lahul & Spiti,Total,Graduate and above other than technical degree,1942,1317,625,1402,1010,392,176,102,74,130,70,60,364,205,159,254,147,107
B0103,02,025,District - Lahul & Spiti,Total,Technical degree or diploma equal to degree or post-graduate degree,333,250,83,241,188,53,28,16,12,20,11,9,64,46,18,38,25,13
B0103,02,025,District - Lahul & Spiti,Rural,Total,31564,16588,14976,15190,8732,6458,4105,2031,2074,1962,1024,938,12269,5825,6444,1571,745,826
B0103,02,025,District - Lahul & Spiti,Rural,Illiterate,9719,3691,6028,3964,1277,2687,1174,441,733,460,226,234,4581,1973,2608,120,29,91
B0103,02,025,District - Lahul & Spiti,Rural,Literate,21845,12897,8948,11226,7455,3771,2931,1590,1341,1502,798,704,7688,3852,3836,1451,716,735
B0103,02,025,District - Lahul & Spiti,Rural,Literate but below matric/secondary,11387,6360,5027,4843,2983,1860,1569,906,663,676,384,292,4975,2471,2504,329,140,189
B0103,02,025,District - Lahul & Spiti,Rural,Matric/secondary but below graduate,6997,4296,2701,3910,2779,1131,988,479,509,594,286,308,2099,1038,1061,782,382,400
B0103,02,025,District - Lahul & Spiti,Rural,Technical diploma or certificate not equal to degree,204,159,45,151,124,27,19,14,5,14,11,3,34,21,13,23,13,10
B0103,02,025,District - Lahul & Spiti,Rural,Graduate and above other than technical degree,1942,1317,625,1402,1010,392,176,102,74,130,70,60,364,205,159,254,147,107
B0103,02,025,District - Lahul & Spiti,Rural,Technical degree or diploma equal to degree or post-graduate degree,333,250,83,241,188,53,28,16,12,20,11,9,64,46,18,38,25,13
B0103,02,025,District - Lahul & Spiti,Urban,Total,0,0,0,0,0,0,0,0,0,0,0,0,0,0,0,0,0,0
B0103,02,025,District - Lahul & Spiti,Urban,Illiterate,0,0,0,0,0,0,0,0,0,0,0,0,0,0,0,0,0,0
B0103,02,025,District - Lahul & Spiti,Urban,Literate,0,0,0,0,0,0,0,0,0,0,0,0,0,0,0,0,0,0
B0103,02,025,District - Lahul & Spiti,Urban,Literate but below matric/secondary,0,0,0,0,0,0,0,0,0,0,0,0,0,0,0,0,0,0
B0103,02,025,District - Lahul & Spiti,Urban,Matric/secondary but below graduate,0,0,0,0,0,0,0,0,0,0,0,0,0,0,0,0,0,0
B0103,02,025,District - Lahul & Spiti,Urban,Technical diploma or certificate not equal to degree,0,0,0,0,0,0,0,0,0,0,0,0,0,0,0,0,0,0
B0103,02,025,District - Lahul & Spiti,Urban,Graduate and above other than technical degree,0,0,0,0,0,0,0,0,0,0,0,0,0,0,0,0,0,0
B0103,02,025,District - Lahul & Spiti,Urban,Technical degree or diploma equal to degree or post-graduate degree,0,0,0,0,0,0,0,0,0,0,0,0,0,0,0,0,0,0
B0103,02,026,District - Kullu,Total,Total,437903,225452,212451,193876,119053,74823,75208,29776,45432,30538,13975,16563,168819,76623,92196,14398,5662,8736
B0103,02,026,District - Kullu,Total,Illiterate,130231,50902,79329,46388,17825,28563,15218,2729,12489,4866,1068,3798,68625,30348,38277,1504,260,1244
B0103,02,026,District - Kullu,Total,Literate,307672,174550,133122,147488,101228,46260,59990,27047,32943,25672,12907,12765,100194,46275,53919,12894,5402,7492
B0103,02,026,District - Kullu,Total,Literate but below matric/secondary,181357,99079,82278,77880,50934,26946,35856,15502,20354,12701,6019,6682,67621,32643,34978,4063,1551,2512
B0103,02,026,District - Kullu,Total,Matric/secondary but below graduate,89800,53896,35904,46902,34413,12489,19144,9234,9910,10010,5308,4702,23754,10249,13505,5924,2716,3208
B0103,02,026,District - Kullu,Total,Technical diploma or certificate not equal to degree,1751,1257,494,952,768,184,210,131,79,144,89,55,589,358,231,220,135,85
B0103,02,026,District - Kullu,Total,Graduate and above other than technical degree,20589,12764,7825,12880,9605,3275,2657,1373,1284,1877,1044,833,5052,1786,3266,1957,707,1250
B0103,02,026,District - Kullu,Total,Technical degree or diploma equal to degree or post-graduate degree,3022,1936,1086,1813,1338,475,318,167,151,226,121,105,891,431,460,373,167,206
B0103,02,026,District - Kullu,Rural,Total,396512,203269,193243,178451,107083,71368,73699,29006,44693,29935,13622,16313,144362,67180,77182,10745,4416,6329
B0103,02,026,District - Kullu,Rural,Illiterate,121771,47002,74769,44610,16633,27977,14956,2632,12324,4779,1015,3764,62205,27737,34468,1260,208,1052
B0103,02,026,District - Kullu,Rural,Literate,274741,156267,118474,133841,90450,43391,58743,26374,32369,25156,12607,12549,82157,39443,42714,9485,4208,5277
B0103,02,026,District - Kullu,Rural,Literate but below matric/secondary,168311,91868,76443,73944,47732,26212,35300,15207,20093,12483,5883,6600,59067,28929,30138,3355,1298,2057
B0103,02,026,District - Kullu,Rural,Matric/secondary but below graduate,77934,47192,30742,41632,30032,11600,18687,8989,9698,9821,5199,4622,17615,8171,9444,4452,2177,2275
B0103,02,026,District - Kullu,Rural,Technical diploma or certificate not equal to degree,1229,932,297,692,576,116,202,127,75,138,86,52,335,229,106,139,93,46
B0103,02,026,District - Kullu,Rural,Graduate and above other than technical degree,15081,9741,5340,9703,7305,2398,2507,1282,1225,1807,1008,799,2871,1154,1717,1087,452,635
B0103,02,026,District - Kullu,Rural,Technical degree or diploma equal to degree or post-graduate degree,2034,1373,661,1260,965,295,296,156,140,216,117,99,478,252,226,182,93,89
B0103,02,026,District - Kullu,Urban,Total,41391,22183,19208,15425,11970,3455,1509,770,739,603,353,250,24457,9443,15014,3653,1246,2407
B0103,02,026,District - Kullu,Urban,Illiterate,8460,3900,4560,1778,1192,586,262,97,165,87,53,34,6420,2611,3809,244,52,192
B0103,02,026,District - Kullu,Urban,Literate,32931,18283,14648,13647,10778,2869,1247,673,574,516,300,216,18037,6832,11205,3409,1194,2215
B0103,02,026,District - Kullu,Urban,Literate but below matric/secondary,13046,7211,5835,3936,3202,734,556,295,261,218,136,82,8554,3714,4840,708,253,455
B0103,02,026,District - Kullu,Urban,Matric/secondary but below graduate,11866,6704,5162,5270,4381,889,457,245,212,189,109,80,6139,2078,4061,1472,539,933
B0103,02,026,District - Kullu,Urban,Technical diploma or certificate not equal to degree,522,325,197,260,192,68,8,4,4,6,3,3,254,129,125,81,42,39
B0103,02,026,District - Kullu,Urban,Graduate and above other than technical degree,5508,3023,2485,3177,2300,877,150,91,59,70,36,34,2181,632,1549,870,255,615
B0103,02,026,District - Kullu,Urban,Technical degree or diploma equal to degree or post-graduate degree,988,563,425,553,373,180,22,11,11,10,4,6,413,179,234,191,74,117
B0103,02,027,District - Mandi,Total,Total,999777,498065,501712,284154,185609,98545,288517,111855,176662,141689,65431,76258,427106,200601,226505,42475,17136,25339
B0103,02,027,District - Mandi,Total,Illiterate,276030,104396,171634,51363,20239,31124,65774,13537,52237,25652,6478,19174,158893,70620,88273,4512,827,3685
B0103,02,027,District - Mandi,Total,Literate,723747,393669,330078,232791,165370,67421,222743,98318,124425,116037,58953,57084,268213,129981,138232,37963,16309,21654
B0103,02,027,District - Mandi,Total,Literate but below matric/secondary,365504,189452,176052,93645,63549,30096,106985,44247,62738,46299,22341,23958,164874,81656,83218,8909,3195,5714
B0103,02,027,District - Mandi,Total,Matric/secondary but below graduate,272675,156249,116426,99837,74161,25676,93178,44220,48958,55132,29642,25490,79660,37868,41792,19983,9365,10618
B0103,02,027,District - Mandi,Total,Technical diploma or certificate not equal to degree,9456,6481,2975,4048,3130,918,1882,1131,751,1390,863,527,3526,2220,1306,1387,882,505
B0103,02,027,District - Mandi,Total,Graduate and above other than technical degree,45118,25451,19667,21997,15782,6215,10964,4967,5997,7779,3645,4134,12157,4702,7455,5332,1840,3492
B0103,02,027,District - Mandi,Total,Technical degree or diploma equal to degree or post-graduate degree,10505,6485,4020,5030,3688,1342,2262,1162,1100,1717,886,831,3213,1635,1578,1542,713,829
B0103,02,027,District - Mandi,Rural,Total,937140,466050,471090,263451,170165,93286,286263,110779,175484,140620,64801,75819,387426,185106,202320,35040,14613,20427
B0103,02,027,District - Mandi,Rural,Illiterate,265552,99655,165897,49931,19288,30643,65431,13416,52015,25531,6418,19113,150190,66951,83239,4170,729,3441
B0103,02,027,District - Mandi,Rural,Literate,671588,366395,305193,213520,150877,62643,220832,97363,123469,115089,58383,56706,237236,118155,119081,30870,13884,16986
B0103,02,027,District - Mandi,Rural,Literate but below matric/secondary,348366,180455,167911,89853,60405,29448,106273,43865,62408,45994,22107,23887,152240,76185,76055,7927,2826,5101
B0103,02,027,District - Mandi,Rural,Matric/secondary but below graduate,252772,145912,106860,92621,68427,24194,92342,43810,48532,54717,29408,25309,67809,33675,34134,16660,8146,8514
B0103,02,027,District - Mandi,Rural,Technical diploma or certificate not equal to degree,7521,5184,2337,3001,2332,669,1844,1107,737,1364,845,519,2676,1745,931,1010,657,353
B0103,02,027,District - Mandi,Rural,Graduate and above other than technical degree,35028,20416,14612,16350,11997,4353,10720,4871,5849,7634,3593,4041,7958,3548,4410,3483,1424,2059
B0103,02,027,District - Mandi,Rural,Technical degree or diploma equal to degree or post-graduate degree,8076,5152,2924,3683,2823,860,2206,1131,1075,1671,860,811,2187,1198,989,1046,537,509
B0103,02,027,District - Mandi,Urban,Total,62637,32015,30622,20703,15444,5259,2254,1076,1178,1069,630,439,39680,15495,24185,7435,2523,4912
B0103,02,027,District - Mandi,Urban,Illiterate,10478,4741,5737,1432,951,481,343,121,222,121,60,61,8703,3669,5034,342,98,244
B0103,02,027,District - Mandi,Urban,Literate,52159,27274,24885,19271,14493,4778,1911,955,956,948,570,378,30977,11826,19151,7093,2425,4668
B0103,02,027,District - Mandi,Urban,Literate but below matric/secondary,17138,8997,8141,3792,3144,648,712,382,330,305,234,71,12634,5471,7163,982,369,613
B0103,02,027,District - Mandi,Urban,Matric/secondary but below graduate,19903,10337,9566,7216,5734,1482,836,410,426,415,234,181,11851,4193,7658,3323,1219,2104
B0103,02,027,District - Mandi,Urban,Technical diploma or certificate not equal to degree,1935,1297,638,1047,798,249,38,24,14,26,18,8,850,475,375,377,225,152
B0103,02,027,District - Mandi,Urban,Graduate and above other than technical degree,10090,5035,5055,5647,3785,1862,244,96,148,145,52,93,4199,1154,3045,1849,416,1433
B0103,02,027,District - Mandi,Urban,Technical degree or diploma equal to degree or post-graduate degree,2429,1333,1096,1347,865,482,56,31,25,46,26,20,1026,437,589,496,176,320
B0103,02,028,District - Hamirpur,Total,Total,454768,217070,237698,126153,75390,50763,115778,43334,72444,36286,17669,18617,212837,98346,114491,17289,7826,9463
B0103,02,028,District - Hamirpur,Total,Illiterate,96677,36515,60162,11651,3780,7871,14500,2739,11761,2221,689,1532,70526,29996,40530,567,190,377
B0103,02,028,District - Hamirpur,Total,Literate,358091,180555,177536,114502,71610,42892,101278,40595,60683,34065,16980,17085,142311,68350,73961,16722,7636,9086
B0103,02,028,District - Hamirpur,Total,Literate but below matric/secondary,167987,77820,90167,41912,22125,19787,46692,16821,29871,11534,5555,5979,79383,38874,40509,3176,1310,1866
B0103,02,028,District - Hamirpur,Total,Matric/secondary but below graduate,140127,76476,63651,50222,34644,15578,42158,19015,23143,16147,8904,7243,47747,22817,24930,8428,4256,4172
B0103,02,028,District - Hamirpur,Total,Technical diploma or certificate not equal to degree,4298,2852,1446,1783,1286,497,841,520,321,440,280,160,1674,1046,628,537,365,172
B0103,02,028,District - Hamirpur,Total,Graduate and above other than technical degree,29659,15333,14326,13851,9338,4513,7384,2742,4642,4181,1511,2670,8424,3253,5171,3232,1094,2138
B0103,02,028,District - Hamirpur,Total,Technical degree or diploma equal to degree or post-graduate degree,7137,4223,2914,3411,2401,1010,1401,595,806,896,357,539,2325,1227,1098,885,394,491
B0103,02,028,District - Hamirpur,Rural,Total,423338,200748,222590,117528,68618,48910,113455,42228,71227,35441,17080,18361,192355,89902,102453,14374,6873,7501
B0103,02,028,District - Hamirpur,Rural,Illiterate,91619,34265,57354,11187,3453,7734,14171,2589,11582,2092,617,1475,66261,28223,38038,479,182,297
B0103,02,028,District - Hamirpur,Rural,Literate,331719,166483,165236,106341,65165,41176,99284,39639,59645,33349,16463,16886,126094,61679,64415,13895,6691,7204
B0103,02,028,District - Hamirpur,Rural,Literate but below matric/secondary,158730,72868,85862,40375,20846,19529,45810,16379,29431,11229,5308,5921,72545,35643,36902,2771,1188,1583
B0103,02,028,District - Hamirpur,Rural,Matric/secondary but below graduate,130327,71311,59016,47300,32131,15169,41383,18629,22754,15873,8702,7171,41644,20551,21093,7219,3794,3425
B0103,02,028,District - Hamirpur,Rural,Technical diploma or certificate not equal to degree,3589,2421,1168,1441,1029,412,822,509,313,431,273,158,1326,883,443,442,300,142
B0103,02,028,District - Hamirpur,Rural,Graduate and above other than technical degree,24928,12837,12091,11370,7545,3825,7173,2665,4508,4089,1468,2621,6385,2627,3758,2446,931,1515
B0103,02,028,District - Hamirpur,Rural,Technical degree or diploma equal to degree or post-graduate degree,5794,3461,2333,2686,1911,775,1359,576,783,873,348,525,1749,974,775,635,308,327
B0103,02,028,District - Hamirpur,Urban,Total,31430,16322,15108,8625,6772,1853,2323,1106,1217,845,589,256,20482,8444,12038,2915,953,1962
B0103,02,028,District - Hamirpur,Urban,Illiterate,5058,2250,2808,464,327,137,329,150,179,129,72,57,4265,1773,2492,88,8,80
B0103,02,028,District - Hamirpur,Urban,Literate,26372,14072,12300,8161,6445,1716,1994,956,1038,716,517,199,16217,6671,9546,2827,945,1882
B0103,02,028,District - Hamirpur,Urban,Literate but below matric/secondary,9257,4952,4305,1537,1279,258,882,442,440,305,247,58,6838,3231,3607,405,122,283
B0103,02,028,District - Hamirpur,Urban,Matric/secondary but below graduate,9800,5165,4635,2922,2513,409,775,386,389,274,202,72,6103,2266,3837,1209,462,747
B0103,02,028,District - Hamirpur,Urban,Technical diploma or certificate not equal to degree,709,431,278,342,257,85,19,11,8,9,7,2,348,163,185,95,65,30
B0103,02,028,District - Hamirpur,Urban,Graduate and above other than technical degree,4731,2496,2235,2481,1793,688,211,77,134,92,43,49,2039,626,1413,786,163,623
B0103,02,028,District - Hamirpur,Urban,Technical degree or diploma equal to degree or post-graduate degree,1343,762,581,725,490,235,42,19,23,23,9,14,576,253,323,250,86,164
B0103,02,029,District - Una,Total,Total,521173,263692,257481,134482,105932,28550,80864,35680,45184,29115,18790,10325,305827,122080,183747,27114,9466,17648
B0103,02,029,District - Una,Total,Illiterate,121458,50411,71047,15135,8977,6158,12826,3525,9301,2900,1544,1356,93497,37909,55588,1308,269,1039
B0103,02,029,District - Una,Total,Literate,399715,213281,186434,119347,96955,22392,68038,32155,35883,26215,17246,8969,212330,84171,128159,25806,9197,16609
B0103,02,029,District - Una,Total,Literate but below matric/secondary,203878,103582,100296,45657,35721,9936,34384,15307,19077,10820,7584,3236,123837,52554,71283,5922,1911,4011
B0103,02,029,District - Una,Total,Matric/secondary but below graduate,148404,84696,63708,52866,45716,7150,26865,13876,12989,11851,7895,3956,68673,25104,43569,13371,5283,8088
B0103,02,029,District - Una,Total,Technical diploma or certificate not equal to degree,5397,3899,1498,2287,1821,466,559,372,187,334,228,106,2551,1706,845,795,545,250
B0103,02,029,District - Una,Total,Graduate and above other than technical degree,25423,12346,13077,11744,8607,3137,3013,1099,1914,1817,656,1161,10666,2640,8026,4050,814,3236
B0103,02,029,District - Una,Total,Technical degree or diploma equal to degree or post-graduate degree,5386,3036,2350,2688,1880,808,549,263,286,365,184,181,2149,893,1256,972,386,586
B0103,02,029,District - Una,Rural,Total,476260,240254,236006,120533,94824,25709,78972,34351,44621,28218,18066,10152,276755,111079,165676,23987,8376,15611
B0103,02,029,District - Una,Rural,Illiterate,111279,45778,65501,12965,7611,5354,12538,3369,9169,2760,1453,1307,85776,34798,50978,1162,232,930
B0103,02,029,District - Una,Rural,Literate,364981,194476,170505,107568,87213,20355,66434,30982,35452,25458,16613,8845,190979,76281,114698,22825,8144,14681
B0103,02,029,District - Una,Rural,Literate but below matric/secondary,189399,95851,93548,42202,32743,9459,33688,14792,18896,10472,7277,3195,113509,48316,65193,5363,1698,3665
B0103,02,029,District - Una,Rural,Matric/secondary but below graduate,135682,77579,58103,48285,41669,6616,26204,13374,12830,11557,7641,3916,61193,22536,38657,12005,4728,7277
B0103,02,029,District - Una,Rural,Technical diploma or certificate not equal to degree,4552,3329,1223,1906,1533,373,539,360,179,322,222,100,2107,1436,671,690,479,211
B0103,02,029,District - Una,Rural,Graduate and above other than technical degree,20837,10070,10767,9385,6886,2499,2885,1023,1862,1758,624,1134,8567,2161,6406,3379,695,2684
B0103,02,029,District - Una,Rural,Technical degree or diploma equal to degree or post-graduate degree,4245,2415,1830,2064,1475,589,523,246,277,352,176,176,1658,694,964,774,315,459
B0103,02,029,District - Una,Urban,Total,44913,23438,21475,13949,11108,2841,1892,1329,563,897,724,173,29072,11001,18071,3127,1090,2037
B0103,02,029,District - Una,Urban,Illiterate,10179,4633,5546,2170,1366,804,288,156,132,140,91,49,7721,3111,4610,146,37,109
B0103,02,029,District - Una,Urban,Literate,34734,18805,15929,11779,9742,2037,1604,1173,431,757,633,124,21351,7890,13461,2981,1053,1928
B0103,02,029,District - Una,Urban,Literate but below matric/secondary,14479,7731,6748,3455,2978,477,696,515,181,348,307,41,10328,4238,6090,559,213,346
B0103,02,029,District - Una,Urban,Matric/secondary but below graduate,12722,7117,5605,4581,4047,534,661,502,159,294,254,40,7480,2568,4912,1366,555,811
B0103,02,029,District - Una,Urban,Technical diploma or certificate not equal to degree,845,570,275,381,288,93,20,12,8,12,6,6,444,270,174,105,66,39
B0103,02,029,District - Una,Urban,Graduate and above other than technical degree,4586,2276,2310,2359,1721,638,128,76,52,59,32,27,2099,479,1620,671,119,552
B0103,02,029,District - Una,Urban,Technical degree or diploma equal to degree or post-graduate degree,1141,621,520,624,405,219,26,17,9,13,8,5,491,199,292,198,71,127
B0103,02,030,District - Bilaspur,Total,Total,381956,192764,189192,103406,73400,30006,102465,38143,64322,42250,21243,21007,176085,81221,94864,17538,8137,9401
B0103,02,030,District - Bilaspur,Total,Illiterate,94336,37165,57171,11379,5402,5977,19199,4041,15158,3920,1303,2617,63758,27722,36036,931,262,669
B0103,02,030,District - Bilaspur,Total,Literate,287620,155599,132021,92027,67998,24029,83266,34102,49164,38330,19940,18390,112327,53499,58828,16607,7875,8732
B0103,02,030,District - Bilaspur,Total,Literate but below matric/secondary,142668,70688,71980,34062,23107,10955,41505,15358,26147,15238,7705,7533,67101,32223,34878,3633,1568,2065
B0103,02,030,District - Bilaspur,Total,Matric/secondary but below graduate,109831,64716,45115,41031,32495,8536,33756,15534,18222,17836,10006,7830,35044,16687,18357,8806,4533,4273
B0103,02,030,District - Bilaspur,Total,Technical diploma or certificate not equal to degree,3847,2666,1181,1717,1358,359,679,406,273,482,297,185,1451,902,549,641,395,246
B0103,02,030,District - Bilaspur,Total,Graduate and above other than technical degree,22813,12841,9972,11430,8348,3082,5375,2074,3301,3741,1473,2268,6008,2419,3589,2648,946,1702
B0103,02,030,District - Bilaspur,Total,Technical degree or diploma equal to degree or post-graduate degree,5196,3240,1956,2739,2059,680,952,414,538,661,289,372,1505,767,738,757,374,383
B0103,02,030,District - Bilaspur,Rural,Total,356827,179653,177174,95053,66989,28064,100638,37548,63090,41500,20882,20618,161136,75116,86020,15626,7484,8142
B0103,02,030,District - Bilaspur,Rural,Illiterate,90011,35166,54845,10768,4987,5781,18937,3974,14963,3834,1264,2570,60306,26205,34101,883,246,637
B0103,02,030,District - Bilaspur,Rural,Literate,266816,144487,122329,84285,62002,22283,81701,33574,48127,37666,19618,18048,100830,48911,51919,14743,7238,7505
B0103,02,030,District - Bilaspur,Rural,Literate but below matric/secondary,134893,66611,68282,32310,21655,10655,40869,15130,25739,15022,7574,7448,61714,29826,31888,3393,1473,1920
B0103,02,030,District - Bilaspur,Rural,Matric/secondary but below graduate,102067,60553,41514,38111,30103,8008,33104,15318,17786,17558,9869,7689,30852,15132,15720,7978,4218,3760
B0103,02,030,District - Bilaspur,Rural,Technical diploma or certificate not equal to degree,3411,2381,1030,1468,1177,291,667,402,265,477,296,181,1276,802,474,567,349,218
B0103,02,030,District - Bilaspur,Rural,Graduate and above other than technical degree,19028,10831,8197,9197,6781,2416,5156,2010,3146,3602,1431,2171,4675,2040,2635,2076,826,1250
B0103,02,030,District - Bilaspur,Rural,Technical degree or diploma equal to degree or post-graduate degree,4315,2739,1576,2227,1706,521,920,402,518,639,280,359,1168,631,537,615,318,297
B0103,02,030,District - Bilaspur,Urban,Total,25129,13111,12018,8353,6411,1942,1827,595,1232,750,361,389,14949,6105,8844,1912,653,1259
B0103,02,030,District - Bilaspur,Urban,Illiterate,4325,1999,2326,611,415,196,262,67,195,86,39,47,3452,1517,1935,48,16,32
B0103,02,030,District - Bilaspur,Urban,Literate,20804,11112,9692,7742,5996,1746,1565,528,1037,664,322,342,11497,4588,6909,1864,637,1227
B0103,02,030,District - Bilaspur,Urban,Literate but below matric/secondary,7775,4077,3698,1752,1452,300,636,228,408,216,131,85,5387,2397,2990,240,95,145
B0103,02,030,District - Bilaspur,Urban,Matric/secondary but below graduate,7764,4163,3601,2920,2392,528,652,216,436,278,137,141,4192,1555,2637,828,315,513
B0103,02,030,District - Bilaspur,Urban,Technical diploma or certificate not equal to degree,436,285,151,249,181,68,12,4,8,5,1,4,175,100,75,74,46,28
B0103,02,030,District - Bilaspur,Urban,Graduate and above other than technical degree,3785,2010,1775,2233,1567,666,219,64,155,139,42,97,1333,379,954,572,120,452
B0103,02,030,District - Bilaspur,Urban,Technical degree or diploma equal to degree or post-graduate degree,881,501,380,512,353,159,32,12,20,22,9,13,337,136,201,142,56,86
B0103,02,031,District - Solan,Total,Total,580320,308754,271566,219235,158008,61227,79502,31993,47509,28093,15908,12185,281583,118753,162830,19965,7962,12003
B0103,02,031,District - Solan,Total,Illiterate,151742,64382,87360,34811,17669,17142,17718,4223,13495,3932,1627,2305,99213,42490,56723,1457,368,1089
B0103,02,031,District - Solan,Total,Literate,428578,244372,184206,184424,140339,44085,61784,27770,34014,24161,14281,9880,182370,76263,106107,18508,7594,10914
B0103,02,031,District - Solan,Total,Literate but below matric/secondary,218509,118751,99758,75387,54485,20902,32974,14101,18873,10104,6095,4009,110148,50165,59983,4646,1898,2748
B0103,02,031,District - Solan,Total,Matric/secondary but below graduate,149319,90992,58327,74873,60354,14519,22663,10977,11686,11014,6560,4454,51783,19661,32122,8986,3952,5034
B0103,02,031,District - Solan,Total,Technical diploma or certificate not equal to degree,5713,4102,1611,3212,2691,521,499,329,170,299,196,103,2002,1082,920,520,327,193
B0103,02,031,District - Solan,Total,Graduate and above other than technical degree,35568,20003,15565,20695,15564,5131,2905,1314,1591,1667,800,867,11968,3125,8843,3222,966,2256
B0103,02,031,District - Solan,Total,Technical degree or diploma equal to degree or post-graduate degree,6374,3783,2591,3783,2709,1074,392,199,193,244,137,107,2199,875,1324,727,297,430
B0103,02,031,District - Solan,Rural,Total,478173,249736,228437,176105,122079,54026,77058,30497,46561,27238,15339,11899,225010,97160,127850,15000,6059,8941
B0103,02,031,District - Solan,Rural,Illiterate,132099,54525,77574,30798,14720,16078,17291,3979,13312,3774,1531,2243,84010,35826,48184,1188,280,908
B0103,02,031,District - Solan,Rural,Literate,346074,195211,150863,145307,107359,37948,59767,26518,33249,23464,13808,9656,141000,61334,79666,13812,5779,8033
B0103,02,031,District - Solan,Rural,Literate but below matric/secondary,188604,101073,87531,65009,45503,19506,32215,13600,18615,9863,5910,3953,91380,41970,49410,3853,1584,2269
B0103,02,031,District - Solan,Rural,Matric/secondary but below graduate,119382,72288,47094,59367,46562,12805,21938,10506,11432,10738,6358,4380,38077,15220,22857,6958,3072,3886
B0103,02,031,District - Solan,Rural,Technical diploma or certificate not equal to degree,3671,2668,1003,1916,1629,287,445,291,154,277,182,95,1310,748,562,389,241,148
B0103,02,031,District - Solan,Rural,Graduate and above other than technical degree,20638,12042,8596,12170,9083,3087,2555,1138,1417,1546,749,797,5913,1821,4092,1884,597,1287
B0103,02,031,District - Solan,Rural,Technical degree or diploma equal to degree or post-graduate degree,3459,2094,1365,2016,1463,553,322,163,159,217,123,94,1121,468,653,418,163,255
B0103,02,031,District - Solan,Urban,Total,102147,59018,43129,43130,35929,7201,2444,1496,948,855,569,286,56573,21593,34980,4965,1903,3062
B0103,02,031,District - Solan,Urban,Illiterate,19643,9857,9786,4013,2949,1064,427,244,183,158,96,62,15203,6664,8539,269,88,181
B0103,02,031,District - Solan,Urban,Literate,82504,49161,33343,39117,32980,6137,2017,1252,765,697,473,224,41370,14929,26441,4696,1815,2881
B0103,02,031,District - Solan,Urban,Literate but below matric/secondary,29905,17678,12227,10378,8982,1396,759,501,258,241,185,56,18768,8195,10573,793,314,479
B0103,02,031,District - Solan,Urban,Matric/secondary but below graduate,29937,18704,11233,15506,13792,1714,725,471,254,276,202,74,13706,4441,9265,2028,880,1148
B0103,02,031,District - Solan,Urban,Technical diploma or certificate not equal to degree,2042,1434,608,1296,1062,234,54,38,16,22,14,8,692,334,358,131,86,45
B0103,02,031,District - Solan,Urban,Graduate and above other than technical degree,14930,7961,6969,8525,6481,2044,350,176,174,121,51,70,6055,1304,4751,1338,369,969
B0103,02,031,District - Solan,Urban,Technical degree or diploma equal to degree or post-graduate degree,2915,1689,1226,1767,1246,521,70,36,34,27,14,13,1078,407,671,309,134,175
B0103,02,032,District - Sirmaur,Total,Total,529855,276289,253566,193906,134952,58954,86177,34447,51730,22943,13890,9053,249772,106890,142882,15477,6428,9049
B0103,02,032,District - Sirmaur,Total,Illiterate,167210,70672,96538,43218,23751,19467,22923,4901,18022,4172,2159,2013,101069,42020,59049,1422,273,1149
B0103,02,032,District - Sirmaur,Total,Literate,362645,205617,157028,150688,111201,39487,63254,29546,33708,18771,11731,7040,148703,64870,83833,14055,6155,7900
B0103,02,032,District - Sirmaur,Total,Literate but below matric/secondary,227201,126345,100856,83406,60078,23328,41810,19278,22532,9523,6363,3160,101985,46989,54996,4561,2071,2490
B0103,02,032,District - Sirmaur,Total,Matric/secondary but below graduate,100608,59217,41391,47724,36840,10884,17532,8353,9179,7206,4208,2998,35352,14024,21328,6224,2925,3299
B0103,02,032,District - Sirmaur,Total,Technical diploma or certificate not equal to degree,2601,1875,726,1384,1137,247,283,197,86,171,126,45,934,541,393,374,214,160
B0103,02,032,District - Sirmaur,Total,Graduate and above other than technical degree,21930,12247,9683,12441,9133,3308,2227,1068,1159,1335,707,628,7262,2046,5216,2216,686,1530
B0103,02,032,District - Sirmaur,Total,Technical degree or diploma equal to degree or post-graduate degree,3894,2417,1477,2370,1701,669,335,210,125,211,131,80,1189,506,683,454,172,282
B0103,02,032,District - Sirmaur,Rural,Total,472690,246175,226515,175818,120385,55433,84445,33293,51152,21997,13231,8766,212427,92497,119930,11274,4822,6452
B0103,02,032,District - Sirmaur,Rural,Illiterate,156254,65564,90690,41822,22727,19095,22618,4714,17904,4004,2042,1962,91814,38123,53691,1185,218,967
B0103,02,032,District - Sirmaur,Rural,Literate,316436,180611,135825,133996,97658,36338,61827,28579,33248,17993,11189,6804,120613,54374,66239,10089,4604,5485
B0103,02,032,District - Sirmaur,Rural,Literate but below matric/secondary,209013,116596,92417,79326,56576,22750,41146,18792,22354,9159,6079,3080,88541,41228,47313,3693,1670,2023
B0103,02,032,District - Sirmaur,Rural,Matric/secondary but below graduate,84954,50533,34421,41757,31658,10099,17116,8073,9043,6985,4066,2919,26081,10802,15279,4586,2208,2378
B0103,02,032,District - Sirmaur,Rural,Technical diploma or certificate not equal to degree,1826,1347,479,987,825,162,249,168,81,148,106,42,590,354,236,263,146,117
B0103,02,032,District - Sirmaur,Rural,Graduate and above other than technical degree,12881,7651,5230,7569,5564,2005,1998,949,1049,1207,637,570,3314,1138,2176,1157,440,717
B0103,02,032,District - Sirmaur,Rural,Technical degree or diploma equal to degree or post-graduate degree,2065,1327,738,1271,934,337,278,173,105,178,111,67,516,220,296,220,81,139
B0103,02,032,District - Sirmaur,Urban,Total,57165,30114,27051,18088,14567,3521,1732,1154,578,946,659,287,37345,14393,22952,4203,1606,2597
B0103,02,032,District - Sirmaur,Urban,Illiterate,10956,5108,5848,1396,1024,372,305,187,118,168,117,51,9255,3897,5358,237,55,182
B0103,02,032,District - Sirmaur,Urban,Literate,46209,25006,21203,16692,13543,3149,1427,967,460,778,542,236,28090,10496,17594,3966,1551,2415
B0103,02,032,District - Sirmaur,Urban,Literate but below matric/secondary,18188,9749,8439,4080,3502,578,664,486,178,364,284,80,13444,5761,7683,868,401,467
B0103,02,032,District - Sirmaur,Urban,Matric/secondary but below graduate,15654,8684,6970,5967,5182,785,416,280,136,221,142,79,9271,3222,6049,1638,717,921
B0103,02,032,District - Sirmaur,Urban,Technical diploma or certificate not equal to degree,775,528,247,397,312,85,34,29,5,23,20,3,344,187,157,111,68,43
B0103,02,032,District - Sirmaur,Urban,Graduate and above other than technical degree,9049,4596,4453,4872,3569,1303,229,119,110,128,70,58,3948,908,3040,1059,246,813
B0103,02,032,District - Sirmaur,Urban,Technical degree or diploma equal to degree or post-graduate degree,1829,1090,739,1099,767,332,57,37,20,33,20,13,673,286,387,234,91,143
B0103,02,033,District - Shimla,Total,Total,814010,425039,388971,311770,214980,96790,119156,43648,75508,47544,23689,23855,383084,166411,216673,41999,18283,23716
B0103,02,033,District - Shimla,Total,Illiterate,201368,82193,119175,54726,26323,28403,28171,5104,23067,6776,1893,4883,118471,50766,67705,2372,569,1803
B0103,02,033,District - Shimla,Total,Literate,612642,342846,269796,257044,188657,68387,90985,38544,52441,40768,21796,18972,264613,115645,148968,39627,17714,21913
B0103,02,033,District - Shimla,Total,Literate but below matric/secondary,283752,151793,131959,98081,68518,29563,41026,15769,25257,14031,7041,6990,144645,67506,77139,7538,3173,4365
B0103,02,033,District - Shimla,Total,Matric/secondary but below graduate,225871,131709,94162,102676,79193,23483,37935,17260,20675,20019,11179,8840,85260,35256,50004,20230,9501,10729
B0103,02,033,District - Shimla,Total,Technical diploma or certificate not equal to degree,4455,3147,1308,2444,1876,568,403,262,141,270,182,88,1608,1009,599,629,411,218
B0103,02,033,District - Shimla,Total,Graduate and above other than technical degree,75089,43522,31567,41423,30643,10780,8162,4036,4126,5051,2716,2335,25504,8843,16661,9233,3686,5547
B0103,02,033,District - Shimla,Total,Technical degree or diploma equal to degree or post-graduate degree,9841,6017,3824,5500,4015,1485,790,432,358,536,296,240,3551,1570,1981,1426,690,736
B0103,02,033,District - Shimla,Rural,Total,612659,314295,298364,237169,155587,81582,109142,39237,69905,43790,21606,22184,266348,119471,146877,24142,10909,13233
B0103,02,033,District - Shimla,Rural,Illiterate,171947,67833,104114,49231,22497,26734,26987,4660,22327,6432,1695,4737,95729,40676,55053,1756,425,1331
B0103,02,033,District - Shimla,Rural,Literate,440712,246462,194250,187938,133090,54848,82155,34577,47578,37358,19911,17447,170619,78795,91824,22386,10484,11902
B0103,02,033,District - Shimla,Rural,Literate but below matric/secondary,227381,119982,107399,82684,55259,27425,38356,14537,23819,13316,6582,6734,106341,50186,56155,5140,2188,2952
B0103,02,033,District - Shimla,Rural,Matric/secondary but below graduate,162965,96252,66713,77684,57776,19908,34256,15646,18610,18547,10365,8182,51025,22830,28195,12403,6020,6383
B0103,02,033,District - Shimla,Rural,Technical diploma or certificate not equal to degree,1987,1486,501,1047,864,183,302,193,109,214,143,71,638,429,209,284,196,88
B0103,02,033,District - Shimla,Rural,Graduate and above other than technical degree,33922,21055,12867,18784,14116,4668,6260,3192,3068,4122,2268,1854,8878,3747,5131,3744,1656,2088
B0103,02,033,District - Shimla,Rural,Technical degree or diploma equal to degree or post-graduate degree,3404,2273,1131,1939,1485,454,524,295,229,378,213,165,941,493,448,455,245,210
B0103,02,033,District - Shimla,Urban,Total,201351,110744,90607,74601,59393,15208,10014,4411,5603,3754,2083,1671,116736,46940,69796,17857,7374,10483
B0103,02,033,District - Shimla,Urban,Illiterate,29421,14360,15061,5495,3826,1669,1184,444,740,344,198,146,22742,10090,12652,616,144,472
B0103,02,033,District - Shimla,Urban,Literate,171930,96384,75546,69106,55567,13539,8830,3967,4863,3410,1885,1525,93994,36850,57144,17241,7230,10011
B0103,02,033,District - Shimla,Urban,Literate but below matric/secondary,56371,31811,24560,15397,13259,2138,2670,1232,1438,715,459,256,38304,17320,20984,2398,985,1413
B0103,02,033,District - Shimla,Urban,Matric/secondary but below graduate,62906,35457,27449,24992,21417,3575,3679,1614,2065,1472,814,658,34235,12426,21809,7827,3481,4346
B0103,02,033,District - Shimla,Urban,Technical diploma or certificate not equal to degree,2468,1661,807,1397,1012,385,101,69,32,56,39,17,970,580,390,345,215,130
B0103,02,033,District - Shimla,Urban,Graduate and above other than technical degree,41167,22467,18700,22639,16527,6112,1902,844,1058,929,448,481,16626,5096,11530,5489,2030,3459
B0103,02,033,District - Shimla,Urban,Technical degree or diploma equal to degree or post-graduate degree,6437,3744,2693,3561,2530,1031,266,137,129,158,83,75,2610,1077,1533,971,445,526
B0103,02,034,District - Kinnaur,Total,Total,84121,46249,37872,46782,29911,16871,9491,3952,5539,3937,1967,1970,27848,12386,15462,2297,986,1311
B0103,02,034,District - Kinnaur,Total,Illiterate,23422,9552,13870,10126,4086,6040,2162,565,1597,740,289,451,11134,4901,6233,191,38,153
B0103,02,034,District - Kinnaur,Total,Literate,60699,36697,24002,36656,25825,10831,7329,3387,3942,3197,1678,1519,16714,7485,9229,2106,948,1158
B0103,02,034,District - Kinnaur,Total,Literate but below matric/secondary,34158,19300,14858,18294,11952,6342,4186,1912,2274,1426,765,661,11678,5436,6242,633,279,354
B0103,02,034,District - Kinnaur,Total,Matric/secondary but below graduate,18921,12347,6574,12698,9619,3079,2314,1083,1231,1254,661,593,3909,1645,2264,1070,515,555
B0103,02,034,District - Kinnaur,Total,Technical diploma or certificate not equal to degree,476,398,78,386,345,41,24,15,9,19,11,8,66,38,28,42,20,22
B0103,02,034,District - Kinnaur,Total,Graduate and above other than technical degree,4384,2837,1547,3146,2362,784,539,256,283,356,173,183,699,219,480,290,100,190
B0103,02,034,District - Kinnaur,Total,Technical degree or diploma equal to degree or post-graduate degree,674,494,180,515,422,93,67,31,36,49,18,31,92,41,51,43,19,24
B0103,02,034,District - Kinnaur,Rural,Total,84121,46249,37872,46782,29911,16871,9491,3952,5539,3937,1967,1970,27848,12386,15462,2297,986,1311
B0103,02,034,District - Kinnaur,Rural,Illiterate,23422,9552,13870,10126,4086,6040,2162,565,1597,740,289,451,11134,4901,6233,191,38,153
B0103,02,034,District - Kinnaur,Rural,Literate,60699,36697,24002,36656,25825,10831,7329,3387,3942,3197,1678,1519,16714,7485,9229,2106,948,1158
B0103,02,034,District - Kinnaur,Rural,Literate but below matric/secondary,34158,19300,14858,18294,11952,6342,4186,1912,2274,1426,765,661,11678,5436,6242,633,279,354
B0103,02,034,District - Kinnaur,Rural,Matric/secondary but below graduate,18921,12347,6574,12698,9619,3079,2314,1083,1231,1254,661,593,3909,1645,2264,1070,515,555
B0103,02,034,District - Kinnaur,Rural,Technical diploma or certificate not equal to degree,476,398,78,386,345,41,24,15,9,19,11,8,66,38,28,42,20,22
B0103,02,034,District - Kinnaur,Rural,Graduate and above other than technical degree,4384,2837,1547,3146,2362,784,539,256,283,356,173,183,699,219,480,290,100,190
B0103,02,034,District - Kinnaur,Rural,Technical degree or diploma equal to degree or post-graduate degree,674,494,180,515,422,93,67,31,36,49,18,31,92,41,51,43,19,24
B0103,02,034,District - Kinnaur,Urban,Total,0,0,0,0,0,0,0,0,0,0,0,0,0,0,0,0,0,0
B0103,02,034,District - Kinnaur,Urban,Illiterate,0,0,0,0,0,0,0,0,0,0,0,0,0,0,0,0,0,0
B0103,02,034,District - Kinnaur,Urban,Literate,0,0,0,0,0,0,0,0,0,0,0,0,0,0,0,0,0,0
B0103,02,034,District - Kinnaur,Urban,Literate but below matric/secondary,0,0,0,0,0,0,0,0,0,0,0,0,0,0,0,0,0,0
B0103,02,034,District - Kinnaur,Urban,Matric/secondary but below graduate,0,0,0,0,0,0,0,0,0,0,0,0,0,0,0,0,0,0
B0103,02,034,District - Kinnaur,Urban,Technical diploma or certificate not equal to degree,0,0,0,0,0,0,0,0,0,0,0,0,0,0,0,0,0,0
B0103,02,034,District - Kinnaur,Urban,Graduate and above other than technical degree,0,0,0,0,0,0,0,0,0,0,0,0,0,0,0,0,0,0
B0103,02,034,District - Kinnaur,Urban,Technical degree or diploma equal to degree or post-graduate degree,0,0,0,0,0,0,0,0,0,0,0,0,0,0,0,0,0,0
B0103,03,035,District - Gurdaspur,Total,Total,2298323,1212617,1085706,625778,548676,77102,131360,88976,42384,71147,51897,19250,1541185,574965,966220,178291,72585,105706
B0103,03,035,District - Gurdaspur,Total,Illiterate,663604,304957,358647,116997,97480,19517,33578,20188,13390,16374,11078,5296,513029,187289,325740,24880,5844,19036
B0103,03,035,District - Gurdaspur,Total,Literate,1634719,907660,727059,508781,451196,57585,97782,68788,28994,54773,40819,13954,1028156,387676,640480,153411,66741,86670
B0103,03,035,District - Gurdaspur,Total,Literate but below matric/secondary,787594,425250,362344,170091,153565,16526,45002,32225,12777,24293,18867,5426,572501,239460,333041,48214,20729,27485
B0103,03,035,District - Gurdaspur,Total,Matric/secondary but below graduate,648455,380207,268248,254329,234073,20256,41904,30391,11513,24321,18457,5864,352222,115743,236479,77601,35726,41875
B0103,03,035,District - Gurdaspur,Total,Technical diploma or certificate not equal to degree,24398,14395,10003,9212,6843,2369,1231,752,479,832,542,290,13955,6800,7155,4621,2555,2066
B0103,03,035,District - Gurdaspur,Total,Graduate and above other than technical degree,93241,46516,46725,44520,33843,10677,4079,2026,2053,2258,1034,1224,44642,10647,33995,12608,3520,9088
B0103,03,035,District - Gurdaspur,Total,Technical degree or diploma equal to degree or post-graduate degree,31922,15439,16483,14111,8820,5291,1516,674,842,983,426,557,16295,5945,10350,6073,2405,3668
B0103,03,035,District - Gurdaspur,Rural,Total,1639004,855784,783220,423761,373416,50345,103491,70033,33458,57012,41740,15272,1111752,412335,699417,126966,50645,76321
B0103,03,035,District - Gurdaspur,Rural,Illiterate,522467,238932,283535,96391,80731,15660,28452,16948,11504,14078,9472,4606,397624,141253,256371,19996,4379,15617
B0103,03,035,District - Gurdaspur,Rural,Literate,1116537,616852,499685,327370,292685,34685,75039,53085,21954,42934,32268,10666,714128,271082,443046,106970,46266,60704
B0103,03,035,District - Gurdaspur,Rural,Literate but below matric/secondary,587432,314870,272562,125141,112653,12488,35910,25540,10370,19651,15201,4450,426381,176677,249704,36880,15293,21587
B0103,03,035,District - Gurdaspur,Rural,Matric/secondary but below graduate,433710,253277,180433,165301,151850,13451,32537,23708,8829,19393,14806,4587,235872,77719,158153,55363,25496,29867
B0103,03,035,District - Gurdaspur,Rural,Technical diploma or certificate not equal to degree,13228,7617,5611,4541,3323,1218,773,473,300,559,360,199,7914,3821,4093,2936,1530,1406
B0103,03,035,District - Gurdaspur,Rural,Graduate and above other than technical degree,34869,16786,18083,15906,11810,4096,1958,938,1020,1217,528,689,17005,4038,12967,5850,1584,4266
B0103,03,035,District - Gurdaspur,Rural,Technical degree or diploma equal to degree or post-graduate degree,12569,5917,6652,5094,3272,1822,696,299,397,487,201,286,6779,2346,4433,2871,1078,1793
B0103,03,035,District - Gurdaspur,Urban,Total,659319,356833,302486,202017,175260,26757,27869,18943,8926,14135,10157,3978,429433,162630,266803,51325,21940,29385
B0103,03,035,District - Gurdaspur,Urban,Illiterate,141137,66025,75112,20606,16749,3857,5126,3240,1886,2296,1606,690,115405,46036,69369,4884,1465,3419
B0103,03,035,District - Gurdaspur,Urban,Literate,518182,290808,227374,181411,158511,22900,22743,15703,7040,11839,8551,3288,314028,116594,197434,46441,20475,25966
B0103,03,035,District - Gurdaspur,Urban,Literate but below matric/secondary,200162,110380,89782,44950,40912,4038,9092,6685,2407,4642,3666,976,146120,62783,83337,11334,5436,5898
B0103,03,035,District - Gurdaspur,Urban,Matric/secondary but below graduate,214745,126930,87815,89028,82223,6805,9367,6683,2684,4928,3651,1277,116350,38024,78326,22238,10230,12008
B0103,03,035,District - Gurdaspur,Urban,Technical diploma or certificate not equal to degree,11170,6778,4392,4671,3520,1151,458,279,179,273,182,91,6041,2979,3062,1685,1025,660
B0103,03,035,District - Gurdaspur,Urban,Graduate and above other than technical degree,58372,29730,28642,28614,22033,6581,2121,1088,1033,1041,506,535,27637,6609,21028,6758,1936,4822
B0103,03,035,District - Gurdaspur,Urban,Technical degree or diploma equal to degree or post-graduate degree,19353,9522,9831,9017,5548,3469,820,375,445,496,225,271,9516,3599,5917,3202,1327,1875
B0103,03,036,District - Kapurthala ,Total,Total,815168,426311,388857,248208,213028,35180,35957,22534,13423,17254,11969,5285,531003,190749,340254,37527,15223,22304
B0103,03,036,District - Kapurthala ,Total,Illiterate,238601,110057,128544,51293,41019,10274,10553,5607,4946,5216,3165,2051,176755,63431,113324,5448,1314,4134
B0103,03,036,District - Kapurthala ,Total,Literate,576567,316254,260313,196915,172009,24906,25404,16927,8477,12038,8804,3234,354248,127318,226930,32079,13909,18170
B0103,03,036,District - Kapurthala ,Total,Literate but below matric/secondary,296057,164857,131200,79884,71712,8172,13282,9235,4047,6254,4852,1402,202891,83910,118981,10814,4980,5834
B0103,03,036,District - Kapurthala ,Total,Matric/secondary but below graduate,202846,111920,90926,81024,73101,7923,8834,5905,2929,4329,3155,1174,112988,32914,80074,14917,6682,8235
B0103,03,036,District - Kapurthala ,Total,Technical diploma or certificate not equal to degree,9132,6626,2506,5155,4429,726,302,195,107,143,93,50,3675,2002,1673,716,462,254
B0103,03,036,District - Kapurthala ,Total,Graduate and above other than technical degree,39778,18563,21215,18893,13965,4928,1423,668,755,635,274,361,19462,3930,15532,3436,887,2549
B0103,03,036,District - Kapurthala ,Total,Technical degree or diploma equal to degree or post-graduate degree,9652,4567,5085,4690,2823,1867,366,156,210,178,62,116,4596,1588,3008,1133,433,700
B0103,03,036,District - Kapurthala ,Rural,Total,532706,275932,256774,155809,134906,20903,25235,16436,8799,13075,9585,3490,351662,124590,227072,22825,9191,13634
B0103,03,036,District - Kapurthala ,Rural,Illiterate,171930,79013,92917,38372,30885,7487,8115,4423,3692,4208,2644,1564,125443,43705,81738,3825,838,2987
B0103,03,036,District - Kapurthala ,Rural,Literate,360776,196919,163857,117437,104021,13416,17120,12013,5107,8867,6941,1926,226219,80885,145334,19000,8353,10647
B0103,03,036,District - Kapurthala ,Rural,Literate but below matric/secondary,207918,115780,92138,57242,51327,5915,9905,7110,2795,5052,4045,1007,140771,57343,83428,7542,3433,4109
B0103,03,036,District - Kapurthala ,Rural,Matric/secondary but below graduate,121355,65535,55820,47002,42407,4595,5734,4011,1723,3089,2418,671,68619,19117,49502,8829,3951,4878
B0103,03,036,District - Kapurthala ,Rural,Technical diploma or certificate not equal to degree,3127,2101,1026,1504,1240,264,127,77,50,67,41,26,1496,784,712,299,171,128
B0103,03,036,District - Kapurthala ,Rural,Graduate and above other than technical degree,13552,6140,7412,6048,4580,1468,458,233,225,239,130,109,7046,1327,5719,1325,351,974
B0103,03,036,District - Kapurthala ,Rural,Technical degree or diploma equal to degree or post-graduate degree,2752,1245,1507,1214,757,457,86,42,44,43,15,28,1452,446,1006,361,126,235
B0103,03,036,District - Kapurthala ,Urban,Total,282462,150379,132083,92399,78122,14277,10722,6098,4624,4179,2384,1795,179341,66159,113182,14702,6032,8670
B0103,03,036,District - Kapurthala ,Urban,Illiterate,66671,31044,35627,12921,10134,2787,2438,1184,1254,1008,521,487,51312,19726,31586,1623,476,1147
B0103,03,036,District - Kapurthala ,Urban,Literate,215791,119335,96456,79478,67988,11490,8284,4914,3370,3171,1863,1308,128029,46433,81596,13079,5556,7523
B0103,03,036,District - Kapurthala ,Urban,Literate but below matric/secondary,88139,49077,39062,22642,20385,2257,3377,2125,1252,1202,807,395,62120,26567,35553,3272,1547,1725
B0103,03,036,District - Kapurthala ,Urban,Matric/secondary but below graduate,81491,46385,35106,34022,30694,3328,3100,1894,1206,1240,737,503,44369,13797,30572,6088,2731,3357
B0103,03,036,District - Kapurthala ,Urban,Technical diploma or certificate not equal to degree,6005,4525,1480,3651,3189,462,175,118,57,76,52,24,2179,1218,961,417,291,126
B0103,03,036,District - Kapurthala ,Urban,Graduate and above other than technical degree,26226,12423,13803,12845,9385,3460,965,435,530,396,144,252,12416,2603,9813,2111,536,1575
B0103,03,036,District - Kapurthala ,Urban,Technical degree or diploma equal to degree or post-graduate degree,6900,3322,3578,3476,2066,1410,280,114,166,135,47,88,3144,1142,2002,772,307,465
B0103,03,037,District - Jalandhar,Total,Total,2193590,1145211,1048379,689592,586721,102871,84880,52763,32117,36119,24562,11557,1419118,505727,913391,110433,44303,66130
B0103,03,037,District - Jalandhar,Total,Illiterate,571053,262630,308423,115420,90392,25028,19611,10007,9604,7864,4551,3313,436022,162231,273791,13352,3439,9913
B0103,03,037,District - Jalandhar,Total,Literate,1622537,882581,739956,574172,496329,77843,65269,42756,22513,28255,20011,8244,983096,343496,639600,97081,40864,56217
B0103,03,037,District - Jalandhar,Total,Literate but below matric/secondary,788258,437851,350407,221086,197388,23698,32566,22363,10203,14421,10848,3573,534606,218100,316506,34160,15479,18681
B0103,03,037,District - Jalandhar,Total,Matric/secondary but below graduate,573811,314823,258988,231581,207827,23754,22617,14854,7763,9977,6997,2980,319613,92142,227471,43942,18892,25050
B0103,03,037,District - Jalandhar,Total,Technical diploma or certificate not equal to degree,16230,9625,6605,6985,5190,1795,603,373,230,290,186,104,8642,4062,4580,1651,911,740
B0103,03,037,District - Jalandhar,Total,Graduate and above other than technical degree,159536,77673,81863,77981,59253,18728,5303,2740,2563,1962,972,990,76252,15680,60572,11302,3106,8196
B0103,03,037,District - Jalandhar,Total,Technical degree or diploma equal to degree or post-graduate degree,32683,15585,17098,16044,9431,6613,1213,567,646,485,221,264,15426,5587,9839,3318,1385,1933
B0103,03,037,District - Jalandhar,Rural,Total,1032419,528790,503629,303843,262667,41176,46199,28981,17218,22042,15378,6664,682377,237142,445235,54706,21002,33704
B0103,03,037,District - Jalandhar,Rural,Illiterate,304285,135923,168362,63170,49798,13372,12733,6292,6441,5467,3105,2362,228382,79833,148549,7569,1657,5912
B0103,03,037,District - Jalandhar,Rural,Literate,728134,392867,335267,240673,212869,27804,33466,22689,10777,16575,12273,4302,453995,157309,296686,47137,19345,27792
B0103,03,037,District - Jalandhar,Rural,Literate but below matric/secondary,420548,232252,188296,119675,107392,12283,19771,13822,5949,9839,7509,2330,281102,111038,170064,19902,8598,11304
B0103,03,037,District - Jalandhar,Rural,Matric/secondary but below graduate,245939,130541,115398,95400,85668,9732,10984,7306,3678,5409,3928,1481,139555,37567,101988,21358,8764,12594
B0103,03,037,District - Jalandhar,Rural,Technical diploma or certificate not equal to degree,4627,2735,1892,1790,1305,485,165,103,62,92,64,28,2672,1327,1345,601,352,249
B0103,03,037,District - Jalandhar,Rural,Graduate and above other than technical degree,29749,13795,15954,13403,10206,3197,973,481,492,466,236,230,15373,3108,12265,3218,852,2366
B0103,03,037,District - Jalandhar,Rural,Technical degree or diploma equal to degree or post-graduate degree,5189,2283,2906,2276,1285,991,163,74,89,92,40,52,2750,924,1826,795,310,485
B0103,03,037,District - Jalandhar,Urban,Total,1161171,616421,544750,385749,324054,61695,38681,23782,14899,14077,9184,4893,736741,268585,468156,55727,23301,32426
B0103,03,037,District - Jalandhar,Urban,Illiterate,266768,126707,140061,52250,40594,11656,6878,3715,3163,2397,1446,951,207640,82398,125242,5783,1782,4001
B0103,03,037,District - Jalandhar,Urban,Literate,894403,489714,404689,333499,283460,50039,31803,20067,11736,11680,7738,3942,529101,186187,342914,49944,21519,28425
B0103,03,037,District - Jalandhar,Urban,Literate but below matric/secondary,367710,205599,162111,101411,89996,11415,12795,8541,4254,4582,3339,1243,253504,107062,146442,14258,6881,7377
B0103,03,037,District - Jalandhar,Urban,Matric/secondary but below graduate,327872,184282,143590,136181,122159,14022,11633,7548,4085,4568,3069,1499,180058,54575,125483,22584,10128,12456
B0103,03,037,District - Jalandhar,Urban,Technical diploma or certificate not equal to degree,11603,6890,4713,5195,3885,1310,438,270,168,198,122,76,5970,2735,3235,1050,559,491
B0103,03,037,District - Jalandhar,Urban,Graduate and above other than technical degree,129787,63878,65909,64578,49047,15531,4330,2259,2071,1496,736,760,60879,12572,48307,8084,2254,5830
B0103,03,037,District - Jalandhar,Urban,Technical degree or diploma equal to degree or post-graduate degree,27494,13302,14192,13768,8146,5622,1050,493,557,393,181,212,12676,4663,8013,2523,1075,1448
B0103,03,038,District - Hoshiarpur,Total,Total,1586625,809057,777568,411011,352281,58730,88811,60225,28586,45721,34419,11302,1086803,396551,690252,103189,42314,60875
B0103,03,038,District - Hoshiarpur,Total,Illiterate,386926,171130,215796,55627,42124,13503,16821,9264,7557,7494,4672,2822,314478,119742,194736,8311,2115,6196
B0103,03,038,District - Hoshiarpur,Total,Literate,1199699,637927,561772,355384,310157,45227,71990,50961,21029,38227,29747,8480,772325,276809,495516,94878,40199,54679
B0103,03,038,District - Hoshiarpur,Total,Literate but below matric/secondary,609663,324547,285116,139153,124581,14572,37731,27196,10535,19888,15972,3916,432779,172770,260009,30914,13497,17417
B0103,03,038,District - Hoshiarpur,Total,Matric/secondary but below graduate,443565,239896,203669,155190,140487,14703,27022,19533,7489,14583,11530,3053,261353,79876,181477,45648,20047,25601
B0103,03,038,District - Hoshiarpur,Total,Technical diploma or certificate not equal to degree,19974,12946,7028,7692,5912,1780,927,643,284,558,408,150,11355,6391,4964,3242,2082,1160
B0103,03,038,District - Hoshiarpur,Total,Graduate and above other than technical degree,75455,35614,39841,33838,24952,8886,3106,1617,1489,1618,799,819,38511,9045,29466,9744,2503,7241
B0103,03,038,District - Hoshiarpur,Total,Technical degree or diploma equal to degree or post-graduate degree,20993,10363,10630,9956,6184,3772,850,426,424,496,241,255,10187,3753,6434,3278,1235,2043
B0103,03,038,District - Hoshiarpur,Rural,Total,1251656,634470,617186,311079,269556,41523,74087,50407,23680,38913,29754,9159,866490,314507,551983,80857,32915,47942
B0103,03,038,District - Hoshiarpur,Rural,Illiterate,315821,137838,177983,44282,33490,10792,14341,7748,6593,6507,4031,2476,257198,96600,160598,6546,1563,4983
B0103,03,038,District - Hoshiarpur,Rural,Literate,935835,496632,439203,266797,236066,30731,59746,42659,17087,32406,25723,6683,609292,217907,391385,74311,31352,42959
B0103,03,038,District - Hoshiarpur,Rural,Literate but below matric/secondary,502759,266706,236053,113781,101998,11783,32521,23388,9133,17554,14163,3391,356457,141320,215137,25589,11064,14525
B0103,03,038,District - Hoshiarpur,Rural,Matric/secondary but below graduate,346225,186879,159346,119679,108857,10822,22444,16372,6072,12299,9930,2369,204102,61650,142452,36631,15963,20668
B0103,03,038,District - Hoshiarpur,Rural,Technical diploma or certificate not equal to degree,12550,8143,4407,4477,3450,1027,622,441,181,390,292,98,7451,4252,3199,2326,1460,866
B0103,03,038,District - Hoshiarpur,Rural,Graduate and above other than technical degree,40404,18571,21833,17072,12715,4357,1756,937,819,976,518,458,21576,4919,16657,6233,1544,4689
B0103,03,038,District - Hoshiarpur,Rural,Technical degree or diploma equal to degree or post-graduate degree,10360,5034,5326,4590,2932,1658,449,233,216,267,133,134,5321,1869,3452,1904,664,1240
B0103,03,038,District - Hoshiarpur,Urban,Total,334969,174587,160382,99932,82725,17207,14724,9818,4906,6808,4665,2143,220313,82044,138269,22332,9399,12933
B0103,03,038,District - Hoshiarpur,Urban,Illiterate,71105,33292,37813,11345,8634,2711,2480,1516,964,987,641,346,57280,23142,34138,1765,552,1213
B0103,03,038,District - Hoshiarpur,Urban,Literate,263864,141295,122569,88587,74091,14496,12244,8302,3942,5821,4024,1797,163033,58902,104131,20567,8847,11720
B0103,03,038,District - Hoshiarpur,Urban,Literate but below matric/secondary,106904,57841,49063,25372,22583,2789,5210,3808,1402,2334,1809,525,76322,31450,44872,5325,2433,2892
B0103,03,038,District - Hoshiarpur,Urban,Matric/secondary but below graduate,97340,53017,44323,35511,31630,3881,4578,3161,1417,2284,1600,684,57251,18226,39025,9017,4084,4933
B0103,03,038,District - Hoshiarpur,Urban,Technical diploma or certificate not equal to degree,7424,4803,2621,3215,2462,753,305,202,103,168,116,52,3904,2139,1765,916,622,294
B0103,03,038,District - Hoshiarpur,Urban,Graduate and above other than technical degree,35051,17043,18008,16766,12237,4529,1350,680,670,642,281,361,16935,4126,12809,3511,959,2552
B0103,03,038,District - Hoshiarpur,Urban,Technical degree or diploma equal to degree or post-graduate degree,10633,5329,5304,5366,3252,2114,401,193,208,229,108,121,4866,1884,2982,1374,571,803
B0103,03,039,District - Shahid Bhagat Singh Nagar ,Total,Total,612310,313291,299019,173507,150279,23228,30822,19973,10849,15493,11318,4175,407981,143039,264942,34694,13815,20879
B0103,03,039,District - Shahid Bhagat Singh Nagar ,Total,Illiterate,173851,74136,99715,29419,22765,6654,7350,3628,3722,3102,1897,1205,137082,47743,89339,4168,1004,3164
B0103,03,039,District - Shahid Bhagat Singh Nagar ,Total,Literate,438459,239155,199304,144088,127514,16574,23472,16345,7127,12391,9421,2970,270899,95296,175603,30526,12811,17715
B0103,03,039,District - Shahid Bhagat Singh Nagar ,Total,Literate but below matric/secondary,240222,132724,107498,65463,59276,6187,13082,9328,3754,6774,5389,1385,161677,64120,97557,11866,5257,6609
B0103,03,039,District - Shahid Bhagat Singh Nagar ,Total,Matric/secondary but below graduate,152640,83864,68776,59212,53620,5592,8198,5746,2452,4477,3324,1153,85230,24498,60732,14103,5946,8157
B0103,03,039,District - Shahid Bhagat Singh Nagar ,Total,Technical diploma or certificate not equal to degree,4166,2607,1559,1682,1277,405,204,143,61,107,80,27,2280,1187,1093,576,363,213
B0103,03,039,District - Shahid Bhagat Singh Nagar ,Total,Graduate and above other than technical degree,21252,10228,11024,10093,7596,2497,744,383,361,387,203,184,10415,2249,8166,2273,602,1671
B0103,03,039,District - Shahid Bhagat Singh Nagar ,Total,Technical degree or diploma equal to degree or post-graduate degree,5466,2587,2879,2701,1628,1073,181,61,120,96,30,66,2584,898,1686,699,253,446
B0103,03,039,District - Shahid Bhagat Singh Nagar ,Rural,Total,486894,248118,238776,135970,117962,18008,26805,17351,9454,13666,9986,3680,324119,112805,211314,27897,10870,17027
B0103,03,039,District - Shahid Bhagat Singh Nagar ,Rural,Illiterate,141299,59506,81793,23656,18130,5526,6396,3121,3275,2617,1605,1012,111247,38255,72992,3337,766,2571
B0103,03,039,District - Shahid Bhagat Singh Nagar ,Rural,Literate,345595,188612,156983,112314,99832,12482,20409,14230,6179,11049,8381,2668,212872,74550,138322,24560,10104,14456
B0103,03,039,District - Shahid Bhagat Singh Nagar ,Rural,Literate but below matric/secondary,196077,108324,87753,54008,48735,5273,11528,8182,3346,6093,4808,1285,130541,51407,79134,9825,4264,5561
B0103,03,039,District - Shahid Bhagat Singh Nagar ,Rural,Matric/secondary but below graduate,119272,65348,53924,46218,41773,4445,7116,4981,2135,3997,2960,1037,65938,18594,47344,11466,4705,6761
B0103,03,039,District - Shahid Bhagat Singh Nagar ,Rural,Technical diploma or certificate not equal to degree,2736,1740,996,1083,828,255,161,116,45,81,59,22,1492,796,696,420,262,158
B0103,03,039,District - Shahid Bhagat Singh Nagar ,Rural,Graduate and above other than technical degree,12269,5904,6365,5612,4277,1335,515,285,230,301,165,136,6142,1342,4800,1578,413,1165
B0103,03,039,District - Shahid Bhagat Singh Nagar ,Rural,Technical degree or diploma equal to degree or post-graduate degree,2793,1315,1478,1318,828,490,108,37,71,63,20,43,1367,450,917,421,145,276
B0103,03,039,District - Shahid Bhagat Singh Nagar ,Urban,Total,125416,65173,60243,37537,32317,5220,4017,2622,1395,1827,1332,495,83862,30234,53628,6797,2945,3852
B0103,03,039,District - Shahid Bhagat Singh Nagar ,Urban,Illiterate,32552,14630,17922,5763,4635,1128,954,507,447,485,292,193,25835,9488,16347,831,238,593
B0103,03,039,District - Shahid Bhagat Singh Nagar ,Urban,Literate,92864,50543,42321,31774,27682,4092,3063,2115,948,1342,1040,302,58027,20746,37281,5966,2707,3259
B0103,03,039,District - Shahid Bhagat Singh Nagar ,Urban,Literate but below matric/secondary,44145,24400,19745,11455,10541,914,1554,1146,408,681,581,100,31136,12713,18423,2041,993,1048
B0103,03,039,District - Shahid Bhagat Singh Nagar ,Urban,Matric/secondary but below graduate,33368,18516,14852,12994,11847,1147,1082,765,317,480,364,116,19292,5904,13388,2637,1241,1396
B0103,03,039,District - Shahid Bhagat Singh Nagar ,Urban,Technical diploma or certificate not equal to degree,1430,867,563,599,449,150,43,27,16,26,21,5,788,391,397,156,101,55
B0103,03,039,District - Shahid Bhagat Singh Nagar ,Urban,Graduate and above other than technical degree,8983,4324,4659,4481,3319,1162,229,98,131,86,38,48,4273,907,3366,695,189,506
B0103,03,039,District - Shahid Bhagat Singh Nagar ,Urban,Technical degree or diploma equal to degree or post-graduate degree,2673,1272,1401,1383,800,583,73,24,49,33,10,23,1217,448,769,278,108,170
B0103,03,040,District - Fatehgarh Sahib,Total,Total,600163,320795,279368,192845,168110,24735,21938,14667,7271,10362,7589,2773,385380,138018,247362,30722,12494,18228
B0103,03,040,District - Fatehgarh Sahib,Total,Illiterate,174130,82099,92031,37405,30815,6590,5845,3386,2459,2420,1570,850,130880,47898,82982,3709,921,2788
B0103,03,040,District - Fatehgarh Sahib,Total,Literate,426033,238696,187337,155440,137295,18145,16093,11281,4812,7942,6019,1923,254500,90120,164380,27013,11573,15440
B0103,03,040,District - Fatehgarh Sahib,Total,Literate but below matric/secondary,227008,126533,100475,67556,60280,7276,8525,6149,2376,4122,3264,858,150927,60104,90823,9675,4201,5474
B0103,03,040,District - Fatehgarh Sahib,Total,Matric/secondary but below graduate,149088,86860,62228,65249,59381,5868,5636,4045,1591,2924,2228,696,78203,23434,54769,12371,5612,6759
B0103,03,040,District - Fatehgarh Sahib,Total,Technical diploma or certificate not equal to degree,3371,2141,1230,1356,1048,308,106,69,37,64,48,16,1909,1024,885,513,318,195
B0103,03,040,District - Fatehgarh Sahib,Total,Graduate and above other than technical degree,28078,14042,14036,13771,10873,2898,874,429,445,429,204,225,13433,2740,10693,2752,825,1927
B0103,03,040,District - Fatehgarh Sahib,Total,Technical degree or diploma equal to degree or post-graduate degree,5959,2654,3305,2689,1564,1125,221,94,127,122,54,68,3049,996,2053,863,323,540
B0103,03,040,District - Fatehgarh Sahib,Rural,Total,414681,220050,194631,131510,113476,18034,16593,11235,5358,7988,5975,2013,266578,95339,171239,21342,8591,12751
B0103,03,040,District - Fatehgarh Sahib,Rural,Illiterate,126341,59128,67213,27621,22476,5145,4751,2778,1973,1972,1294,678,93969,33874,60095,2569,621,1948
B0103,03,040,District - Fatehgarh Sahib,Rural,Literate,288340,160922,127418,103889,91000,12889,11842,8457,3385,6016,4681,1335,172609,61465,111144,18773,7970,10803
B0103,03,040,District - Fatehgarh Sahib,Rural,Literate but below matric/secondary,165045,90790,74255,49563,43465,6098,6712,4825,1887,3297,2618,679,108770,42500,66270,7175,3004,4171
B0103,03,040,District - Fatehgarh Sahib,Rural,Matric/secondary but below graduate,98965,57656,41309,43754,39287,4467,4064,2978,1086,2176,1716,460,51147,15391,35756,8757,3955,4802
B0103,03,040,District - Fatehgarh Sahib,Rural,Technical diploma or certificate not equal to degree,1903,1218,685,737,560,177,65,44,21,43,34,9,1101,614,487,349,212,137
B0103,03,040,District - Fatehgarh Sahib,Rural,Graduate and above other than technical degree,11155,5603,5552,5396,4164,1232,367,189,178,207,107,100,5392,1250,4142,1441,428,1013
B0103,03,040,District - Fatehgarh Sahib,Rural,Technical degree or diploma equal to degree or post-graduate degree,2310,1017,1293,982,570,412,96,46,50,68,32,36,1232,401,831,396,150,246
B0103,03,040,District - Fatehgarh Sahib,Urban,Total,185482,100745,84737,61335,54634,6701,5345,3432,1913,2374,1614,760,118802,42679,76123,9380,3903,5477
B0103,03,040,District - Fatehgarh Sahib,Urban,Illiterate,47789,22971,24818,9784,8339,1445,1094,608,486,448,276,172,36911,14024,22887,1140,300,840
B0103,03,040,District - Fatehgarh Sahib,Urban,Literate,137693,77774,59919,51551,46295,5256,4251,2824,1427,1926,1338,588,81891,28655,53236,8240,3603,4637
B0103,03,040,District - Fatehgarh Sahib,Urban,Literate but below matric/secondary,61963,35743,26220,17993,16815,1178,1813,1324,489,825,646,179,42157,17604,24553,2500,1197,1303
B0103,03,040,District - Fatehgarh Sahib,Urban,Matric/secondary but below graduate,50123,29204,20919,21495,20094,1401,1572,1067,505,748,512,236,27056,8043,19013,3614,1657,1957
B0103,03,040,District - Fatehgarh Sahib,Urban,Technical diploma or certificate not equal to degree,1468,923,545,619,488,131,41,25,16,21,14,7,808,410,398,164,106,58
B0103,03,040,District - Fatehgarh Sahib,Urban,Graduate and above other than technical degree,16923,8439,8484,8375,6709,1666,507,240,267,222,97,125,8041,1490,6551,1311,397,914
B0103,03,040,District - Fatehgarh Sahib,Urban,Technical degree or diploma equal to degree or post-graduate degree,3649,1637,2012,1707,994,713,125,48,77,54,22,32,1817,595,1222,467,173,294
B0103,03,041,District - Ludhiana,Total,Total,3498739,1867816,1630923,1138654,969954,168700,146168,83646,62522,56650,35966,20684,2213917,814216,1399701,160350,69708,90642
B0103,03,041,District - Ludhiana,Total,Illiterate,938514,439468,499046,192421,149887,42534,35227,16627,18600,13061,7096,5965,710866,272954,437912,21413,5819,15594
B0103,03,041,District - Ludhiana,Total,Literate,2560225,1428348,1131877,946233,820067,126166,110941,67019,43922,43589,28870,14719,1503051,541262,961789,138937,63889,75048
B0103,03,041,District - Ludhiana,Total,Literate but below matric/secondary,1210841,678907,531934,350246,309976,40270,52784,32643,20141,20496,14316,6180,807811,336288,471523,46704,22279,24425
B0103,03,041,District - Ludhiana,Total,Matric/secondary but below graduate,916814,529547,387267,396389,355895,40494,40279,24803,15476,16190,10768,5422,480146,148849,331297,62898,30664,32234
B0103,03,041,District - Ludhiana,Total,Technical diploma or certificate not equal to degree,29843,19089,10754,12805,9875,2930,1319,861,458,600,401,199,15719,8353,7366,3173,2009,1164
B0103,03,041,District - Ludhiana,Total,Graduate and above other than technical degree,264815,128944,135871,127313,99855,27458,8937,4326,4611,3195,1492,1703,128565,24763,103802,16908,5037,11871
B0103,03,041,District - Ludhiana,Total,Technical degree or diploma equal to degree or post-graduate degree,51552,24658,26894,24719,15082,9637,1928,867,1061,854,385,469,24905,8709,16196,4864,2070,2794
B0103,03,041,District - Ludhiana,Rural,Total,1429031,753444,675587,456208,380021,76187,74615,40754,33861,31065,19813,11252,898208,332669,565539,75567,31479,44088
B0103,03,041,District - Ludhiana,Rural,Illiterate,426962,196148,230814,95951,73207,22744,20475,9272,11203,7677,4217,3460,310536,113669,196867,10700,2555,8145
B0103,03,041,District - Ludhiana,Rural,Literate,1002069,557296,444773,360257,306814,53443,54140,31482,22658,23388,15596,7792,587672,219000,368672,64867,28924,35943
B0103,03,041,District - Ludhiana,Rural,Literate but below matric/secondary,553808,307568,246240,167227,144071,23156,28946,17399,11547,12141,8540,3601,357635,146098,211537,24591,11287,13304
B0103,03,041,District - Ludhiana,Rural,Matric/secondary but below graduate,343597,196807,146790,148405,129616,18789,19151,11036,8115,8459,5546,2913,176041,56155,119886,29420,13649,15771
B0103,03,041,District - Ludhiana,Rural,Technical diploma or certificate not equal to degree,12079,7366,4713,4605,3311,1294,641,401,240,334,232,102,6833,3654,3179,1752,1022,730
B0103,03,041,District - Ludhiana,Rural,Graduate and above other than technical degree,45809,20996,24813,20836,15026,5810,2268,880,1388,1073,421,652,22705,5090,17615,5339,1489,3850
B0103,03,041,District - Ludhiana,Rural,Technical degree or diploma equal to degree or post-graduate degree,11695,5383,6312,5001,2905,2096,563,230,333,324,138,186,6131,2248,3883,1772,682,1090
B0103,03,041,District - Ludhiana,Urban,Total,2069708,1114372,955336,682446,589933,92513,71553,42892,28661,25585,16153,9432,1315709,481547,834162,84783,38229,46554
B0103,03,041,District - Ludhiana,Urban,Illiterate,511552,243320,268232,96470,76680,19790,14752,7355,7397,5384,2879,2505,400330,159285,241045,10713,3264,7449
B0103,03,041,District - Ludhiana,Urban,Literate,1558156,871052,687104,585976,513253,72723,56801,35537,21264,20201,13274,6927,915379,322262,593117,74070,34965,39105
B0103,03,041,District - Ludhiana,Urban,Literate but below matric/secondary,657033,371339,285694,183019,165905,17114,23838,15244,8594,8355,5776,2579,450176,190190,259986,22113,10992,11121
B0103,03,041,District - Ludhiana,Urban,Matric/secondary but below graduate,573217,332740,240477,247984,226279,21705,21128,13767,7361,7731,5222,2509,304105,92694,211411,33478,17015,16463
B0103,03,041,District - Ludhiana,Urban,Technical diploma or certificate not equal to degree,17764,11723,6041,8200,6564,1636,678,460,218,266,169,97,8886,4699,4187,1421,987,434
B0103,03,041,District - Ludhiana,Urban,Graduate and above other than technical degree,219006,107948,111058,106477,84829,21648,6669,3446,3223,2122,1071,1051,105860,19673,86187,11569,3548,8021
B0103,03,041,District - Ludhiana,Urban,Technical degree or diploma equal to degree or post-graduate degree,39857,19275,20582,19718,12177,7541,1365,637,728,530,247,283,18774,6461,12313,3092,1388,1704
B0103,03,042,District - Moga,Total,Total,995746,525920,469826,304880,259626,45254,54292,32753,21539,25643,16924,8719,636574,233541,403033,62577,23272,39305
B0103,03,042,District - Moga,Total,Illiterate,367857,177371,190486,93052,75929,17123,21983,12109,9874,9522,5794,3728,252822,89333,163489,13507,2787,10720
B0103,03,042,District - Moga,Total,Literate,627889,348549,279340,211828,183697,28131,32309,20644,11665,16121,11130,4991,383752,144208,239544,49070,20485,28585
B0103,03,042,District - Moga,Total,Literate but below matric/secondary,349846,194538,155308,96110,85494,10616,17368,11483,5885,8463,6155,2308,236368,97561,138807,19282,8064,11218
B0103,03,042,District - Moga,Total,Matric/secondary but below graduate,202495,116068,86427,83761,75028,8733,10380,6664,3716,5380,3721,1659,108354,34376,73978,21483,9366,12117
B0103,03,042,District - Moga,Total,Technical diploma or certificate not equal to degree,8507,4785,3722,2866,1909,957,381,232,149,236,144,92,5260,2644,2616,1538,905,633
B0103,03,042,District - Moga,Total,Graduate and above other than technical degree,29269,13060,16209,13385,9452,3933,1275,524,751,634,239,395,14609,3084,11525,3519,887,2632
B0103,03,042,District - Moga,Total,Technical degree or diploma equal to degree or post-graduate degree,9095,4157,4938,4156,2373,1783,417,191,226,240,108,132,4522,1593,2929,1350,527,823
B0103,03,042,District - Moga,Rural,Total,768500,405704,362796,229916,197668,32248,44672,27265,17407,21181,14273,6908,493912,180771,313141,49224,17817,31407
B0103,03,042,District - Moga,Rural,Illiterate,300497,144979,155518,76854,63523,13331,19073,10543,8530,8268,5042,3226,204570,70913,133657,11267,2169,9098
B0103,03,042,District - Moga,Rural,Literate,468003,260725,207278,153062,134145,18917,25599,16722,8877,12913,9231,3682,289342,109858,179484,37957,15648,22309
B0103,03,042,District - Moga,Rural,Literate but below matric/secondary,275472,152789,122683,75070,66786,8284,14266,9542,4724,6929,5160,1769,186136,76461,109675,15571,6375,9196
B0103,03,042,District - Moga,Rural,Matric/secondary but below graduate,146931,84614,62317,60137,53971,6166,8085,5316,2769,4290,3068,1222,78709,25327,53382,16657,7193,9464
B0103,03,042,District - Moga,Rural,Technical diploma or certificate not equal to degree,5548,3130,2418,1693,1130,563,266,159,107,182,112,70,3589,1841,1748,1186,679,507
B0103,03,042,District - Moga,Rural,Graduate and above other than technical degree,13112,5580,7532,5351,3810,1541,638,247,391,369,148,221,7123,1523,5600,2211,533,1678
B0103,03,042,District - Moga,Rural,Technical degree or diploma equal to degree or post-graduate degree,3819,1681,2138,1511,884,627,187,86,101,128,60,68,2121,711,1410,784,282,502
B0103,03,042,District - Moga,Urban,Total,227246,120216,107030,74964,61958,13006,9620,5488,4132,4462,2651,1811,142662,52770,89892,13353,5455,7898
B0103,03,042,District - Moga,Urban,Illiterate,67360,32392,34968,16198,12406,3792,2910,1566,1344,1254,752,502,48252,18420,29832,2240,618,1622
B0103,03,042,District - Moga,Urban,Literate,159886,87824,72062,58766,49552,9214,6710,3922,2788,3208,1899,1309,94410,34350,60060,11113,4837,6276
B0103,03,042,District - Moga,Urban,Literate but below matric/secondary,74374,41749,32625,21040,18708,2332,3102,1941,1161,1534,995,539,50232,21100,29132,3711,1689,2022
B0103,03,042,District - Moga,Urban,Matric/secondary but below graduate,55564,31454,24110,23624,21057,2567,2295,1348,947,1090,653,437,29645,9049,20596,4826,2173,2653
B0103,03,042,District - Moga,Urban,Technical diploma or certificate not equal to degree,2959,1655,1304,1173,779,394,115,73,42,54,32,22,1671,803,868,352,226,126
B0103,03,042,District - Moga,Urban,Graduate and above other than technical degree,16157,7480,8677,8034,5642,2392,637,277,360,265,91,174,7486,1561,5925,1308,354,954
B0103,03,042,District - Moga,Urban,Technical degree or diploma equal to degree or post-graduate degree,5276,2476,2800,2645,1489,1156,230,105,125,112,48,64,2401,882,1519,566,245,321
B0103,03,043,District - Firozpur,Total,Total,2029074,1071637,957437,618362,541494,76868,138333,54912,83421,68230,33980,34250,1272379,475231,797148,102381,37478,64903
B0103,03,043,District - Firozpur,Total,Illiterate,801563,364567,436996,192078,157555,34523,69024,20947,48077,33295,12897,20398,540461,186065,354396,24342,4423,19919
B0103,03,043,District - Firozpur,Total,Literate,1227511,707070,520441,426284,383939,42345,69309,33965,35344,34935,21083,13852,731918,289166,442752,78039,33055,44984
B0103,03,043,District - Firozpur,Total,Literate but below matric/secondary,725076,404806,320270,197887,180916,16971,45273,20982,24291,22454,13055,9399,481916,202908,279008,29265,11145,18120
B0103,03,043,District - Firozpur,Total,Matric/secondary but below graduate,372859,232109,140750,168154,156097,12057,18346,10150,8196,9381,6290,3091,186359,65862,120497,33437,15827,17610
B0103,03,043,District - Firozpur,Total,Technical diploma or certificate not equal to degree,12479,8011,4468,4508,3481,1027,505,345,160,338,247,91,7466,4185,3281,2360,1498,862
B0103,03,043,District - Firozpur,Total,Graduate and above other than technical degree,68614,36668,31946,35438,27981,7457,2038,979,1059,1160,600,560,31138,7708,23430,8116,2616,5500
B0103,03,043,District - Firozpur,Total,Technical degree or diploma equal to degree or post-graduate degree,19141,9692,9449,8996,5607,3389,652,335,317,417,240,177,9493,3750,5743,3285,1383,1902
B0103,03,043,District - Firozpur,Rural,Total,1476518,776208,700310,443096,389222,53874,122755,44733,78022,59587,27850,31737,910667,342253,568414,70329,24519,45810
B0103,03,043,District - Firozpur,Rural,Illiterate,635698,286746,348952,157942,129404,28538,62771,17203,45568,29719,10434,19285,414985,140139,274846,19156,2917,16239
B0103,03,043,District - Firozpur,Rural,Literate,840820,489462,351358,285154,259818,25336,59984,27530,32454,29868,17416,12452,495682,202114,293568,51173,21602,29571
B0103,03,043,District - Firozpur,Rural,Literate but below matric/secondary,550387,307343,243044,152849,139198,13651,40533,17493,23040,19852,10986,8866,357005,150652,206353,22238,7945,14293
B0103,03,043,District - Firozpur,Rural,Matric/secondary but below graduate,233168,148749,84419,107431,99594,7837,15337,8030,7307,7791,5143,2648,110400,41125,69275,21655,10429,11226
B0103,03,043,District - Firozpur,Rural,Technical diploma or certificate not equal to degree,6448,4531,1917,2193,1828,365,365,265,100,254,196,58,3890,2438,1452,1486,975,511
B0103,03,043,District - Firozpur,Rural,Graduate and above other than technical degree,22988,13340,9648,11667,9814,1853,1200,568,632,698,393,305,10121,2958,7163,3326,1243,2083
B0103,03,043,District - Firozpur,Rural,Technical degree or diploma equal to degree or post-graduate degree,5964,3518,2446,2522,1915,607,363,216,147,242,160,82,3079,1387,1692,1295,597,698
B0103,03,043,District - Firozpur,Urban,Total,552556,295429,257127,175266,152272,22994,15578,10179,5399,8643,6130,2513,361712,132978,228734,32052,12959,19093
B0103,03,043,District - Firozpur,Urban,Illiterate,165865,77821,88044,34136,28151,5985,6253,3744,2509,3576,2463,1113,125476,45926,79550,5186,1506,3680
B0103,03,043,District - Firozpur,Urban,Literate,386691,217608,169083,141130,124121,17009,9325,6435,2890,5067,3667,1400,236236,87052,149184,26866,11453,15413
B0103,03,043,District - Firozpur,Urban,Literate but below matric/secondary,174689,97463,77226,45038,41718,3320,4740,3489,1251,2602,2069,533,124911,52256,72655,7027,3200,3827
B0103,03,043,District - Firozpur,Urban,Matric/secondary but below graduate,139691,83360,56331,60723,56503,4220,3009,2120,889,1590,1147,443,75959,24737,51222,11782,5398,6384
B0103,03,043,District - Firozpur,Urban,Technical diploma or certificate not equal to degree,6031,3480,2551,2315,1653,662,140,80,60,84,51,33,3576,1747,1829,874,523,351
B0103,03,043,District - Firozpur,Urban,Graduate and above other than technical degree,45626,23328,22298,23771,18167,5604,838,411,427,462,207,255,21017,4750,16267,4790,1373,3417
B0103,03,043,District - Firozpur,Urban,Technical degree or diploma equal to degree or post-graduate degree,13177,6174,7003,6474,3692,2782,289,119,170,175,80,95,6414,2363,4051,1990,786,1204
B0103,03,044,District - Muktsar,Total,Total,901896,475622,426274,287205,253207,33998,48121,19492,28629,23414,11834,11580,566570,202923,363647,41112,13982,27130
B0103,03,044,District - Muktsar,Total,Illiterate,377048,175221,201827,100828,83933,16895,28165,9009,19156,13623,5524,8099,248055,82279,165776,10858,1805,9053
B0103,03,044,District - Muktsar,Total,Literate,524848,300401,224447,186377,169274,17103,19956,10483,9473,9791,6310,3481,318515,120644,197871,30254,12177,18077
B0103,03,044,District - Muktsar,Total,Literate but below matric/secondary,306697,172798,133899,88518,81836,6682,12622,6344,6278,6004,3788,2216,205557,84618,120939,11061,4072,6989
B0103,03,044,District - Muktsar,Total,Matric/secondary but below graduate,160510,96899,63611,71138,66513,4625,5418,3150,2268,2773,1935,838,83954,27236,56718,12387,5599,6788
B0103,03,044,District - Muktsar,Total,Technical diploma or certificate not equal to degree,5064,3059,2005,1886,1374,512,149,87,62,101,63,38,3029,1598,1431,814,477,337
B0103,03,044,District - Muktsar,Total,Graduate and above other than technical degree,30870,15965,14905,15393,12174,3219,739,356,383,394,194,200,14738,3435,11303,3656,1119,2537
B0103,03,044,District - Muktsar,Total,Technical degree or diploma equal to degree or post-graduate degree,9161,4589,4572,4141,2621,1520,232,121,111,147,80,67,4788,1847,2941,1648,670,978
B0103,03,044,District - Muktsar,Rural,Total,649705,342202,307503,208061,184204,23857,40376,14722,25654,19520,9160,10360,401268,143276,257992,29075,9454,19621
B0103,03,044,District - Muktsar,Rural,Illiterate,294544,137269,157275,83135,69395,13740,24700,7204,17496,11893,4445,7448,186709,60670,126039,8965,1383,7582
B0103,03,044,District - Muktsar,Rural,Literate,355161,204933,150228,124926,114809,10117,15676,7518,8158,7627,4715,2912,214559,82606,131953,20110,8071,12039
B0103,03,044,District - Muktsar,Rural,Literate but below matric/secondary,224903,126396,98507,65943,60792,5151,10383,4710,5673,4910,2904,2006,148577,60894,87683,8386,2957,5429
B0103,03,044,District - Muktsar,Rural,Matric/secondary but below graduate,103204,63437,39767,47037,44030,3007,4091,2207,1884,2073,1421,652,52076,17200,34876,8381,3826,4555
B0103,03,044,District - Muktsar,Rural,Technical diploma or certificate not equal to degree,2628,1683,945,913,700,213,94,54,40,65,40,25,1621,929,692,531,308,223
B0103,03,044,District - Muktsar,Rural,Graduate and above other than technical degree,12384,6668,5716,5953,4969,984,385,178,207,219,119,100,6046,1521,4525,1691,553,1138
B0103,03,044,District - Muktsar,Rural,Technical degree or diploma equal to degree or post-graduate degree,3231,1684,1547,1290,896,394,107,63,44,79,48,31,1834,725,1109,677,264,413
B0103,03,044,District - Muktsar,Urban,Total,252191,133420,118771,79144,69003,10141,7745,4770,2975,3894,2674,1220,165302,59647,105655,12037,4528,7509
B0103,03,044,District - Muktsar,Urban,Illiterate,82504,37952,44552,17693,14538,3155,3465,1805,1660,1730,1079,651,61346,21609,39737,1893,422,1471
B0103,03,044,District - Muktsar,Urban,Literate,169687,95468,74219,61451,54465,6986,4280,2965,1315,2164,1595,569,103956,38038,65918,10144,4106,6038
B0103,03,044,District - Muktsar,Urban,Literate but below matric/secondary,81794,46402,35392,22575,21044,1531,2239,1634,605,1094,884,210,56980,23724,33256,2675,1115,1560
B0103,03,044,District - Muktsar,Urban,Matric/secondary but below graduate,57306,33462,23844,24101,22483,1618,1327,943,384,700,514,186,31878,10036,21842,4006,1773,2233
B0103,03,044,District - Muktsar,Urban,Technical diploma or certificate not equal to degree,2436,1376,1060,973,674,299,55,33,22,36,23,13,1408,669,739,283,169,114
B0103,03,044,District - Muktsar,Urban,Graduate and above other than technical degree,18486,9297,9189,9440,7205,2235,354,178,176,175,75,100,8692,1914,6778,1965,566,1399
B0103,03,044,District - Muktsar,Urban,Technical degree or diploma equal to degree or post-graduate degree,5930,2905,3025,2851,1725,1126,125,58,67,68,32,36,2954,1122,1832,971,406,565
B0103,03,045,District - Faridkot,Total,Total,617508,326671,290837,190415,168224,22191,31140,16825,14315,17256,10183,7073,395953,141622,254331,37700,12992,24708
B0103,03,045,District - Faridkot,Total,Illiterate,236223,110904,125319,58731,50264,8467,14110,6421,7689,7605,3816,3789,163382,54219,109163,8985,1552,7433
B0103,03,045,District - Faridkot,Total,Literate,381285,215767,165518,131684,117960,13724,17030,10404,6626,9651,6367,3284,232571,87403,145168,28715,11440,17275
B0103,03,045,District - Faridkot,Total,Literate but below matric/secondary,209347,116877,92470,56285,52073,4212,9666,5968,3698,5443,3684,1759,143396,58836,84560,10821,4108,6713
B0103,03,045,District - Faridkot,Total,Matric/secondary but below graduate,124753,74246,50507,53307,49555,3752,5321,3357,1964,3124,2092,1032,66125,21334,44791,12473,5336,7137
B0103,03,045,District - Faridkot,Total,Technical diploma or certificate not equal to degree,5229,3111,2118,1776,1220,556,226,139,87,144,97,47,3227,1752,1475,888,531,357
B0103,03,045,District - Faridkot,Total,Graduate and above other than technical degree,24963,12745,12218,12896,9736,3160,841,406,435,434,202,232,11226,2603,8623,2726,776,1950
B0103,03,045,District - Faridkot,Total,Technical degree or diploma equal to degree or post-graduate degree,7885,3824,4061,3770,2215,1555,288,126,162,183,77,106,3827,1483,2344,1235,496,739
B0103,03,045,District - Faridkot,Rural,Total,400457,210782,189675,121455,108599,12856,23065,11732,11333,13098,7451,5647,255937,90451,165486,23791,7433,16358
B0103,03,045,District - Faridkot,Rural,Illiterate,170658,80482,90176,45168,39038,6130,11667,5012,6655,6446,3111,3335,113823,36432,77391,6767,1025,5742
B0103,03,045,District - Faridkot,Rural,Literate,229799,130300,99499,76287,69561,6726,11398,6720,4678,6652,4340,2312,142114,54019,88095,17024,6408,10616
B0103,03,045,District - Faridkot,Rural,Literate but below matric/secondary,140812,78407,62405,38561,35639,2922,6903,4040,2863,4023,2630,1393,95348,38728,56620,7320,2505,4815
B0103,03,045,District - Faridkot,Rural,Matric/secondary but below graduate,71401,42529,28872,30335,28136,2199,3516,2159,1357,2101,1400,701,37550,12234,25316,7364,3019,4345
B0103,03,045,District - Faridkot,Rural,Technical diploma or certificate not equal to degree,2542,1566,976,737,521,216,105,70,35,75,53,22,1700,975,725,517,317,200
B0103,03,045,District - Faridkot,Rural,Graduate and above other than technical degree,6968,3521,3447,3375,2622,753,291,138,153,164,84,80,3302,761,2541,1006,267,739
B0103,03,045,District - Faridkot,Rural,Technical degree or diploma equal to degree or post-graduate degree,2105,998,1107,822,513,309,75,32,43,50,22,28,1208,453,755,455,173,282
B0103,03,045,District - Faridkot,Urban,Total,217051,115889,101162,68960,59625,9335,8075,5093,2982,4158,2732,1426,140016,51171,88845,13909,5559,8350
B0103,03,045,District - Faridkot,Urban,Illiterate,65565,30422,35143,13563,11226,2337,2443,1409,1034,1159,705,454,49559,17787,31772,2218,527,1691
B0103,03,045,District - Faridkot,Urban,Literate,151486,85467,66019,55397,48399,6998,5632,3684,1948,2999,2027,972,90457,33384,57073,11691,5032,6659
B0103,03,045,District - Faridkot,Urban,Literate but below matric/secondary,68535,38470,30065,17724,16434,1290,2763,1928,835,1420,1054,366,48048,20108,27940,3501,1603,1898
B0103,03,045,District - Faridkot,Urban,Matric/secondary but below graduate,53352,31717,21635,22972,21419,1553,1805,1198,607,1023,692,331,28575,9100,19475,5109,2317,2792
B0103,03,045,District - Faridkot,Urban,Technical diploma or certificate not equal to degree,2687,1545,1142,1039,699,340,121,69,52,69,44,25,1527,777,750,371,214,157
B0103,03,045,District - Faridkot,Urban,Graduate and above other than technical degree,17995,9224,8771,9521,7114,2407,550,268,282,270,118,152,7924,1842,6082,1720,509,1211
B0103,03,045,District - Faridkot,Urban,Technical degree or diploma equal to degree or post-graduate degree,5780,2826,2954,2948,1702,1246,213,94,119,133,55,78,2619,1030,1589,780,323,457
B0103,03,046,District - Bathinda,Total,Total,1388525,743197,645328,452678,390057,62621,97308,42931,54377,41318,22503,18815,838539,310209,528330,71542,26051,45491
B0103,03,046,District - Bathinda,Total,Illiterate,543657,254936,288721,144380,118276,26104,46251,16100,30151,19412,8780,10632,353026,120560,232466,15685,3053,12632
B0103,03,046,District - Bathinda,Total,Literate,844868,488261,356607,308298,271781,36517,51057,26831,24226,21906,13723,8183,485513,189649,295864,55857,22998,32859
B0103,03,046,District - Bathinda,Total,Literate but below matric/secondary,448967,255278,193689,126900,113854,13046,28154,14380,13774,11884,7469,4415,293913,127044,166869,19193,7787,11406
B0103,03,046,District - Bathinda,Total,Matric/secondary but below graduate,275491,168123,107368,125210,114645,10565,15962,8830,7132,6819,4387,2432,134319,44648,89671,23999,10539,13460
B0103,03,046,District - Bathinda,Total,Technical diploma or certificate not equal to degree,11397,7768,3629,4762,3821,941,489,320,169,255,178,77,6146,3627,2519,1646,1039,607
B0103,03,046,District - Bathinda,Total,Graduate and above other than technical degree,62037,32023,30014,31209,24183,7026,2651,1238,1413,1103,513,590,28177,6602,21575,6543,1875,4668
B0103,03,046,District - Bathinda,Total,Technical degree or diploma equal to degree or post-graduate degree,19132,9566,9566,8854,5587,3267,798,373,425,430,182,248,9480,3606,5874,2942,1193,1749
B0103,03,046,District - Bathinda,Rural,Total,889308,474484,414824,291552,251357,40195,77840,31304,46536,32572,16799,15773,519916,191823,328093,42974,14809,28165
B0103,03,046,District - Bathinda,Rural,Illiterate,396116,186952,209164,114160,93904,20256,39858,12810,27048,16403,7019,9384,242098,80238,161860,11248,2058,9190
B0103,03,046,District - Bathinda,Rural,Literate,493192,287532,205660,177392,157453,19939,37982,18494,19488,16169,9780,6389,277818,111585,166233,31726,12751,18975
B0103,03,046,District - Bathinda,Rural,Literate but below matric/secondary,304412,173982,130430,91096,80992,10104,22617,10582,12035,9288,5481,3807,190699,82408,108291,12979,5069,7910
B0103,03,046,District - Bathinda,Rural,Matric/secondary but below graduate,148699,91268,57431,68926,62433,6493,11528,5904,5624,4930,3056,1874,68245,22931,45314,14093,5993,8100
B0103,03,046,District - Bathinda,Rural,Technical diploma or certificate not equal to degree,4192,2737,1455,1519,1193,326,249,149,100,144,95,49,2424,1395,1029,800,463,337
B0103,03,046,District - Bathinda,Rural,Graduate and above other than technical degree,14667,7717,6950,7062,5550,1512,996,462,534,481,244,237,6609,1705,4904,2127,625,1502
B0103,03,046,District - Bathinda,Rural,Technical degree or diploma equal to degree or post-graduate degree,4043,2031,2012,1629,1106,523,230,104,126,145,65,80,2184,821,1363,810,287,523
B0103,03,046,District - Bathinda,Urban,Total,499217,268713,230504,161126,138700,22426,19468,11627,7841,8746,5704,3042,318623,118386,200237,28568,11242,17326
B0103,03,046,District - Bathinda,Urban,Illiterate,147541,67984,79557,30220,24372,5848,6393,3290,3103,3009,1761,1248,110928,40322,70606,4437,995,3442
B0103,03,046,District - Bathinda,Urban,Literate,351676,200729,150947,130906,114328,16578,13075,8337,4738,5737,3943,1794,207695,78064,129631,24131,10247,13884
B0103,03,046,District - Bathinda,Urban,Literate but below matric/secondary,144555,81296,63259,35804,32862,2942,5537,3798,1739,2596,1988,608,103214,44636,58578,6214,2718,3496
B0103,03,046,District - Bathinda,Urban,Matric/secondary but below graduate,126792,76855,49937,56284,52212,4072,4434,2926,1508,1889,1331,558,66074,21717,44357,9906,4546,5360
B0103,03,046,District - Bathinda,Urban,Technical diploma or certificate not equal to degree,7205,5031,2174,3243,2628,615,240,171,69,111,83,28,3722,2232,1490,846,576,270
B0103,03,046,District - Bathinda,Urban,Graduate and above other than technical degree,47370,24306,23064,24147,18633,5514,1655,776,879,622,269,353,21568,4897,16671,4416,1250,3166
B0103,03,046,District - Bathinda,Urban,Technical degree or diploma equal to degree or post-graduate degree,15089,7535,7554,7225,4481,2744,568,269,299,285,117,168,7296,2785,4511,2132,906,1226
B0103,03,047,District - Mansa,Total,Total,769751,408732,361019,247175,207008,40167,81337,23731,57606,30448,12246,18202,441239,177993,263246,40583,15837,24746
B0103,03,047,District - Mansa,Total,Illiterate,346191,164695,181496,102012,81310,20702,44776,10321,34455,15399,5027,10372,199403,73064,126339,9274,1998,7276
B0103,03,047,District - Mansa,Total,Literate,423560,244037,179523,145163,125698,19465,36561,13410,23151,15049,7219,7830,241836,104929,136907,31309,13839,17470
B0103,03,047,District - Mansa,Total,Literate but below matric/secondary,248080,139333,108747,65881,57292,8589,21668,7383,14285,8286,3827,4459,160531,74658,85873,12157,5286,6871
B0103,03,047,District - Mansa,Total,Matric/secondary but below graduate,129040,79836,49204,57942,52097,5845,10971,4518,6453,4968,2586,2382,60127,23221,36906,13808,6488,7320
B0103,03,047,District - Mansa,Total,Technical diploma or certificate not equal to degree,4649,2781,1868,1734,1378,356,286,159,127,186,109,77,2629,1244,1385,814,458,356
B0103,03,047,District - Mansa,Total,Graduate and above other than technical degree,19713,10258,9455,10040,7558,2482,1082,448,634,549,226,323,8591,2252,6339,2536,799,1737
B0103,03,047,District - Mansa,Total,Technical degree or diploma equal to degree or post-graduate degree,6508,3256,3252,2799,1767,1032,351,164,187,247,120,127,3358,1325,2033,1281,549,732
B0103,03,047,District - Mansa,Rural,Total,606147,322184,283963,197049,164494,32555,73223,19283,53940,26576,10105,16471,335875,138407,197468,27964,11072,16892
B0103,03,047,District - Mansa,Rural,Illiterate,292903,140081,152822,90031,71848,18183,41677,8900,32777,13899,4337,9562,161195,59333,101862,6779,1422,5357
B0103,03,047,District - Mansa,Rural,Literate,313244,182103,131141,107018,92646,14372,31546,10383,21163,12677,5768,6909,174680,79074,95606,21185,9650,11535
B0103,03,047,District - Mansa,Rural,Literate but below matric/secondary,198815,111541,87274,54090,46534,7556,19212,5859,13353,7153,3086,4067,125513,59148,66365,9006,3966,5040
B0103,03,047,District - Mansa,Rural,Matric/secondary but below graduate,89740,56600,33140,41644,37231,4413,9271,3436,5835,4148,2062,2086,38825,15933,22892,9495,4557,4938
B0103,03,047,District - Mansa,Rural,Technical diploma or certificate not equal to degree,2689,1688,1001,955,772,183,229,126,103,155,93,62,1505,790,715,560,319,241
B0103,03,047,District - Mansa,Rural,Graduate and above other than technical degree,7516,4196,3320,3938,2965,973,653,248,405,355,153,202,2925,983,1942,1135,389,746
B0103,03,047,District - Mansa,Rural,Technical degree or diploma equal to degree or post-graduate degree,2284,1243,1041,926,640,286,199,95,104,151,76,75,1159,508,651,529,241,288
B0103,03,047,District - Mansa,Urban,Total,163604,86548,77056,50126,42514,7612,8114,4448,3666,3872,2141,1731,105364,39586,65778,12619,4765,7854
B0103,03,047,District - Mansa,Urban,Illiterate,53288,24614,28674,11981,9462,2519,3099,1421,1678,1500,690,810,38208,13731,24477,2495,576,1919
B0103,03,047,District - Mansa,Urban,Literate,110316,61934,48382,38145,33052,5093,5015,3027,1988,2372,1451,921,67156,25855,41301,10124,4189,5935
B0103,03,047,District - Mansa,Urban,Literate but below matric/secondary,49265,27792,21473,11791,10758,1033,2456,1524,932,1133,741,392,35018,15510,19508,3151,1320,1831
B0103,03,047,District - Mansa,Urban,Matric/secondary but below graduate,39300,23236,16064,16298,14866,1432,1700,1082,618,820,524,296,21302,7288,14014,4313,1931,2382
B0103,03,047,District - Mansa,Urban,Technical diploma or certificate not equal to degree,1960,1093,867,779,606,173,57,33,24,31,16,15,1124,454,670,254,139,115
B0103,03,047,District - Mansa,Urban,Graduate and above other than technical degree,12197,6062,6135,6102,4593,1509,429,200,229,194,73,121,5666,1269,4397,1401,410,991
B0103,03,047,District - Mansa,Urban,Technical degree or diploma equal to degree or post-graduate degree,4224,2013,2211,1873,1127,746,152,69,83,96,44,52,2199,817,1382,752,308,444
B0103,03,048,District - Patiala,Total,Total,1895686,1002522,893164,570391,492466,77925,89876,57195,32681,44003,30963,13040,1235419,452861,782558,99986,40650,59336
B0103,03,048,District - Patiala,Total,Illiterate,628895,291470,337425,137534,113078,24456,33028,17820,15208,15721,9632,6089,458333,160572,297761,16921,3744,13177
B0103,03,048,District - Patiala,Total,Literate,1266791,711052,555739,432857,379388,53469,56848,39375,17473,28282,21331,6951,777086,292289,484797,83065,36906,46159
B0103,03,048,District - Patiala,Total,Literate but below matric/secondary,649544,360395,289149,167650,152427,15223,30297,21561,8736,15390,12141,3249,451597,186407,265190,28048,12331,15717
B0103,03,048,District - Patiala,Total,Matric/secondary but below graduate,414141,244416,169725,170925,156809,14116,18245,13076,5169,9162,7056,2106,224971,74531,150440,34710,16653,18057
B0103,03,048,District - Patiala,Total,Technical diploma or certificate not equal to degree,15455,10764,4691,6670,5563,1107,587,427,160,299,232,67,8198,4774,3424,1910,1293,617
B0103,03,048,District - Patiala,Total,Graduate and above other than technical degree,120857,61158,59699,59768,44324,15444,4260,2231,2029,1828,857,971,56829,14603,42226,11793,3795,7998
B0103,03,048,District - Patiala,Total,Technical degree or diploma equal to degree or post-graduate degree,30453,15197,15256,13812,8329,5483,1184,572,612,555,271,284,15457,6296,9161,4478,1997,2481
B0103,03,048,District - Patiala,Rural,Total,1132406,598800,533606,325813,290160,35653,61486,39687,21799,32546,23460,9086,745107,268953,476154,55435,21707,33728
B0103,03,048,District - Patiala,Rural,Illiterate,443568,205360,238208,101504,85136,16368,26755,14293,12462,13304,8100,5204,315309,105931,209378,12429,2523,9906
B0103,03,048,District - Patiala,Rural,Literate,688838,393440,295398,224309,205024,19285,34731,25394,9337,19242,15360,3882,429798,163022,266776,43006,19184,23822
B0103,03,048,District - Patiala,Rural,Literate but below matric/secondary,428044,238097,189947,113098,103611,9487,21827,15758,6069,12021,9538,2483,293119,118728,174391,19053,8003,11050
B0103,03,048,District - Patiala,Rural,Matric/secondary but below graduate,209901,127149,82752,89284,83084,6200,10282,7923,2359,5772,4807,965,110335,36142,74193,18419,8943,9476
B0103,03,048,District - Patiala,Rural,Technical diploma or certificate not equal to degree,3802,2661,1141,1265,1030,235,192,152,40,117,101,16,2345,1479,866,791,537,254
B0103,03,048,District - Patiala,Rural,Graduate and above other than technical degree,23370,12810,10560,11566,9485,2081,832,484,348,482,283,199,10972,2841,8131,2786,950,1836
B0103,03,048,District - Patiala,Rural,Technical degree or diploma equal to degree or post-graduate degree,4042,2048,1994,1553,1073,480,171,85,86,101,57,44,2318,890,1428,813,342,471
B0103,03,048,District - Patiala,Urban,Total,763280,403722,359558,244578,202306,42272,28390,17508,10882,11457,7503,3954,490312,183908,306404,44551,18943,25608
B0103,03,048,District - Patiala,Urban,Illiterate,185327,86110,99217,36030,27942,8088,6273,3527,2746,2417,1532,885,143024,54641,88383,4492,1221,3271
B0103,03,048,District - Patiala,Urban,Literate,577953,317612,260341,208548,174364,34184,22117,13981,8136,9040,5971,3069,347288,129267,218021,40059,17722,22337
B0103,03,048,District - Patiala,Urban,Literate but below matric/secondary,221500,122298,99202,54552,48816,5736,8470,5803,2667,3369,2603,766,158478,67679,90799,8995,4328,4667
B0103,03,048,District - Patiala,Urban,Matric/secondary but below graduate,204240,117267,86973,81641,73725,7916,7963,5153,2810,3390,2249,1141,114636,38389,76247,16291,7710,8581
B0103,03,048,District - Patiala,Urban,Technical diploma or certificate not equal to degree,11653,8103,3550,5405,4533,872,395,275,120,182,131,51,5853,3295,2558,1119,756,363
B0103,03,048,District - Patiala,Urban,Graduate and above other than technical degree,97487,48348,49139,48202,34839,13363,3428,1747,1681,1346,574,772,45857,11762,34095,9007,2845,6162
B0103,03,048,District - Patiala,Urban,Technical degree or diploma equal to degree or post-graduate degree,26411,13149,13262,12259,7256,5003,1013,487,526,454,214,240,13139,5406,7733,3665,1655,2010
B0103,03,049,District - Amritsar ,Total,Total,2490656,1318408,1172248,787254,662368,124886,130602,72827,57775,59916,36943,22973,1572800,583213,989587,147912,61249,86663
B0103,03,049,District - Amritsar ,Total,Illiterate,805886,385427,420459,198554,155021,43533,45478,21358,24120,20607,11129,9478,561854,209048,352806,26954,7035,19919
B0103,03,049,District - Amritsar ,Total,Literate,1684770,932981,751789,588700,507347,81353,85124,51469,33655,39309,25814,13495,1010946,374165,636781,120958,54214,66744
B0103,03,049,District - Amritsar ,Total,Literate but below matric/secondary,787835,430677,357158,195338,170786,24552,38914,23527,15387,16842,11364,5478,553583,236364,317219,40490,18212,22278
B0103,03,049,District - Amritsar ,Total,Matric/secondary but below graduate,640662,372416,268246,276184,248563,27621,33386,21084,12302,16633,11292,5341,331092,102769,228323,58829,27863,30966
B0103,03,049,District - Amritsar ,Total,Technical diploma or certificate not equal to degree,20298,11268,9030,8413,5939,2474,975,579,396,542,326,216,10910,4750,6160,2601,1376,1225
B0103,03,049,District - Amritsar ,Total,Graduate and above other than technical degree,140462,68845,71617,68839,52403,16436,5599,2690,2909,2435,1111,1324,66024,13752,52272,10873,3194,7679
B0103,03,049,District - Amritsar ,Total,Technical degree or diploma equal to degree or post-graduate degree,31595,15503,16092,15399,9169,6230,1418,706,712,698,348,350,14778,5628,9150,3744,1721,2023
B0103,03,049,District - Amritsar ,Rural,Total,1156045,607266,548779,349730,293731,55999,73484,38921,34563,36616,22248,14368,732831,274614,458217,68750,26978,41772
B0103,03,049,District - Amritsar ,Rural,Illiterate,466598,221231,245367,123853,97314,26539,32731,14327,18404,15476,8037,7439,310014,109590,200424,16017,3630,12387
B0103,03,049,District - Amritsar ,Rural,Literate,689447,386035,303412,225877,196417,29460,40753,24594,16159,21140,14211,6929,422817,165024,257793,52733,23348,29385
B0103,03,049,District - Amritsar ,Rural,Literate but below matric/secondary,385985,208673,177312,92377,79685,12692,20906,12262,8644,10171,6757,3414,272702,116726,155976,20825,8728,12097
B0103,03,049,District - Amritsar ,Rural,Matric/secondary but below graduate,246972,148476,98496,109995,99033,10962,15882,10253,5629,8970,6324,2646,121095,39190,81905,25999,12424,13575
B0103,03,049,District - Amritsar ,Rural,Technical diploma or certificate not equal to degree,6533,3212,3321,2567,1658,909,337,186,151,202,119,83,3629,1368,2261,1035,434,601
B0103,03,049,District - Amritsar ,Rural,Graduate and above other than technical degree,15843,7471,8372,7602,5385,2217,836,343,493,400,176,224,7405,1743,5662,1914,521,1393
B0103,03,049,District - Amritsar ,Rural,Technical degree or diploma equal to degree or post-graduate degree,4673,2084,2589,2037,1173,864,228,91,137,139,56,83,2408,820,1588,762,292,470
B0103,03,049,District - Amritsar ,Urban,Total,1334611,711142,623469,437524,368637,68887,57118,33906,23212,23300,14695,8605,839969,308599,531370,79162,34271,44891
B0103,03,049,District - Amritsar ,Urban,Illiterate,339288,164196,175092,74701,57707,16994,12747,7031,5716,5131,3092,2039,251840,99458,152382,10937,3405,7532
B0103,03,049,District - Amritsar ,Urban,Literate,995323,546946,448377,362823,310930,51893,44371,26875,17496,18169,11603,6566,588129,209141,378988,68225,30866,37359
B0103,03,049,District - Amritsar ,Urban,Literate but below matric/secondary,401850,222004,179846,102961,91101,11860,18008,11265,6743,6671,4607,2064,280881,119638,161243,19665,9484,10181
B0103,03,049,District - Amritsar ,Urban,Matric/secondary but below graduate,393690,223940,169750,166189,149530,16659,17504,10831,6673,7663,4968,2695,209997,63579,146418,32830,15439,17391
B0103,03,049,District - Amritsar ,Urban,Technical diploma or certificate not equal to degree,13765,8056,5709,5846,4281,1565,638,393,245,340,207,133,7281,3382,3899,1566,942,624
B0103,03,049,District - Amritsar ,Urban,Graduate and above other than technical degree,124619,61374,63245,61237,47018,14219,4763,2347,2416,2035,935,1100,58619,12009,46610,8959,2673,6286
B0103,03,049,District - Amritsar ,Urban,Technical degree or diploma equal to degree or post-graduate degree,26922,13419,13503,13362,7996,5366,1190,615,575,559,292,267,12370,4808,7562,2982,1429,1553
B0103,03,050,District - Tarn Taran,Total,Total,1119627,589369,530258,316310,272951,43359,64392,40688,23704,33127,22656,10471,738925,275730,463195,73926,29706,44220
B0103,03,050,District - Tarn Taran,Total,Illiterate,453465,212942,240523,107388,88215,19173,26938,15500,11438,13131,8278,4853,319139,109227,209912,18541,4208,14333
B0103,03,050,District - Tarn Taran,Total,Literate,666162,376427,289735,208922,184736,24186,37454,25188,12266,19996,14378,5618,419786,166503,253283,55385,25498,29887
B0103,03,050,District - Tarn Taran,Total,Literate but below matric/secondary,364046,195605,168441,78569,69495,9074,18500,12198,6302,9406,6698,2708,266977,113912,153065,21572,9307,12265
B0103,03,050,District - Tarn Taran,Total,Matric/secondary but below graduate,239738,148499,91239,104424,95557,8867,14977,10774,4203,8634,6533,2101,120337,42168,78169,27312,13722,13590
B0103,03,050,District - Tarn Taran,Total,Technical diploma or certificate not equal to degree,6046,2956,3090,2301,1520,781,292,137,155,201,102,99,3453,1299,2154,1052,450,602
B0103,03,050,District - Tarn Taran,Total,Graduate and above other than technical degree,18533,9477,9056,9358,6899,2459,828,388,440,456,201,255,8347,2190,6157,2288,717,1571
B0103,03,050,District - Tarn Taran,Total,Technical degree or diploma equal to degree or post-graduate degree,5527,2622,2905,2610,1570,1040,253,111,142,171,77,94,2664,941,1723,912,335,577
B0103,03,050,District - Tarn Taran,Rural,Total,977832,514322,463510,273431,235849,37582,60422,38316,22106,30995,21335,9660,643979,240157,403822,64283,25362,38921
B0103,03,050,District - Tarn Taran,Rural,Illiterate,407719,191157,216562,97438,79705,17733,25638,14838,10800,12493,7930,4563,284643,96614,188029,16810,3653,13157
B0103,03,050,District - Tarn Taran,Rural,Literate,570113,323165,246948,175993,156144,19849,34784,23478,11306,18502,13405,5097,359336,143543,215793,47473,21709,25764
B0103,03,050,District - Tarn Taran,Rural,Literate but below matric/secondary,320804,172297,148507,69107,60838,8269,17391,11463,5928,8804,6270,2534,234306,99996,134310,19130,8099,11031
B0103,03,050,District - Tarn Taran,Rural,Matric/secondary but below graduate,201645,126083,75562,88173,80718,7455,13858,10024,3834,7993,6107,1886,99614,35341,64273,23504,11800,11704
B0103,03,050,District - Tarn Taran,Rural,Technical diploma or certificate not equal to degree,4156,2003,2153,1472,993,479,251,119,132,176,90,86,2433,891,1542,789,322,467
B0103,03,050,District - Tarn Taran,Rural,Graduate and above other than technical degree,11003,5641,5362,5373,4035,1338,637,303,334,344,154,190,4993,1303,3690,1446,421,1025
B0103,03,050,District - Tarn Taran,Rural,Technical degree or diploma equal to degree or post-graduate degree,3103,1414,1689,1334,832,502,197,84,113,137,61,76,1572,498,1074,538,178,360
B0103,03,050,District - Tarn Taran,Urban,Total,141795,75047,66748,42879,37102,5777,3970,2372,1598,2132,1321,811,94946,35573,59373,9643,4344,5299
B0103,03,050,District - Tarn Taran,Urban,Illiterate,45746,21785,23961,9950,8510,1440,1300,662,638,638,348,290,34496,12613,21883,1731,555,1176
B0103,03,050,District - Tarn Taran,Urban,Literate,96049,53262,42787,32929,28592,4337,2670,1710,960,1494,973,521,60450,22960,37490,7912,3789,4123
B0103,03,050,District - Tarn Taran,Urban,Literate but below matric/secondary,43242,23308,19934,9462,8657,805,1109,735,374,602,428,174,32671,13916,18755,2442,1208,1234
B0103,03,050,District - Tarn Taran,Urban,Matric/secondary but below graduate,38093,22416,15677,16251,14839,1412,1119,750,369,641,426,215,20723,6827,13896,3808,1922,1886
B0103,03,050,District - Tarn Taran,Urban,Technical diploma or certificate not equal to degree,1890,953,937,829,527,302,41,18,23,25,12,13,1020,408,612,263,128,135
B0103,03,050,District - Tarn Taran,Urban,Graduate and above other than technical degree,7530,3836,3694,3985,2864,1121,191,85,106,112,47,65,3354,887,2467,842,296,546
B0103,03,050,District - Tarn Taran,Urban,Technical degree or diploma equal to degree or post-graduate degree,2424,1208,1216,1276,738,538,56,27,29,34,16,18,1092,443,649,374,157,217
B0103,03,051,District - Rupnagar,Total,Total,684627,357485,327142,194209,161858,32351,39467,25052,14415,17262,12986,4276,450951,170575,280376,44811,20255,24556
B0103,03,051,District - Rupnagar,Total,Illiterate,181896,78951,102945,28214,20723,7491,8680,4526,4154,3007,2031,976,145002,53702,91300,4459,1314,3145
B0103,03,051,District - Rupnagar,Total,Literate,502731,278534,224197,165995,141135,24860,30787,20526,10261,14255,10955,3300,305949,116873,189076,40352,18941,21411
B0103,03,051,District - Rupnagar,Total,Literate but below matric/secondary,249189,134737,114452,62067,53099,8968,15405,10345,5060,6737,5430,1307,171717,71293,100424,12605,6192,6413
B0103,03,051,District - Rupnagar,Total,Matric/secondary but below graduate,179925,104972,74953,71540,63741,7799,11466,7831,3635,5610,4276,1334,96919,33400,63519,18409,9040,9369
B0103,03,051,District - Rupnagar,Total,Technical diploma or certificate not equal to degree,10629,7559,3070,4831,4074,757,524,382,142,302,233,69,5274,3103,2171,1662,1102,560
B0103,03,051,District - Rupnagar,Total,Graduate and above other than technical degree,32132,15937,16195,15479,11363,4116,1334,713,621,720,392,328,15319,3861,11458,4325,1273,3052
B0103,03,051,District - Rupnagar,Total,Technical degree or diploma equal to degree or post-graduate degree,10278,5235,5043,4832,3097,1735,421,199,222,262,128,134,5025,1939,3086,1768,697,1071
B0103,03,051,District - Rupnagar,Rural,Total,506820,264089,242731,142868,118590,24278,32894,20163,12731,13866,10309,3557,331058,125336,205722,33266,15117,18149
B0103,03,051,District - Rupnagar,Rural,Illiterate,141898,60713,81185,22580,16106,6474,7012,3318,3694,2188,1394,794,112306,41289,71017,3447,975,2472
B0103,03,051,District - Rupnagar,Rural,Literate,364922,203376,161546,120288,102484,17804,25882,16845,9037,11678,8915,2763,218752,84047,134705,29819,14142,15677
B0103,03,051,District - Rupnagar,Rural,Literate but below matric/secondary,195005,105257,89748,50600,42670,7930,13349,8682,4667,5646,4482,1164,131056,53905,77151,10207,4932,5275
B0103,03,051,District - Rupnagar,Rural,Matric/secondary but below graduate,130131,77171,52960,53585,47448,6137,9662,6459,3203,4668,3529,1139,66884,23264,43620,14157,7012,7145
B0103,03,051,District - Rupnagar,Rural,Technical diploma or certificate not equal to degree,5416,3800,1616,2180,1835,345,376,272,104,220,166,54,2860,1693,1167,1073,691,382
B0103,03,051,District - Rupnagar,Rural,Graduate and above other than technical degree,14149,7198,6951,6549,4928,1621,850,450,400,474,263,211,6750,1820,4930,2292,709,1583
B0103,03,051,District - Rupnagar,Rural,Technical degree or diploma equal to degree or post-graduate degree,3880,1882,1998,1602,1052,550,228,102,126,146,71,75,2050,728,1322,854,302,552
B0103,03,051,District - Rupnagar,Urban,Total,177807,93396,84411,51341,43268,8073,6573,4889,1684,3396,2677,719,119893,45239,74654,11545,5138,6407
B0103,03,051,District - Rupnagar,Urban,Illiterate,39998,18238,21760,5634,4617,1017,1668,1208,460,819,637,182,32696,12413,20283,1012,339,673
B0103,03,051,District - Rupnagar,Urban,Literate,137809,75158,62651,45707,38651,7056,4905,3681,1224,2577,2040,537,87197,32826,54371,10533,4799,5734
B0103,03,051,District - Rupnagar,Urban,Literate but below matric/secondary,54184,29480,24704,11467,10429,1038,2056,1663,393,1091,948,143,40661,17388,23273,2398,1260,1138
B0103,03,051,District - Rupnagar,Urban,Matric/secondary but below graduate,49794,27801,21993,17955,16293,1662,1804,1372,432,942,747,195,30035,10136,19899,4252,2028,2224
B0103,03,051,District - Rupnagar,Urban,Technical diploma or certificate not equal to degree,5213,3759,1454,2651,2239,412,148,110,38,82,67,15,2414,1410,1004,589,411,178
B0103,03,051,District - Rupnagar,Urban,Graduate and above other than technical degree,17983,8739,9244,8930,6435,2495,484,263,221,246,129,117,8569,2041,6528,2033,564,1469
B0103,03,051,District - Rupnagar,Urban,Technical degree or diploma equal to degree or post-graduate degree,6398,3353,3045,3230,2045,1185,193,97,96,116,57,59,2975,1211,1764,914,395,519
B0103,03,052,District - Sahibzada Ajit Singh Nagar,Total,Total,994628,529253,465375,316236,258369,57867,39759,24998,14761,17352,12178,5174,638633,245886,392747,53830,22463,31367
B0103,03,052,District - Sahibzada Ajit Singh Nagar,Total,Illiterate,258053,119309,138744,47091,34375,12716,8850,4630,4220,3549,2219,1330,202112,80304,121808,6079,1464,4615
B0103,03,052,District - Sahibzada Ajit Singh Nagar,Total,Literate,736575,409944,326631,269145,223994,45151,30909,20368,10541,13803,9959,3844,436521,165582,270939,47751,20999,26752
B0103,03,052,District - Sahibzada Ajit Singh Nagar,Total,Literate but below matric/secondary,323923,175763,148160,82126,70746,11380,13763,9315,4448,6142,4768,1374,228034,95702,132332,14136,6298,7838
B0103,03,052,District - Sahibzada Ajit Singh Nagar,Total,Matric/secondary but below graduate,248218,145844,102374,105425,93970,11455,10489,7280,3209,4919,3667,1252,132304,44594,87710,20211,9709,10502
B0103,03,052,District - Sahibzada Ajit Singh Nagar,Total,Technical diploma or certificate not equal to degree,12594,8559,4035,6092,4885,1207,438,309,129,218,152,66,6064,3365,2699,1268,809,459
B0103,03,052,District - Sahibzada Ajit Singh Nagar,Total,Graduate and above other than technical degree,97263,50851,46412,50669,36692,13977,3479,1843,1636,1328,630,698,43115,12316,30799,7765,2337,5428
B0103,03,052,District - Sahibzada Ajit Singh Nagar,Total,Technical degree or diploma equal to degree or post-graduate degree,26053,14427,11626,14000,9186,4814,945,506,439,407,198,209,11108,4735,6373,2550,1118,1432
B0103,03,052,District - Sahibzada Ajit Singh Nagar,Rural,Total,450017,240984,209033,139827,117117,22710,21844,14049,7795,9829,7390,2439,288346,109818,178528,22942,9789,13153
B0103,03,052,District - Sahibzada Ajit Singh Nagar,Rural,Illiterate,136448,62451,73997,27481,19882,7599,5841,3088,2753,2305,1507,798,103126,39481,63645,3223,732,2491
B0103,03,052,District - Sahibzada Ajit Singh Nagar,Rural,Literate,313569,178533,135036,112346,97235,15111,16003,10961,5042,7524,5883,1641,185220,70337,114883,19719,9057,10662
B0103,03,052,District - Sahibzada Ajit Singh Nagar,Rural,Literate but below matric/secondary,176821,97071,79750,50707,43148,7559,8912,6074,2838,4025,3191,834,117202,47849,69353,7829,3384,4445
B0103,03,052,District - Sahibzada Ajit Singh Nagar,Rural,Matric/secondary but below graduate,106877,65307,41570,49383,44330,5053,5357,3830,1527,2629,2126,503,52137,17147,34990,8968,4381,4587
B0103,03,052,District - Sahibzada Ajit Singh Nagar,Rural,Technical diploma or certificate not equal to degree,2581,1825,756,984,829,155,114,84,30,72,51,21,1483,912,571,418,294,124
B0103,03,052,District - Sahibzada Ajit Singh Nagar,Rural,Graduate and above other than technical degree,10444,5682,4762,5109,4065,1044,461,255,206,232,124,108,4874,1362,3512,1202,433,769
B0103,03,052,District - Sahibzada Ajit Singh Nagar,Rural,Technical degree or diploma equal to degree or post-graduate degree,1814,949,865,695,458,237,70,33,37,43,23,20,1049,458,591,348,169,179
B0103,03,052,District - Sahibzada Ajit Singh Nagar,Urban,Total,544611,288269,256342,176409,141252,35157,17915,10949,6966,7523,4788,2735,350287,136068,214219,30888,12674,18214
B0103,03,052,District - Sahibzada Ajit Singh Nagar,Urban,Illiterate,121605,56858,64747,19610,14493,5117,3009,1542,1467,1244,712,532,98986,40823,58163,2856,732,2124
B0103,03,052,District - Sahibzada Ajit Singh Nagar,Urban,Literate,423006,231411,191595,156799,126759,30040,14906,9407,5499,6279,4076,2203,251301,95245,156056,28032,11942,16090
B0103,03,052,District - Sahibzada Ajit Singh Nagar,Urban,Literate but below matric/secondary,147102,78692,68410,31419,27598,3821,4851,3241,1610,2117,1577,540,110832,47853,62979,6307,2914,3393
B0103,03,052,District - Sahibzada Ajit Singh Nagar,Urban,Matric/secondary but below graduate,141341,80537,60804,56042,49640,6402,5132,3450,1682,2290,1541,749,80167,27447,52720,11243,5328,5915
B0103,03,052,District - Sahibzada Ajit Singh Nagar,Urban,Technical diploma or certificate not equal to degree,10013,6734,3279,5108,4056,1052,324,225,99,146,101,45,4581,2453,2128,850,515,335
B0103,03,052,District - Sahibzada Ajit Singh Nagar,Urban,Graduate and above other than technical degree,86819,45169,41650,45560,32627,12933,3018,1588,1430,1096,506,590,38241,10954,27287,6563,1904,4659
B0103,03,052,District - Sahibzada Ajit Singh Nagar,Urban,Technical degree or diploma equal to degree or post-graduate degree,24239,13478,10761,13305,8728,4577,875,473,402,364,175,189,10059,4277,5782,2202,949,1253
B0103,03,053,District - Sangrur,Total,Total,1655169,878029,777140,499792,443632,56160,68966,41497,27469,31153,22189,8964,1086411,392900,693511,92172,36652,55520
B0103,03,053,District - Sangrur,Total,Illiterate,653092,307616,345476,164062,142319,21743,30046,15626,14420,12525,8017,4508,458984,149671,309313,19509,3969,15540
B0103,03,053,District - Sangrur,Total,Literate,1002077,570413,431664,335730,301313,34417,38920,25871,13049,18628,14172,4456,627427,243229,384198,72663,32683,39980
B0103,03,053,District - Sangrur,Total,Literate but below matric/secondary,556949,310474,246475,142472,130647,11825,21695,14487,7208,10116,7982,2134,392782,165340,227442,27026,11510,15516
B0103,03,053,District - Sangrur,Total,Matric/secondary but below graduate,329474,197898,131576,140105,129627,10478,13006,8954,4052,6514,4985,1529,176363,59317,117046,32589,15902,16687
B0103,03,053,District - Sangrur,Total,Technical diploma or certificate not equal to degree,10581,7012,3569,4148,3271,877,375,267,108,217,159,58,6058,3474,2584,1849,1225,624
B0103,03,053,District - Sangrur,Total,Graduate and above other than technical degree,60102,31373,28729,30624,23676,6948,1635,848,787,830,409,421,27843,6849,20994,6610,2109,4501
B0103,03,053,District - Sangrur,Total,Technical degree or diploma equal to degree or post-graduate degree,16367,8171,8196,7354,4497,2857,459,228,231,272,142,130,8554,3446,5108,2948,1332,1616
B0103,03,053,District - Sangrur,Rural,Total,1139204,604653,534551,341057,304093,36964,55434,32269,23165,24258,17085,7173,742713,268291,474422,63669,24652,39017
B0103,03,053,District - Sangrur,Rural,Illiterate,480347,227066,253281,125232,108584,16648,25014,12473,12541,9941,6178,3763,330101,106009,224092,14261,2651,11610
B0103,03,053,District - Sangrur,Rural,Literate,658857,377587,281270,215825,195509,20316,30420,19796,10624,14317,10907,3410,412612,162282,250330,49408,22001,27407
B0103,03,053,District - Sangrur,Rural,Literate but below matric/secondary,394774,219214,175560,101687,92623,9064,17520,11289,6231,7918,6154,1764,275567,115302,160265,19745,8120,11625
B0103,03,053,District - Sangrur,Rural,Matric/secondary but below graduate,211866,129400,82466,91470,84461,7009,10181,6908,3273,5104,3925,1179,110215,38031,72184,22987,11193,11794
B0103,03,053,District - Sangrur,Rural,Technical diploma or certificate not equal to degree,5392,3637,1755,1956,1576,380,259,189,70,162,122,40,3177,1872,1305,1201,773,428
B0103,03,053,District - Sangrur,Rural,Graduate and above other than technical degree,20993,11429,9564,10495,8337,2158,807,411,396,454,238,216,9691,2681,7010,3095,1001,2094
B0103,03,053,District - Sangrur,Rural,Technical degree or diploma equal to degree or post-graduate degree,5205,2670,2535,2162,1434,728,208,112,96,143,82,61,2835,1124,1711,1203,498,705
B0103,03,053,District - Sangrur,Urban,Total,515965,273376,242589,158735,139539,19196,13532,9228,4304,6895,5104,1791,343698,124609,219089,28503,12000,16503
B0103,03,053,District - Sangrur,Urban,Illiterate,172745,80550,92195,38830,33735,5095,5032,3153,1879,2584,1839,745,128883,43662,85221,5248,1318,3930
B0103,03,053,District - Sangrur,Urban,Literate,343220,192826,150394,119905,105804,14101,8500,6075,2425,4311,3265,1046,214815,80947,133868,23255,10682,12573
B0103,03,053,District - Sangrur,Urban,Literate but below matric/secondary,162175,91260,70915,40785,38024,2761,4175,3198,977,2198,1828,370,117215,50038,67177,7281,3390,3891
B0103,03,053,District - Sangrur,Urban,Matric/secondary but below graduate,117608,68498,49110,48635,45166,3469,2825,2046,779,1410,1060,350,66148,21286,44862,9602,4709,4893
B0103,03,053,District - Sangrur,Urban,Technical diploma or certificate not equal to degree,5189,3375,1814,2192,1695,497,116,78,38,55,37,18,2881,1602,1279,648,452,196
B0103,03,053,District - Sangrur,Urban,Graduate and above other than technical degree,39109,19944,19165,20129,15339,4790,828,437,391,376,171,205,18152,4168,13984,3515,1108,2407
B0103,03,053,District - Sangrur,Urban,Technical degree or diploma equal to degree or post-graduate degree,11162,5501,5661,5192,3063,2129,251,116,135,129,60,69,5719,2322,3397,1745,834,911
B0103,03,054,District - Barnala,Total,Total,595527,317522,278005,186434,164322,22112,22897,13841,9056,12069,7805,4264,386196,139359,246837,31238,10847,20391
B0103,03,054,District - Barnala,Total,Illiterate,235696,115523,120173,63642,54842,8800,10862,5923,4939,5674,3297,2377,161192,54758,106434,7438,1403,6035
B0103,03,054,District - Barnala,Total,Literate,359831,201999,157832,122792,109480,13312,12035,7918,4117,6395,4508,1887,225004,84601,140403,23800,9444,14356
B0103,03,054,District - Barnala,Total,Literate but below matric/secondary,203047,112589,90458,53364,48670,4694,7084,4696,2388,3725,2673,1052,142599,59223,83376,8906,3368,5538
B0103,03,054,District - Barnala,Total,Matric/secondary but below graduate,116646,68916,47730,50968,46850,4118,3745,2542,1203,2053,1479,574,61933,19524,42409,10753,4682,6071
B0103,03,054,District - Barnala,Total,Technical diploma or certificate not equal to degree,4323,2739,1584,1920,1398,522,127,93,34,69,53,16,2276,1248,1028,601,334,267
B0103,03,054,District - Barnala,Total,Graduate and above other than technical degree,18529,8956,9573,9175,6888,2287,390,189,201,206,86,120,8964,1879,7085,1966,515,1451
B0103,03,054,District - Barnala,Total,Technical degree or diploma equal to degree or post-graduate degree,5925,2788,3137,2745,1637,1108,143,75,68,78,40,38,3037,1076,1961,937,353,584
B0103,03,054,District - Barnala,Rural,Total,404842,215210,189632,124989,110751,14238,17655,10339,7316,9301,5976,3325,262198,94120,168078,23000,7667,15333
B0103,03,054,District - Barnala,Rural,Illiterate,170436,83694,86742,48009,41551,6458,8580,4496,4084,4371,2489,1882,113847,37647,76200,5487,931,4556
B0103,03,054,District - Barnala,Rural,Literate,234406,131516,102890,76980,69200,7780,9075,5843,3232,4930,3487,1443,148351,56473,91878,17513,6736,10777
B0103,03,054,District - Barnala,Rural,Literate but below matric/secondary,143125,78985,64140,37654,34153,3501,5491,3584,1907,2907,2096,811,99980,41248,58732,6874,2470,4404
B0103,03,054,District - Barnala,Rural,Matric/secondary but below graduate,74146,43728,30418,32132,29459,2673,2815,1849,966,1608,1153,455,39199,12420,26779,8281,3522,4759
B0103,03,054,District - Barnala,Rural,Technical diploma or certificate not equal to degree,2148,1316,832,858,581,277,93,66,27,55,41,14,1197,669,528,409,215,194
B0103,03,054,District - Barnala,Rural,Graduate and above other than technical degree,6045,2851,3194,2809,2089,720,191,66,125,117,42,75,3045,696,2349,1050,254,796
B0103,03,054,District - Barnala,Rural,Technical degree or diploma equal to degree or post-graduate degree,1865,875,990,712,457,255,74,39,35,49,27,22,1079,379,700,452,161,291
B0103,03,054,District - Barnala,Urban,Total,190685,102312,88373,61445,53571,7874,5242,3502,1740,2768,1829,939,123998,45239,78759,8238,3180,5058
B0103,03,054,District - Barnala,Urban,Illiterate,65260,31829,33431,15633,13291,2342,2282,1427,855,1303,808,495,47345,17111,30234,1951,472,1479
B0103,03,054,District - Barnala,Urban,Literate,125425,70483,54942,45812,40280,5532,2960,2075,885,1465,1021,444,76653,28128,48525,6287,2708,3579
B0103,03,054,District - Barnala,Urban,Literate but below matric/secondary,59922,33604,26318,15710,14517,1193,1593,1112,481,818,577,241,42619,17975,24644,2032,898,1134
B0103,03,054,District - Barnala,Urban,Matric/secondary but below graduate,42500,25188,17312,18836,17391,1445,930,693,237,445,326,119,22734,7104,15630,2472,1160,1312
B0103,03,054,District - Barnala,Urban,Technical diploma or certificate not equal to degree,2175,1423,752,1062,817,245,34,27,7,14,12,2,1079,579,500,192,119,73
B0103,03,054,District - Barnala,Urban,Graduate and above other than technical degree,12484,6105,6379,6366,4799,1567,199,123,76,89,44,45,5919,1183,4736,916,261,655
B0103,03,054,District - Barnala,Urban,Technical degree or diploma equal to degree or post-graduate degree,4060,1913,2147,2033,1180,853,69,36,33,29,13,16,1958,697,1261,485,192,293
B0103,04,055,District - Chandigarh,Total,Total,1055450,580663,474787,385929,317190,68739,18207,10969,7238,8086,5209,2877,651314,252504,398810,48576,19660,28916
B0103,04,055,District - Chandigarh,Total,Illiterate,250012,115317,134695,53346,39148,14198,3708,1843,1865,1334,774,560,192958,74326,118632,4437,1100,3337
B0103,04,055,District - Chandigarh,Total,Literate,805438,465346,340092,332583,278042,54541,14499,9126,5373,6752,4435,2317,458356,178178,280178,44139,18560,25579
B0103,04,055,District - Chandigarh,Total,Literate but below matric/secondary,332991,192820,140171,98342,88837,9505,5975,4129,1846,2673,2027,646,228674,99854,128820,10647,5020,5627
B0103,04,055,District - Chandigarh,Total,Matric/secondary but below graduate,251311,151731,99580,110070,99885,10185,4670,3061,1609,2271,1548,723,136571,48785,87786,17402,7830,9572
B0103,04,055,District - Chandigarh,Total,Technical diploma or certificate not equal to degree,13801,9660,4141,7280,5757,1523,264,160,104,133,82,51,6257,3743,2514,1154,810,344
B0103,04,055,District - Chandigarh,Total,Graduate and above other than technical degree,159521,85539,73982,90774,65872,24902,2468,1149,1319,1140,481,659,66279,18518,47761,10908,3276,7632
B0103,04,055,District - Chandigarh,Total,Technical degree or diploma equal to degree or post-graduate degree,34932,19209,15723,20312,13170,7142,693,377,316,376,199,177,13927,5662,8265,3463,1439,2024
B0103,04,055,District - Chandigarh,Rural,Total,28991,17150,11841,11683,10356,1327,667,308,359,173,103,70,16641,6486,10155,970,371,599
B0103,04,055,District - Chandigarh,Rural,Illiterate,9030,4398,4632,2279,1684,595,166,59,107,25,11,14,6585,2655,3930,134,22,112
B0103,04,055,District - Chandigarh,Rural,Literate,19961,12752,7209,9404,8672,732,501,249,252,148,92,56,10056,3831,6225,836,349,487
B0103,04,055,District - Chandigarh,Rural,Literate but below matric/secondary,10549,6491,4058,3904,3658,246,252,124,128,63,46,17,6393,2709,3684,276,106,170
B0103,04,055,District - Chandigarh,Rural,Matric/secondary but below graduate,7098,4762,2336,4030,3774,256,189,93,96,57,34,23,2879,895,1984,384,184,200
B0103,04,055,District - Chandigarh,Rural,Technical diploma or certificate not equal to degree,154,124,30,99,85,14,7,5,2,3,2,1,48,34,14,9,6,3
B0103,04,055,District - Chandigarh,Rural,Graduate and above other than technical degree,1660,1067,593,1094,925,169,41,17,24,20,6,14,525,125,400,126,36,90
B0103,04,055,District - Chandigarh,Rural,Technical degree or diploma equal to degree or post-graduate degree,212,128,84,122,88,34,4,3,1,3,2,1,86,37,49,30,15,15
B0103,04,055,District - Chandigarh,Urban,Total,1026459,563513,462946,374246,306834,67412,17540,10661,6879,7913,5106,2807,634673,246018,388655,47606,19289,28317
B0103,04,055,District - Chandigarh,Urban,Illiterate,240982,110919,130063,51067,37464,13603,3542,1784,1758,1309,763,546,186373,71671,114702,4303,1078,3225
B0103,04,055,District - Chandigarh,Urban,Literate,785477,452594,332883,323179,269370,53809,13998,8877,5121,6604,4343,2261,448300,174347,273953,43303,18211,25092
B0103,04,055,District - Chandigarh,Urban,Literate but below matric/secondary,322442,186329,136113,94438,85179,9259,5723,4005,1718,2610,1981,629,222281,97145,125136,10371,4914,5457
B0103,04,055,District - Chandigarh,Urban,Matric/secondary but below graduate,244213,146969,97244,106040,96111,9929,4481,2968,1513,2214,1514,700,133692,47890,85802,17018,7646,9372
B0103,04,055,District - Chandigarh,Urban,Technical diploma or certificate not equal to degree,13647,9536,4111,7181,5672,1509,257,155,102,130,80,50,6209,3709,2500,1145,804,341
B0103,04,055,District - Chandigarh,Urban,Graduate and above other than technical degree,157861,84472,73389,89680,64947,24733,2427,1132,1295,1120,475,645,65754,18393,47361,10782,3240,7542
B0103,04,055,District - Chandigarh,Urban,Technical degree or diploma equal to degree or post-graduate degree,34720,19081,15639,20190,13082,7108,689,374,315,373,197,176,13841,5625,8216,3433,1424,2009
B0103,05,056,District - Uttarkashi,Total,Total,330086,168597,161489,128367,71598,56769,28909,12667,16242,12018,7139,4879,172810,84332,88478,12064,6539,5525
B0103,05,056,District - Uttarkashi,Total,Illiterate,114960,40360,74600,42402,10631,31771,9584,1714,7870,2601,688,1913,62974,28015,34959,771,177,594
B0103,05,056,District - Uttarkashi,Total,Literate,215126,128237,86889,85965,60967,24998,19325,10953,8372,9417,6451,2966,109836,56317,53519,11293,6362,4931
B0103,05,056,District - Uttarkashi,Total,Literate but below matric/secondary,134219,76595,57624,47073,31876,15197,11355,6108,5247,4555,3126,1429,75791,38611,37180,2657,1438,1219
B0103,05,056,District - Uttarkashi,Total,Matric/secondary but below graduate,50731,32982,17749,21699,16944,4755,5131,3172,1959,3049,2135,914,23901,12866,11035,4698,2809,1889
B0103,05,056,District - Uttarkashi,Total,Technical diploma or certificate not equal to degree,890,725,165,333,290,43,49,44,5,40,36,4,508,391,117,237,187,50
B0103,05,056,District - Uttarkashi,Total,Graduate and above other than technical degree,20891,13395,7496,11782,8925,2857,1895,1214,681,1363,918,445,7214,3256,3958,3075,1548,1527
B0103,05,056,District - Uttarkashi,Total,Technical degree or diploma equal to degree or post-graduate degree,1984,1502,482,1068,890,178,144,108,36,112,90,22,772,504,268,456,297,159
B0103,05,056,District - Uttarkashi,Rural,Total,305781,155375,150406,121215,66015,55200,27852,11976,15876,11364,6682,4682,156714,77384,79330,9682,5544,4138
B0103,05,056,District - Uttarkashi,Rural,Illiterate,109872,38280,71592,41672,10298,31374,9415,1642,7773,2507,638,1869,58785,26340,32445,623,154,469
B0103,05,056,District - Uttarkashi,Rural,Literate,195909,117095,78814,79543,55717,23826,18437,10334,8103,8857,6044,2813,97929,51044,46885,9059,5390,3669
B0103,05,056,District - Uttarkashi,Rural,Literate but below matric/secondary,126098,72086,54012,45412,30505,14907,11013,5858,5155,4369,2975,1394,69673,35723,33950,2290,1281,1009
B0103,05,056,District - Uttarkashi,Rural,Matric/secondary but below graduate,45091,29544,15547,19782,15224,4558,4853,2982,1871,2869,2008,861,20456,11338,9118,3925,2433,1492
B0103,05,056,District - Uttarkashi,Rural,Technical diploma or certificate not equal to degree,639,521,118,210,185,25,43,39,4,34,31,3,386,297,89,174,137,37
B0103,05,056,District - Uttarkashi,Rural,Graduate and above other than technical degree,16635,10969,5666,9478,7192,2286,1695,1081,614,1219,825,394,5462,2696,2766,2238,1254,984
B0103,05,056,District - Uttarkashi,Rural,Technical degree or diploma equal to degree or post-graduate degree,1455,1143,312,787,675,112,121,91,30,91,75,16,547,377,170,315,225,90
B0103,05,056,District - Uttarkashi,Urban,Total,24305,13222,11083,7152,5583,1569,1057,691,366,654,457,197,16096,6948,9148,2382,995,1387
B0103,05,056,District - Uttarkashi,Urban,Illiterate,5088,2080,3008,730,333,397,169,72,97,94,50,44,4189,1675,2514,148,23,125
B0103,05,056,District - Uttarkashi,Urban,Literate,19217,11142,8075,6422,5250,1172,888,619,269,560,407,153,11907,5273,6634,2234,972,1262
B0103,05,056,District - Uttarkashi,Urban,Literate but below matric/secondary,8121,4509,3612,1661,1371,290,342,250,92,186,151,35,6118,2888,3230,367,157,210
B0103,05,056,District - Uttarkashi,Urban,Matric/secondary but below graduate,5640,3438,2202,1917,1720,197,278,190,88,180,127,53,3445,1528,1917,773,376,397
B0103,05,056,District - Uttarkashi,Urban,Technical diploma or certificate not equal to degree,251,204,47,123,105,18,6,5,1,6,5,1,122,94,28,63,50,13
B0103,05,056,District - Uttarkashi,Urban,Graduate and above other than technical degree,4256,2426,1830,2304,1733,571,200,133,67,144,93,51,1752,560,1192,837,294,543
B0103,05,056,District - Uttarkashi,Urban,Technical degree or diploma equal to degree or post-graduate degree,529,359,170,281,215,66,23,17,6,21,15,6,225,127,98,141,72,69
B0103,05,057,District - Chamoli,Total,Total,391605,193991,197614,115115,65566,49549,65825,28266,37559,27828,16233,11595,210665,100159,110506,16452,8666,7786
B0103,05,057,District - Chamoli,Total,Illiterate,111049,38596,72453,23312,5141,18171,16816,2724,14092,4239,1249,2990,70921,30731,40190,715,130,585
B0103,05,057,District - Chamoli,Total,Literate,280556,155395,125161,91803,60425,31378,49009,25542,23467,23589,14984,8605,139744,69428,70316,15737,8536,7201
B0103,05,057,District - Chamoli,Total,Literate but below matric/secondary,169223,88077,81146,46499,26794,19705,29981,14971,15010,12666,7976,4690,92743,46312,46431,3812,2009,1803
B0103,05,057,District - Chamoli,Total,Matric/secondary but below graduate,71808,43594,28214,25713,19290,6423,12719,7237,5482,7060,4645,2415,33376,17067,16309,6771,3978,2793
B0103,05,057,District - Chamoli,Total,Technical diploma or certificate not equal to degree,931,774,157,409,377,32,83,74,9,59,53,6,439,323,116,185,141,44
B0103,05,057,District - Chamoli,Total,Graduate and above other than technical degree,28868,17286,11582,14507,10739,3768,4280,2342,1938,2920,1771,1149,10081,4205,5876,4219,2001,2218
B0103,05,057,District - Chamoli,Total,Technical degree or diploma equal to degree or post-graduate degree,2538,1854,684,1461,1220,241,214,148,66,165,117,48,863,486,377,471,270,201
B0103,05,057,District - Chamoli,Rural,Total,332209,160369,171840,94517,48981,45536,63392,26860,36532,26621,15291,11330,174300,84528,89772,12472,7062,5410
B0103,05,057,District - Chamoli,Rural,Illiterate,99906,33498,66408,21758,4338,17420,16402,2542,13860,4075,1122,2953,61746,26618,35128,613,109,504
B0103,05,057,District - Chamoli,Rural,Literate,232303,126871,105432,72759,44643,28116,46990,24318,22672,22546,14169,8377,112554,57910,54644,11859,6953,4906
B0103,05,057,District - Chamoli,Rural,Literate but below matric/secondary,148252,76508,71744,40810,22390,18420,28967,14334,14633,12160,7538,4622,78475,39784,38691,3177,1749,1428
B0103,05,057,District - Chamoli,Rural,Matric/secondary but below graduate,57078,34035,23043,19136,13301,5835,12199,6901,5298,6768,4424,2344,25743,13833,11910,5474,3367,2107
B0103,05,057,District - Chamoli,Rural,Technical diploma or certificate not equal to degree,533,457,76,217,199,18,62,57,5,46,43,3,254,201,53,125,101,24
B0103,05,057,District - Chamoli,Rural,Graduate and above other than technical degree,19109,11742,7367,9165,6569,2596,3953,2152,1801,2734,1658,1076,5991,3021,2970,2672,1482,1190
B0103,05,057,District - Chamoli,Rural,Technical degree or diploma equal to degree or post-graduate degree,1339,1032,307,759,634,125,183,129,54,141,102,39,397,269,128,214,148,66
B0103,05,057,District - Chamoli,Urban,Total,59396,33622,25774,20598,16585,4013,2433,1406,1027,1207,942,265,36365,15631,20734,3980,1604,2376
B0103,05,057,District - Chamoli,Urban,Illiterate,11143,5098,6045,1554,803,751,414,182,232,164,127,37,9175,4113,5062,102,21,81
B0103,05,057,District - Chamoli,Urban,Literate,48253,28524,19729,19044,15782,3262,2019,1224,795,1043,815,228,27190,11518,15672,3878,1583,2295
B0103,05,057,District - Chamoli,Urban,Literate but below matric/secondary,20971,11569,9402,5689,4404,1285,1014,637,377,506,438,68,14268,6528,7740,635,260,375
B0103,05,057,District - Chamoli,Urban,Matric/secondary but below graduate,14730,9559,5171,6577,5989,588,520,336,184,292,221,71,7633,3234,4399,1297,611,686
B0103,05,057,District - Chamoli,Urban,Technical diploma or certificate not equal to degree,398,317,81,192,178,14,21,17,4,13,10,3,185,122,63,60,40,20
B0103,05,057,District - Chamoli,Urban,Graduate and above other than technical degree,9759,5544,4215,5342,4170,1172,327,190,137,186,113,73,4090,1184,2906,1547,519,1028
B0103,05,057,District - Chamoli,Urban,Technical degree or diploma equal to degree or post-graduate degree,1199,822,377,702,586,116,31,19,12,24,15,9,466,217,249,257,122,135
B0103,05,058,District - Rudraprayag,Total,Total,242285,114589,127696,78950,37681,41269,34082,14658,19424,14095,8365,5730,129253,62250,67003,8112,4966,3146
B0103,05,058,District - Rudraprayag,Total,Illiterate,71352,22786,48566,18322,2671,15651,8492,1237,7255,2060,536,1524,44538,18878,25660,338,96,242
B0103,05,058,District - Rudraprayag,Total,Literate,170933,91803,79130,60628,35010,25618,25590,13421,12169,12035,7829,4206,84715,43372,41343,7774,4870,2904
B0103,05,058,District - Rudraprayag,Total,Literate but below matric/secondary,102388,51588,50800,31436,15764,15672,14245,7056,7189,5677,3603,2074,56707,28768,27939,1840,1072,768
B0103,05,058,District - Rudraprayag,Total,Matric/secondary but below graduate,46922,27146,19776,17908,11697,6211,7876,4393,3483,4265,2866,1399,21138,11056,10082,3716,2385,1331
B0103,05,058,District - Rudraprayag,Total,Technical diploma or certificate not equal to degree,474,418,56,207,195,12,56,49,7,47,41,6,211,174,37,105,90,15
B0103,05,058,District - Rudraprayag,Total,Graduate and above other than technical degree,14989,9435,5554,7936,5640,2296,2396,1408,988,1568,1018,550,4657,2387,2270,1781,1091,690
B0103,05,058,District - Rudraprayag,Total,Technical degree or diploma equal to degree or post-graduate degree,1503,1133,370,808,647,161,195,144,51,154,119,35,500,342,158,220,165,55
B0103,05,058,District - Rudraprayag,Rural,Total,232360,108740,123620,75165,34567,40598,33374,14232,19142,13729,8101,5628,123821,59941,63880,7767,4771,2996
B0103,05,058,District - Rudraprayag,Rural,Illiterate,69416,21887,47529,18034,2503,15531,8353,1161,7192,1990,477,1513,43029,18223,24806,328,95,233
B0103,05,058,District - Rudraprayag,Rural,Literate,162944,86853,76091,57131,32064,25067,25021,13071,11950,11739,7624,4115,80792,41718,39074,7439,4676,2763
B0103,05,058,District - Rudraprayag,Rural,Literate but below matric/secondary,99194,49755,49439,30511,15024,15487,14014,6911,7103,5574,3519,2055,54669,27820,26849,1794,1048,746
B0103,05,058,District - Rudraprayag,Rural,Matric/secondary but below graduate,44062,25183,18879,16440,10368,6072,7680,4261,3419,4157,2787,1370,19942,10554,9388,3572,2285,1287
B0103,05,058,District - Rudraprayag,Rural,Technical diploma or certificate not equal to degree,392,348,44,152,144,8,48,44,4,41,38,3,192,160,32,100,86,14
B0103,05,058,District - Rudraprayag,Rural,Graduate and above other than technical degree,13513,8574,4939,7085,4962,2123,2290,1358,932,1509,993,516,4138,2254,1884,1660,1034,626
B0103,05,058,District - Rudraprayag,Rural,Technical degree or diploma equal to degree or post-graduate degree,1346,1034,312,707,577,130,185,137,48,145,113,32,454,320,134,209,161,48
B0103,05,058,District - Rudraprayag,Urban,Total,9925,5849,4076,3785,3114,671,708,426,282,366,264,102,5432,2309,3123,345,195,150
B0103,05,058,District - Rudraprayag,Urban,Illiterate,1936,899,1037,288,168,120,139,76,63,70,59,11,1509,655,854,10,1,9
B0103,05,058,District - Rudraprayag,Urban,Literate,7989,4950,3039,3497,2946,551,569,350,219,296,205,91,3923,1654,2269,335,194,141
B0103,05,058,District - Rudraprayag,Urban,Literate but below matric/secondary,3194,1833,1361,925,740,185,231,145,86,103,84,19,2038,948,1090,46,24,22
B0103,05,058,District - Rudraprayag,Urban,Matric/secondary but below graduate,2860,1963,897,1468,1329,139,196,132,64,108,79,29,1196,502,694,144,100,44
B0103,05,058,District - Rudraprayag,Urban,Technical diploma or certificate not equal to degree,82,70,12,55,51,4,8,5,3,6,3,3,19,14,5,5,4,1
B0103,05,058,District - Rudraprayag,Urban,Graduate and above other than technical degree,1476,861,615,851,678,173,106,50,56,59,25,34,519,133,386,121,57,64
B0103,05,058,District - Rudraprayag,Urban,Technical degree or diploma equal to degree or post-graduate degree,157,99,58,101,70,31,10,7,3,9,6,3,46,22,24,11,4,7
B0103,05,059,District - Tehri Garhwal,Total,Total,618931,297986,320945,165912,98619,67293,114530,42202,72328,55665,25837,29828,338489,157165,181324,22773,11220,11553
B0103,05,059,District - Tehri Garhwal,Total,Illiterate,210937,70580,140357,44543,12084,32459,44142,7139,37003,17270,3554,13716,122252,51357,70895,1967,330,1637
B0103,05,059,District - Tehri Garhwal,Total,Literate,407994,227406,180588,121369,86535,34834,70388,35063,35325,38395,22283,16112,216237,105808,110429,20806,10890,9916
B0103,05,059,District - Tehri Garhwal,Total,Literate but below matric/secondary,243183,133309,109874,55577,38426,17151,38693,19933,18760,19625,11746,7879,148913,74950,73963,5603,2857,2746
B0103,05,059,District - Tehri Garhwal,Total,Matric/secondary but below graduate,107919,63521,44398,37984,28869,9115,21937,11402,10535,13498,8034,5464,47998,23250,24748,9291,5178,4113
B0103,05,059,District - Tehri Garhwal,Total,Technical diploma or certificate not equal to degree,1573,1261,312,690,623,67,88,71,17,64,54,10,795,567,228,345,256,89
B0103,05,059,District - Tehri Garhwal,Total,Graduate and above other than technical degree,34183,21168,13015,18515,14342,4173,3880,2178,1702,2572,1579,993,11788,4648,7140,4534,2083,2451
B0103,05,059,District - Tehri Garhwal,Total,Technical degree or diploma equal to degree or post-graduate degree,3202,2408,794,1839,1544,295,203,144,59,136,102,34,1160,720,440,553,348,205
B0103,05,059,District - Tehri Garhwal,Rural,Total,548792,259381,289411,145082,80715,64367,112447,40650,71797,54563,24931,29632,291263,138016,153247,18031,8983,9048
B0103,05,059,District - Tehri Garhwal,Rural,Illiterate,196016,64025,131991,42685,10627,32058,43681,6815,36866,17001,3319,13682,109650,46583,63067,1797,278,1519
B0103,05,059,District - Tehri Garhwal,Rural,Literate,352776,195356,157420,102397,70088,32309,68766,33835,34931,37562,21612,15950,181613,91433,90180,16234,8705,7529
B0103,05,059,District - Tehri Garhwal,Rural,Literate but below matric/secondary,220603,120691,99912,50817,34169,16648,38096,19464,18632,19313,11473,7840,131690,67058,64632,4971,2512,2459
B0103,05,059,District - Tehri Garhwal,Rural,Matric/secondary but below graduate,90974,53364,37610,31845,23194,8651,21453,11022,10431,13246,7827,5419,37676,19148,18528,7681,4318,3363
B0103,05,059,District - Tehri Garhwal,Rural,Technical diploma or certificate not equal to degree,795,673,122,338,312,26,71,61,10,52,48,4,386,300,86,189,151,38
B0103,05,059,District - Tehri Garhwal,Rural,Graduate and above other than technical degree,22134,14176,7958,12058,9163,2895,3494,1902,1592,2381,1451,930,6582,3111,3471,2694,1399,1295
B0103,05,059,District - Tehri Garhwal,Rural,Technical degree or diploma equal to degree or post-graduate degree,1858,1436,422,1061,906,155,169,121,48,118,87,31,628,409,219,312,201,111
B0103,05,059,District - Tehri Garhwal,Urban,Total,70139,38605,31534,20830,17904,2926,2083,1552,531,1102,906,196,47226,19149,28077,4742,2237,2505
B0103,05,059,District - Tehri Garhwal,Urban,Illiterate,14921,6555,8366,1858,1457,401,461,324,137,269,235,34,12602,4774,7828,170,52,118
B0103,05,059,District - Tehri Garhwal,Urban,Literate,55218,32050,23168,18972,16447,2525,1622,1228,394,833,671,162,34624,14375,20249,4572,2185,2387
B0103,05,059,District - Tehri Garhwal,Urban,Literate but below matric/secondary,22580,12618,9962,4760,4257,503,597,469,128,312,273,39,17223,7892,9331,632,345,287
B0103,05,059,District - Tehri Garhwal,Urban,Matric/secondary but below graduate,16945,10157,6788,6139,5675,464,484,380,104,252,207,45,10322,4102,6220,1610,860,750
B0103,05,059,District - Tehri Garhwal,Urban,Technical diploma or certificate not equal to degree,778,588,190,352,311,41,17,10,7,12,6,6,409,267,142,156,105,51
B0103,05,059,District - Tehri Garhwal,Urban,Graduate and above other than technical degree,12049,6992,5057,6457,5179,1278,386,276,110,191,128,63,5206,1537,3669,1840,684,1156
B0103,05,059,District - Tehri Garhwal,Urban,Technical degree or diploma equal to degree or post-graduate degree,1344,972,372,778,638,140,34,23,11,18,15,3,532,311,221,241,147,94
B0103,05,060,District - Dehradun,Total,Total,1696694,892199,804495,488161,399695,88466,94607,59139,35468,43859,32728,11131,1113926,433365,680561,96632,43071,53561
B0103,05,060,District - Dehradun,Total,Illiterate,437188,189983,247205,77002,51121,25881,24639,11801,12838,9802,6571,3231,335547,127061,208486,7945,1796,6149
B0103,05,060,District - Dehradun,Total,Literate,1259506,702216,557290,411159,348574,62585,69968,47338,22630,34057,26157,7900,778379,306304,472075,88687,41275,47412
B0103,05,060,District - Dehradun,Total,Literate but below matric/secondary,584973,324682,260291,139110,121441,17669,36500,25861,10639,17021,14351,2670,409363,177380,231983,20867,9899,10968
B0103,05,060,District - Dehradun,Total,Matric/secondary but below graduate,363547,210956,152591,128289,115230,13059,19342,13215,6127,9781,7384,2397,215916,82511,133405,32965,16980,15985
B0103,05,060,District - Dehradun,Total,Technical diploma or certificate not equal to degree,7998,5937,2061,3811,3295,516,293,218,75,168,123,45,3894,2424,1470,1122,741,381
B0103,05,060,District - Dehradun,Total,Graduate and above other than technical degree,234982,120404,114578,109433,84810,24623,9829,5379,4450,5233,2957,2276,115720,30215,85505,26892,10040,16852
B0103,05,060,District - Dehradun,Total,Technical degree or diploma equal to degree or post-graduate degree,35657,22691,12966,18139,13527,4612,1244,795,449,695,440,255,16274,8369,7905,4916,2772,2144
B0103,05,060,District - Dehradun,Rural,Total,754753,392891,361862,205986,162764,43222,59355,35629,23726,26451,20146,6305,489412,194498,294914,41573,18185,23388
B0103,05,060,District - Dehradun,Rural,Illiterate,236917,100509,136408,48088,29713,18375,18007,7851,10156,6784,4395,2389,170822,62945,107877,4253,847,3406
B0103,05,060,District - Dehradun,Rural,Literate,517836,292382,225454,157898,133051,24847,41348,27778,13570,19667,15751,3916,318590,131553,187037,37320,17338,19982
B0103,05,060,District - Dehradun,Rural,Literate but below matric/secondary,288444,161455,126989,70865,60115,10750,24762,16968,7794,11178,9468,1710,192817,84372,108445,9996,4523,5473
B0103,05,060,District - Dehradun,Rural,Matric/secondary but below graduate,142538,83249,59289,49091,43065,6026,10923,7348,3575,5396,4196,1200,82524,32836,49688,14733,7550,7183
B0103,05,060,District - Dehradun,Rural,Technical diploma or certificate not equal to degree,2681,1899,782,1152,960,192,115,91,24,65,51,14,1414,848,566,476,312,164
B0103,05,060,District - Dehradun,Rural,Graduate and above other than technical degree,64652,34061,30591,28759,22576,6183,3897,2237,1660,2176,1361,815,31996,9248,22748,10004,3803,6201
B0103,05,060,District - Dehradun,Rural,Technical degree or diploma equal to degree or post-graduate degree,8173,5337,2836,3780,2855,925,315,208,107,187,127,60,4078,2274,1804,1413,834,579
B0103,05,060,District - Dehradun,Urban,Total,941941,499308,442633,282175,236931,45244,35252,23510,11742,17408,12582,4826,624514,238867,385647,55059,24886,30173
B0103,05,060,District - Dehradun,Urban,Illiterate,200271,89474,110797,28914,21408,7506,6632,3950,2682,3018,2176,842,164725,64116,100609,3692,949,2743
B0103,05,060,District - Dehradun,Urban,Literate,741670,409834,331836,253261,215523,37738,28620,19560,9060,14390,10406,3984,459789,174751,285038,51367,23937,27430
B0103,05,060,District - Dehradun,Urban,Literate but below matric/secondary,296529,163227,133302,68245,61326,6919,11738,8893,2845,5843,4883,960,216546,93008,123538,10871,5376,5495
B0103,05,060,District - Dehradun,Urban,Matric/secondary but below graduate,221009,127707,93302,79198,72165,7033,8419,5867,2552,4385,3188,1197,133392,49675,83717,18232,9430,8802
B0103,05,060,District - Dehradun,Urban,Technical diploma or certificate not equal to degree,5317,4038,1279,2659,2335,324,178,127,51,103,72,31,2480,1576,904,646,429,217
B0103,05,060,District - Dehradun,Urban,Graduate and above other than technical degree,170330,86343,83987,80674,62234,18440,5932,3142,2790,3057,1596,1461,83724,20967,62757,16888,6237,10651
B0103,05,060,District - Dehradun,Urban,Technical degree or diploma equal to degree or post-graduate degree,27484,17354,10130,14359,10672,3687,929,587,342,508,313,195,12196,6095,6101,3503,1938,1565
B0103,05,061,District - Garhwal,Total,Total,687271,326829,360442,164439,102045,62394,109713,45328,64385,52093,28159,23934,413119,179456,233663,35670,17047,18623
B0103,05,061,District - Garhwal,Total,Illiterate,192382,64681,127701,32064,9064,23000,28285,4829,23456,9721,2786,6935,132033,50788,81245,2390,414,1976
B0103,05,061,District - Garhwal,Total,Literate,494889,262148,232741,132375,92981,39394,81428,40499,40929,42372,25373,16999,281086,128668,152418,33280,16633,16647
B0103,05,061,District - Garhwal,Total,Literate but below matric/secondary,272554,135742,136812,54505,33175,21330,46405,21317,25088,21737,12333,9404,171644,81250,90394,8303,3810,4493
B0103,05,061,District - Garhwal,Total,Matric/secondary but below graduate,152431,87395,65036,45897,35552,10345,27901,15538,12363,16392,10594,5798,78633,36305,42328,15226,8518,6708
B0103,05,061,District - Garhwal,Total,Technical diploma or certificate not equal to degree,2302,1858,444,1006,892,114,139,122,17,93,82,11,1157,844,313,442,332,110
B0103,05,061,District - Garhwal,Total,Graduate and above other than technical degree,53634,29430,24204,25219,19409,5810,4753,2504,2249,3030,1713,1317,23662,7517,16145,7850,3216,4634
B0103,05,061,District - Garhwal,Total,Technical degree or diploma equal to degree or post-graduate degree,5639,3776,1863,2930,2219,711,260,179,81,182,125,57,2449,1378,1071,989,552,437
B0103,05,061,District - Garhwal,Rural,Total,574568,268029,306539,134797,76895,57902,105989,42844,63145,49908,26588,23320,333782,148290,185492,26946,13055,13891
B0103,05,061,District - Garhwal,Rural,Illiterate,170010,54674,115336,29709,7155,22554,27698,4492,23206,9431,2585,6846,112603,43027,69576,2014,325,1689
B0103,05,061,District - Garhwal,Rural,Literate,404558,213355,191203,105088,69740,35348,78291,38352,39939,40477,24003,16474,221179,105263,115916,24932,12730,12202
B0103,05,061,District - Garhwal,Rural,Literate but below matric/secondary,235785,116568,119217,48295,27615,20680,45078,20354,24724,20934,11690,9244,142412,68599,73813,6833,3112,3721
B0103,05,061,District - Garhwal,Rural,Matric/secondary but below graduate,123786,70945,52841,36685,26960,9725,26945,14837,12108,15811,10158,5653,60156,29148,31008,12070,6821,5249
B0103,05,061,District - Garhwal,Rural,Technical diploma or certificate not equal to degree,1565,1291,274,669,590,79,119,108,11,80,73,7,777,593,184,291,232,59
B0103,05,061,District - Garhwal,Rural,Graduate and above other than technical degree,32926,18819,14107,15265,11795,3470,4055,2119,1936,2618,1487,1131,13606,4905,8701,4880,2114,2766
B0103,05,061,District - Garhwal,Rural,Technical degree or diploma equal to degree or post-graduate degree,3266,2335,931,1732,1364,368,184,135,49,128,95,33,1350,836,514,459,280,179
B0103,05,061,District - Garhwal,Urban,Total,112703,58800,53903,29642,25150,4492,3724,2484,1240,2185,1571,614,79337,31166,48171,8724,3992,4732
B0103,05,061,District - Garhwal,Urban,Illiterate,22372,10007,12365,2355,1909,446,587,337,250,290,201,89,19430,7761,11669,376,89,287
B0103,05,061,District - Garhwal,Urban,Literate,90331,48793,41538,27287,23241,4046,3137,2147,990,1895,1370,525,59907,23405,36502,8348,3903,4445
B0103,05,061,District - Garhwal,Urban,Literate but below matric/secondary,36769,19174,17595,6210,5560,650,1327,963,364,803,643,160,29232,12651,16581,1470,698,772
B0103,05,061,District - Garhwal,Urban,Matric/secondary but below graduate,28645,16450,12195,9212,8592,620,956,701,255,581,436,145,18477,7157,11320,3156,1697,1459
B0103,05,061,District - Garhwal,Urban,Technical diploma or certificate not equal to degree,737,567,170,337,302,35,20,14,6,13,9,4,380,251,129,151,100,51
B0103,05,061,District - Garhwal,Urban,Graduate and above other than technical degree,20708,10611,10097,9954,7614,2340,698,385,313,412,226,186,10056,2612,7444,2970,1102,1868
B0103,05,061,District - Garhwal,Urban,Technical degree or diploma equal to degree or post-graduate degree,2373,1441,932,1198,855,343,76,44,32,54,30,24,1099,542,557,530,272,258
B0103,05,062,District - Pithoragarh,Total,Total,483439,239306,244133,145481,80385,65096,71009,33154,37855,30496,20029,10467,266949,125767,141182,22094,11422,10672
B0103,05,062,District - Pithoragarh,Total,Illiterate,137889,49683,88206,28340,6226,22114,17924,3810,14114,5249,2040,3209,91625,39647,51978,1052,216,836
B0103,05,062,District - Pithoragarh,Total,Literate,345550,189623,155927,117141,74159,42982,53085,29344,23741,25247,17989,7258,175324,86120,89204,21042,11206,9836
B0103,05,062,District - Pithoragarh,Total,Literate but below matric/secondary,222643,116263,106380,66863,37538,29325,37476,20113,17363,16643,11938,4705,118304,58612,59692,5728,2972,2756
B0103,05,062,District - Pithoragarh,Total,Matric/secondary but below graduate,82986,50279,32707,30119,22260,7859,11217,6883,4334,6008,4428,1580,41650,21136,20514,9363,5436,3927
B0103,05,062,District - Pithoragarh,Total,Technical diploma or certificate not equal to degree,834,691,143,446,392,54,62,53,9,41,34,7,326,246,80,168,134,34
B0103,05,062,District - Pithoragarh,Total,Graduate and above other than technical degree,28413,16448,11965,14382,10510,3872,2725,1490,1235,1795,1075,720,11306,4448,6858,4855,2161,2694
B0103,05,062,District - Pithoragarh,Total,Technical degree or diploma equal to degree or post-graduate degree,2664,1736,928,1514,1088,426,189,127,62,134,95,39,961,521,440,511,279,232
B0103,05,062,District - Pithoragarh,Rural,Total,413834,202930,210904,128711,66919,61792,67748,31105,36643,28799,18660,10139,217375,104906,112469,15430,8487,6943
B0103,05,062,District - Pithoragarh,Rural,Illiterate,124578,43201,81377,27330,5510,21820,17135,3286,13849,4793,1625,3168,80113,34405,45708,871,182,689
B0103,05,062,District - Pithoragarh,Rural,Literate,289256,159729,129527,101381,61409,39972,50613,27819,22794,24006,17035,6971,137262,70501,66761,14559,8305,6254
B0103,05,062,District - Pithoragarh,Rural,Literate but below matric/secondary,197705,103394,94311,62648,33990,28658,36148,19221,16927,15984,11360,4624,98909,50183,48726,4698,2513,2185
B0103,05,062,District - Pithoragarh,Rural,Matric/secondary but below graduate,65085,40462,24623,25159,17902,7257,10580,6522,4058,5698,4207,1491,29346,16038,13308,6466,3976,2490
B0103,05,062,District - Pithoragarh,Rural,Technical diploma or certificate not equal to degree,512,431,81,255,224,31,53,45,8,38,31,7,204,162,42,109,92,17
B0103,05,062,District - Pithoragarh,Rural,Graduate and above other than technical degree,17487,10692,6795,8968,6528,2440,2367,1323,1044,1613,990,623,6152,2841,3311,2727,1376,1351
B0103,05,062,District - Pithoragarh,Rural,Technical degree or diploma equal to degree or post-graduate degree,1465,1042,423,881,661,220,146,100,46,106,78,28,438,281,157,234,148,86
B0103,05,062,District - Pithoragarh,Urban,Total,69605,36376,33229,16770,13466,3304,3261,2049,1212,1697,1369,328,49574,20861,28713,6664,2935,3729
B0103,05,062,District - Pithoragarh,Urban,Illiterate,13311,6482,6829,1010,716,294,789,524,265,456,415,41,11512,5242,6270,181,34,147
B0103,05,062,District - Pithoragarh,Urban,Literate,56294,29894,26400,15760,12750,3010,2472,1525,947,1241,954,287,38062,15619,22443,6483,2901,3582
B0103,05,062,District - Pithoragarh,Urban,Literate but below matric/secondary,24938,12869,12069,4215,3548,667,1328,892,436,659,578,81,19395,8429,10966,1030,459,571
B0103,05,062,District - Pithoragarh,Urban,Matric/secondary but below graduate,17901,9817,8084,4960,4358,602,637,361,276,310,221,89,12304,5098,7206,2897,1460,1437
B0103,05,062,District - Pithoragarh,Urban,Technical diploma or certificate not equal to degree,322,260,62,191,168,23,9,8,1,3,3,0,122,84,38,59,42,17
B0103,05,062,District - Pithoragarh,Urban,Graduate and above other than technical degree,10926,5756,5170,5414,3982,1432,358,167,191,182,85,97,5154,1607,3547,2128,785,1343
B0103,05,062,District - Pithoragarh,Urban,Technical degree or diploma equal to degree or post-graduate degree,1199,694,505,633,427,206,43,27,16,28,17,11,523,240,283,277,131,146
B0103,05,063,District - Bageshwar,Total,Total,259898,124326,135572,78085,38834,39251,45553,19874,25679,21385,12113,9272,136260,65618,70642,10936,6027,4909
B0103,05,063,District - Bageshwar,Total,Illiterate,80415,26780,53635,18512,3317,15195,11478,2071,9407,3651,1022,2629,50425,21392,29033,592,123,469
B0103,05,063,District - Bageshwar,Total,Literate,179483,97546,81937,59573,35517,24056,34075,17803,16272,17734,11091,6643,85835,44226,41609,10344,5904,4440
B0103,05,063,District - Bageshwar,Total,Literate but below matric/secondary,116488,58179,58309,33396,17039,16357,22926,10992,11934,11088,6531,4557,60166,30148,30018,2957,1507,1450
B0103,05,063,District - Bageshwar,Total,Matric/secondary but below graduate,46310,29652,16658,17931,13010,4921,8585,5511,3074,5025,3650,1375,19794,11131,8663,5008,3094,1914
B0103,05,063,District - Bageshwar,Total,Technical diploma or certificate not equal to degree,296,246,50,138,118,20,16,12,4,13,10,3,142,116,26,77,68,9
B0103,05,063,District - Bageshwar,Total,Graduate and above other than technical degree,10872,6749,4123,5325,3895,1430,1445,831,614,1006,612,394,4102,2023,2079,1918,1022,896
B0103,05,063,District - Bageshwar,Total,Technical degree or diploma equal to degree or post-graduate degree,1069,766,303,563,431,132,94,65,29,70,46,24,412,270,142,196,128,68
B0103,05,063,District - Bageshwar,Rural,Total,250819,119615,131204,75922,37093,38829,44945,19379,25566,21047,11807,9240,129952,63143,66809,10145,5596,4549
B0103,05,063,District - Bageshwar,Rural,Illiterate,78653,26027,52626,18414,3263,15151,11365,1995,9370,3606,986,2620,48874,20769,28105,578,120,458
B0103,05,063,District - Bageshwar,Rural,Literate,172166,93588,78578,57508,33830,23678,33580,17384,16196,17441,10821,6620,81078,42374,38704,9567,5476,4091
B0103,05,063,District - Bageshwar,Rural,Literate but below matric/secondary,113322,56562,56760,32997,16721,16276,22645,10753,11892,10902,6352,4550,57680,29088,28592,2816,1412,1404
B0103,05,063,District - Bageshwar,Rural,Matric/secondary but below graduate,43948,28271,15677,17145,12311,4834,8458,5398,3060,4968,3598,1370,18345,10562,7783,4687,2888,1799
B0103,05,063,District - Bageshwar,Rural,Technical diploma or certificate not equal to degree,283,236,47,127,110,17,16,12,4,13,10,3,140,114,26,76,67,9
B0103,05,063,District - Bageshwar,Rural,Graduate and above other than technical degree,9422,5968,3454,4584,3326,1258,1390,791,599,978,593,385,3448,1851,1597,1653,920,733
B0103,05,063,District - Bageshwar,Rural,Technical degree or diploma equal to degree or post-graduate degree,927,687,240,483,376,107,88,61,27,67,45,22,356,250,106,169,115,54
B0103,05,063,District - Bageshwar,Urban,Total,9079,4711,4368,2163,1741,422,608,495,113,338,306,32,6308,2475,3833,791,431,360
B0103,05,063,District - Bageshwar,Urban,Illiterate,1762,753,1009,98,54,44,113,76,37,45,36,9,1551,623,928,14,3,11
B0103,05,063,District - Bageshwar,Urban,Literate,7317,3958,3359,2065,1687,378,495,419,76,293,270,23,4757,1852,2905,777,428,349
B0103,05,063,District - Bageshwar,Urban,Literate but below matric/secondary,3166,1617,1549,399,318,81,281,239,42,186,179,7,2486,1060,1426,141,95,46
B0103,05,063,District - Bageshwar,Urban,Matric/secondary but below graduate,2362,1381,981,786,699,87,127,113,14,57,52,5,1449,569,880,321,206,115
B0103,05,063,District - Bageshwar,Urban,Technical diploma or certificate not equal to degree,13,10,3,11,8,3,0,0,0,0,0,0,2,2,0,1,1,0
B0103,05,063,District - Bageshwar,Urban,Graduate and above other than technical degree,1450,781,669,741,569,172,55,40,15,28,19,9,654,172,482,265,102,163
B0103,05,063,District - Bageshwar,Urban,Technical degree or diploma equal to degree or post-graduate degree,142,79,63,80,55,25,6,4,2,3,1,2,56,20,36,27,13,14
B0103,05,064,"District - Almora
",Total,Total,622506,291081,331425,201078,102221,98857,97133,40239,56894,38881,21376,17505,324295,148621,175674,23891,12387,11504
B0103,05,064,"District - Almora
",Total,Illiterate,186009,59477,126532,47445,8309,39136,23158,3699,19459,6543,1675,4868,115406,47469,67937,1178,272,906
B0103,05,064,"District - Almora
",Total,Literate,436497,231604,204893,153633,93912,59721,73975,36540,37435,32338,19701,12637,208889,101152,107737,22713,12115,10598
B0103,05,064,"District - Almora
",Total,Literate but below matric/secondary,274543,134720,139823,83832,42911,40921,49772,23040,26732,19598,11541,8057,140939,68769,72170,6587,3354,3233
B0103,05,064,"District - Almora
",Total,Matric/secondary but below graduate,112594,68711,43883,44785,33380,11405,19043,10875,8168,9746,6427,3319,48766,24456,24310,9398,5483,3915
B0103,05,064,"District - Almora
",Total,Technical diploma or certificate not equal to degree,1366,1025,341,504,432,72,102,87,15,78,66,12,760,506,254,269,204,65
B0103,05,064,"District - Almora
",Total,Graduate and above other than technical degree,36182,20805,15377,18119,13291,4828,3493,1868,1625,2259,1290,969,14570,5646,8924,5497,2540,2957
B0103,05,064,"District - Almora
",Total,Technical degree or diploma equal to degree or post-graduate degree,3609,2411,1198,1981,1476,505,155,114,41,107,78,29,1473,821,652,644,378,266
B0103,05,064,"District - Almora
",Rural,Total,560192,257359,302833,181144,85414,95730,95769,39301,56468,38136,20837,17299,283279,132644,150635,18921,10099,8822
B0103,05,064,"District - Almora
",Rural,Illiterate,177103,55540,121563,46814,7878,38936,22977,3602,19375,6440,1601,4839,107312,44060,63252,1015,241,774
B0103,05,064,"District - Almora
",Rural,Literate,383089,201819,181270,134330,77536,56794,72792,35699,37093,31696,19236,12460,175967,88584,87383,17906,9858,8048
B0103,05,064,"District - Almora
",Rural,Literate but below matric/secondary,255882,125073,130809,80163,39671,40492,49258,22640,26618,19301,11295,8006,126461,62762,63699,5835,2966,2869
B0103,05,064,"District - Almora
",Rural,Matric/secondary but below graduate,94259,57419,36840,37391,26489,10902,18645,10583,8062,9576,6306,3270,38223,20347,17876,7817,4617,3200
B0103,05,064,"District - Almora
",Rural,Technical diploma or certificate not equal to degree,851,702,149,291,257,34,93,81,12,69,60,9,467,364,103,214,171,43
B0103,05,064,"District - Almora
",Rural,Graduate and above other than technical degree,23295,14185,9110,11833,8622,3211,3291,1765,1526,2135,1229,906,8171,3798,4373,3472,1769,1703
B0103,05,064,"District - Almora
",Rural,Technical degree or diploma equal to degree or post-graduate degree,2021,1499,522,1166,921,245,126,98,28,82,62,20,729,480,249,320,205,115
B0103,05,064,"District - Almora
",Urban,Total,62314,33722,28592,19934,16807,3127,1364,938,426,745,539,206,41016,15977,25039,4970,2288,2682
B0103,05,064,"District - Almora
",Urban,Illiterate,8906,3937,4969,631,431,200,181,97,84,103,74,29,8094,3409,4685,163,31,132
B0103,05,064,"District - Almora
",Urban,Literate,53408,29785,23623,19303,16376,2927,1183,841,342,642,465,177,32922,12568,20354,4807,2257,2550
B0103,05,064,"District - Almora
",Urban,Literate but below matric/secondary,18661,9647,9014,3669,3240,429,514,400,114,297,246,51,14478,6007,8471,752,388,364
B0103,05,064,"District - Almora
",Urban,Matric/secondary but below graduate,18335,11292,7043,7394,6891,503,398,292,106,170,121,49,10543,4109,6434,1581,866,715
B0103,05,064,"District - Almora
",Urban,Technical diploma or certificate not equal to degree,515,323,192,213,175,38,9,6,3,9,6,3,293,142,151,55,33,22
B0103,05,064,"District - Almora
",Urban,Graduate and above other than technical degree,12887,6620,6267,6286,4669,1617,202,103,99,124,61,63,6399,1848,4551,2025,771,1254
B0103,05,064,"District - Almora
",Urban,Technical degree or diploma equal to degree or post-graduate degree,1588,912,676,815,555,260,29,16,13,25,16,9,744,341,403,324,173,151
B0103,05,065,District - Champawat,Total,Total,259648,131125,128523,62698,43252,19446,36868,17175,19693,17636,11451,6185,160082,70698,89384,11998,5939,6059
B0103,05,065,District - Champawat,Total,Illiterate,81922,29110,52812,12826,4253,8573,11050,1996,9054,3758,1131,2627,58046,22861,35185,1213,143,1070
B0103,05,065,District - Champawat,Total,Literate,177726,102015,75711,49872,38999,10873,25818,15179,10639,13878,10320,3558,102036,47837,54199,10785,5796,4989
B0103,05,065,District - Champawat,Total,Literate but below matric/secondary,120916,65563,55353,28318,20729,7589,19721,10969,8752,10095,7276,2819,72877,33865,39012,3868,1836,2032
B0103,05,065,District - Champawat,Total,Matric/secondary but below graduate,37946,25030,12916,12939,11525,1414,4306,3142,1164,2629,2226,403,20701,10363,10338,3728,2292,1436
B0103,05,065,District - Champawat,Total,Technical diploma or certificate not equal to degree,617,524,93,320,292,28,24,19,5,18,16,2,273,213,60,117,93,24
B0103,05,065,District - Champawat,Total,Graduate and above other than technical degree,14083,8637,5446,6611,5249,1362,1153,777,376,817,614,203,6319,2611,3708,2543,1291,1252
B0103,05,065,District - Champawat,Total,Technical degree or diploma equal to degree or post-graduate degree,1580,1092,488,780,614,166,114,74,40,83,54,29,686,404,282,360,217,143
B0103,05,065,District - Champawat,Rural,Total,221305,110842,110463,52275,34254,18021,35817,16347,19470,17134,11013,6121,133213,60241,72972,9777,4839,4938
B0103,05,065,District - Champawat,Rural,Illiterate,71395,24463,46932,11129,2886,8243,10760,1800,8960,3639,1034,2605,49506,19777,29729,1111,114,997
B0103,05,065,District - Champawat,Rural,Literate,149910,86379,63531,41146,31368,9778,25057,14547,10510,13495,9979,3516,83707,40464,43243,8666,4725,3941
B0103,05,065,District - Champawat,Rural,Literate but below matric/secondary,106512,57726,48786,25210,17928,7282,19254,10558,8696,9859,7051,2808,62048,29240,32808,3376,1530,1846
B0103,05,065,District - Champawat,Rural,Matric/secondary but below graduate,30171,20391,9780,10158,8965,1193,4123,2987,1136,2545,2148,397,15890,8439,7451,3004,1896,1108
B0103,05,065,District - Champawat,Rural,Technical diploma or certificate not equal to degree,389,328,61,171,154,17,22,17,5,17,15,2,196,157,39,85,69,16
B0103,05,065,District - Champawat,Rural,Graduate and above other than technical degree,9732,6295,3437,4406,3507,899,1071,730,341,771,586,185,4255,2058,2197,1826,1031,795
B0103,05,065,District - Champawat,Rural,Technical degree or diploma equal to degree or post-graduate degree,1043,742,301,507,404,103,99,65,34,73,50,23,437,273,164,236,149,87
B0103,05,065,District - Champawat,Urban,Total,38343,20283,18060,10423,8998,1425,1051,828,223,502,438,64,26869,10457,16412,2221,1100,1121
B0103,05,065,District - Champawat,Urban,Illiterate,10527,4647,5880,1697,1367,330,290,196,94,119,97,22,8540,3084,5456,102,29,73
B0103,05,065,District - Champawat,Urban,Literate,27816,15636,12180,8726,7631,1095,761,632,129,383,341,42,18329,7373,10956,2119,1071,1048
B0103,05,065,District - Champawat,Urban,Literate but below matric/secondary,14404,7837,6567,3108,2801,307,467,411,56,236,225,11,10829,4625,6204,492,306,186
B0103,05,065,District - Champawat,Urban,Matric/secondary but below graduate,7775,4639,3136,2781,2560,221,183,155,28,84,78,6,4811,1924,2887,724,396,328
B0103,05,065,District - Champawat,Urban,Technical diploma or certificate not equal to degree,228,196,32,149,138,11,2,2,0,1,1,0,77,56,21,32,24,8
B0103,05,065,District - Champawat,Urban,Graduate and above other than technical degree,4351,2342,2009,2205,1742,463,82,47,35,46,28,18,2064,553,1511,717,260,457
B0103,05,065,District - Champawat,Urban,Technical degree or diploma equal to degree or post-graduate degree,537,350,187,273,210,63,15,9,6,10,4,6,249,131,118,124,68,56
B0103,05,066,District - Nainital,Total,Total,954605,493666,460939,296424,217381,79043,79757,39554,40203,31082,22007,9075,578424,236731,341693,48636,22420,26216
B0103,05,066,District - Nainital,Total,Illiterate,258105,107887,150218,48856,25126,23730,19471,6282,13189,5868,3405,2463,189778,76479,113299,3842,974,2868
B0103,05,066,District - Nainital,Total,Literate,696500,385779,310721,247568,192255,55313,60286,33272,27014,25214,18602,6612,388646,160252,228394,44794,21446,23348
B0103,05,066,District - Nainital,Total,Literate but below matric/secondary,379271,202987,176284,109728,80126,29602,38691,20742,17949,14455,11031,3424,230852,102119,128733,11949,5989,5960
B0103,05,066,District - Nainital,Total,Matric/secondary but below graduate,189424,112190,77234,74988,63515,11473,14880,8811,6069,7076,5247,1829,99556,39864,59692,16872,8773,8099
B0103,05,066,District - Nainital,Total,Technical diploma or certificate not equal to degree,3979,3215,764,2091,1881,210,191,160,31,121,105,16,1697,1174,523,619,437,182
B0103,05,066,District - Nainital,Total,Graduate and above other than technical degree,101767,54607,47160,50477,39213,11264,4919,2606,2313,2852,1721,1131,46371,12788,33583,12920,5004,7916
B0103,05,066,District - Nainital,Total,Technical degree or diploma equal to degree or post-graduate degree,10877,6956,3921,5626,4248,1378,310,198,112,182,115,67,4941,2510,2431,1893,1001,892
B0103,05,066,District - Nainital,Rural,Total,582871,299257,283614,191475,127397,64078,67176,30419,36757,24301,16558,7743,324220,141441,182779,26293,12402,13891
B0103,05,066,District - Nainital,Rural,Illiterate,164901,65003,99898,34813,13631,21182,16019,3879,12140,4002,1924,2078,114069,47493,66576,1916,320,1596
B0103,05,066,District - Nainital,Rural,Literate,417970,234254,183716,156662,113766,42896,51157,26540,24617,20299,14634,5665,210151,93948,116203,24377,12082,12295
B0103,05,066,District - Nainital,Rural,Literate but below matric/secondary,251229,133912,117317,80813,53768,27045,33763,16780,16983,11792,8644,3148,136653,63364,73289,7145,3437,3708
B0103,05,066,District - Nainital,Rural,Matric/secondary but below graduate,111748,68755,42993,48519,39307,9212,12602,7164,5438,5878,4302,1576,50627,22284,28343,9933,5398,4535
B0103,05,066,District - Nainital,Rural,Technical diploma or certificate not equal to degree,1992,1619,373,949,856,93,139,115,24,89,79,10,904,648,256,363,271,92
B0103,05,066,District - Nainital,Rural,Graduate and above other than technical degree,42407,23939,18468,21483,16478,5005,3439,1800,1639,2035,1267,768,17485,5661,11824,5907,2454,3453
B0103,05,066,District - Nainital,Rural,Technical degree or diploma equal to degree or post-graduate degree,3760,2543,1217,1874,1491,383,166,104,62,103,64,39,1720,948,772,710,398,312
B0103,05,066,District - Nainital,Urban,Total,371734,194409,177325,104949,89984,14965,12581,9135,3446,6781,5449,1332,254204,95290,158914,22343,10018,12325
B0103,05,066,District - Nainital,Urban,Illiterate,93204,42884,50320,14043,11495,2548,3452,2403,1049,1866,1481,385,75709,28986,46723,1926,654,1272
B0103,05,066,District - Nainital,Urban,Literate,278530,151525,127005,90906,78489,12417,9129,6732,2397,4915,3968,947,178495,66304,112191,20417,9364,11053
B0103,05,066,District - Nainital,Urban,Literate but below matric/secondary,128042,69075,58967,28915,26358,2557,4928,3962,966,2663,2387,276,94199,38755,55444,4804,2552,2252
B0103,05,066,District - Nainital,Urban,Matric/secondary but below graduate,77676,43435,34241,26469,24208,2261,2278,1647,631,1198,945,253,48929,17580,31349,6939,3375,3564
B0103,05,066,District - Nainital,Urban,Technical diploma or certificate not equal to degree,1987,1596,391,1142,1025,117,52,45,7,32,26,6,793,526,267,256,166,90
B0103,05,066,District - Nainital,Urban,Graduate and above other than technical degree,59360,30668,28692,28994,22735,6259,1480,806,674,817,454,363,28886,7127,21759,7013,2550,4463
B0103,05,066,District - Nainital,Urban,Technical degree or diploma equal to degree or post-graduate degree,7117,4413,2704,3752,2757,995,144,94,50,79,51,28,3221,1562,1659,1183,603,580
B0103,05,067,District - Udham Singh Nagar,Total,Total,1648902,858783,790119,450762,373061,77701,140696,71517,69179,57822,38525,19297,1057444,414205,643239,68663,30481,38182
B0103,05,067,District - Udham Singh Nagar,Total,Illiterate,611063,260258,350805,127322,89104,38218,53031,19632,33399,19575,10469,9106,430710,151522,279188,12796,2546,10250
B0103,05,067,District - Udham Singh Nagar,Total,Literate,1037839,598525,439314,323440,283957,39483,87665,51885,35780,38247,28056,10191,626734,262683,364051,55867,27935,27932
B0103,05,067,District - Udham Singh Nagar,Total,Literate but below matric/secondary,645933,363105,282828,162207,141831,20376,56312,32665,23647,23127,17344,5783,427414,188609,238805,20374,9710,10664
B0103,05,067,District - Udham Singh Nagar,Total,Matric/secondary but below graduate,249250,153335,95915,93588,85580,8008,21677,13778,7899,10056,7545,2511,133985,53977,80008,20739,11575,9164
B0103,05,067,District - Udham Singh Nagar,Total,Technical diploma or certificate not equal to degree,3917,3352,565,1982,1860,122,193,165,28,129,111,18,1742,1327,415,554,442,112
B0103,05,067,District - Udham Singh Nagar,Total,Graduate and above other than technical degree,100874,56116,44758,48775,40817,7958,5888,3224,2664,3156,1905,1251,46211,12075,34136,11038,4566,6472
B0103,05,067,District - Udham Singh Nagar,Total,Technical degree or diploma equal to degree or post-graduate degree,13566,9250,4316,7250,5903,1347,595,390,205,396,246,150,5721,2957,2764,1988,1155,833
B0103,05,067,District - Udham Singh Nagar,Rural,Total,1062142,550470,511672,292249,234671,57578,113880,53948,59932,45960,30076,15884,656013,261851,394162,41669,17339,24330
B0103,05,067,District - Udham Singh Nagar,Rural,Illiterate,409425,171033,238392,90795,60162,30633,43179,14041,29138,15402,7729,7673,275451,96830,178621,8261,1257,7004
B0103,05,067,District - Udham Singh Nagar,Rural,Literate,652717,379437,273280,201454,174509,26945,70701,39907,30794,30558,22347,8211,380562,165021,215541,33408,16082,17326
B0103,05,067,District - Udham Singh Nagar,Rural,Literate but below matric/secondary,438122,246979,191143,113284,97022,16262,46881,25802,21079,18981,14007,4974,277957,124155,153802,13665,5983,7682
B0103,05,067,District - Udham Singh Nagar,Rural,Matric/secondary but below graduate,147733,93245,54488,57051,51556,5495,17297,10616,6681,8081,6124,1957,73385,31073,42312,12589,6820,5769
B0103,05,067,District - Udham Singh Nagar,Rural,Technical diploma or certificate not equal to degree,1908,1634,274,879,813,66,136,117,19,101,89,12,893,704,189,309,261,48
B0103,05,067,District - Udham Singh Nagar,Rural,Graduate and above other than technical degree,43769,25214,18555,20704,17339,3365,3947,2063,1884,2197,1347,850,19118,5812,13306,5363,2318,3045
B0103,05,067,District - Udham Singh Nagar,Rural,Technical degree or diploma equal to degree or post-graduate degree,4994,3534,1460,2689,2238,451,309,218,91,224,163,61,1996,1078,918,726,424,302
B0103,05,067,District - Udham Singh Nagar,Urban,Total,586760,308313,278447,158513,138390,20123,26816,17569,9247,11862,8449,3413,401431,152354,249077,26994,13142,13852
B0103,05,067,District - Udham Singh Nagar,Urban,Illiterate,201638,89225,112413,36527,28942,7585,9852,5591,4261,4173,2740,1433,155259,54692,100567,4535,1289,3246
B0103,05,067,District - Udham Singh Nagar,Urban,Literate,385122,219088,166034,121986,109448,12538,16964,11978,4986,7689,5709,1980,246172,97662,148510,22459,11853,10606
B0103,05,067,District - Udham Singh Nagar,Urban,Literate but below matric/secondary,207811,116126,91685,48923,44809,4114,9431,6863,2568,4146,3337,809,149457,64454,85003,6709,3727,2982
B0103,05,067,District - Udham Singh Nagar,Urban,Matric/secondary but below graduate,101517,60090,41427,36537,34024,2513,4380,3162,1218,1975,1421,554,60600,22904,37696,8150,4755,3395
B0103,05,067,District - Udham Singh Nagar,Urban,Technical diploma or certificate not equal to degree,2009,1718,291,1103,1047,56,57,48,9,28,22,6,849,623,226,245,181,64
B0103,05,067,District - Udham Singh Nagar,Urban,Graduate and above other than technical degree,57105,30902,26203,28071,23478,4593,1941,1161,780,959,558,401,27093,6263,20830,5675,2248,3427
B0103,05,067,District - Udham Singh Nagar,Urban,Technical degree or diploma equal to degree or post-graduate degree,8572,5716,2856,4561,3665,896,286,172,114,172,83,89,3725,1879,1846,1262,731,531
B0103,05,068,District - Hardwar,Total,Total,1890422,1005295,885127,495152,440422,54730,82969,57388,25581,38827,30993,7834,1312301,507485,804816,54931,29164,25767
B0103,05,068,District - Hardwar,Total,Illiterate,712068,313884,398184,123109,100017,23092,32117,18437,13680,14194,10357,3837,556842,195430,361412,8844,2714,6130
B0103,05,068,District - Hardwar,Total,Literate,1178354,691411,486943,372043,340405,31638,50852,38951,11901,24633,20636,3997,755459,312055,443404,46087,26450,19637
B0103,05,068,District - Hardwar,Total,Literate but below matric/secondary,725694,413446,312248,180408,167484,12924,32923,25787,7136,16290,14126,2164,512363,220175,292188,17748,10705,7043
B0103,05,068,District - Hardwar,Total,Matric/secondary but below graduate,267446,170951,96495,107358,101298,6060,10953,8540,2413,5048,4181,867,149135,61113,88022,14182,8748,5434
B0103,05,068,District - Hardwar,Total,Technical diploma or certificate not equal to degree,10995,10046,949,5772,5534,238,376,344,32,196,182,14,4847,4168,679,1151,1038,113
B0103,05,068,District - Hardwar,Total,Graduate and above other than technical degree,121234,63949,57285,56254,47270,8984,3982,2371,1611,1801,1117,684,60998,14308,46690,9418,3841,5577
B0103,05,068,District - Hardwar,Total,Technical degree or diploma equal to degree or post-graduate degree,25428,18064,7364,12468,10303,2165,775,523,252,396,267,129,12185,7238,4947,2656,1661,995
B0103,05,068,District - Hardwar,Rural,Total,1197328,633784,563544,298794,266838,31956,60457,41461,18996,29299,23705,5594,838077,325485,512592,28778,15807,12971
B0103,05,068,District - Hardwar,Rural,Illiterate,514712,224731,289981,92527,74878,17649,25486,14107,11379,11264,8209,3055,396699,135746,260953,5544,1545,3999
B0103,05,068,District - Hardwar,Rural,Literate,682616,409053,273563,206267,191960,14307,34971,27354,7617,18035,15496,2539,441378,189739,251639,23234,14262,8972
B0103,05,068,District - Hardwar,Rural,Literate but below matric/secondary,496776,287243,209533,126845,118299,8546,25341,19847,5494,12979,11278,1701,344590,149097,195493,11452,6953,4499
B0103,05,068,District - Hardwar,Rural,Matric/secondary but below graduate,126906,85001,41905,52833,50110,2723,6516,5217,1299,3312,2808,504,67557,29674,37883,6988,4581,2407
B0103,05,068,District - Hardwar,Rural,Technical diploma or certificate not equal to degree,3625,3377,248,1495,1450,45,142,131,11,83,78,5,1988,1796,192,532,500,32
B0103,05,068,District - Hardwar,Rural,Graduate and above other than technical degree,33855,20301,13554,16603,14597,2006,1492,1013,479,866,636,230,15760,4691,11069,3122,1505,1617
B0103,05,068,District - Hardwar,Rural,Technical degree or diploma equal to degree or post-graduate degree,5471,4363,1108,2747,2491,256,259,209,50,171,140,31,2465,1663,802,696,507,189
B0103,05,068,District - Hardwar,Urban,Total,693094,371511,321583,196358,173584,22774,22512,15927,6585,9528,7288,2240,474224,182000,292224,26153,13357,12796
B0103,05,068,District - Hardwar,Urban,Illiterate,197356,89153,108203,30582,25139,5443,6631,4330,2301,2930,2148,782,160143,59684,100459,3300,1169,2131
B0103,05,068,District - Hardwar,Urban,Literate,495738,282358,213380,165776,148445,17331,15881,11597,4284,6598,5140,1458,314081,122316,191765,22853,12188,10665
B0103,05,068,District - Hardwar,Urban,Literate but below matric/secondary,228918,126203,102715,53563,49185,4378,7582,5940,1642,3311,2848,463,167773,71078,96695,6296,3752,2544
B0103,05,068,District - Hardwar,Urban,Matric/secondary but below graduate,140540,85950,54590,54525,51188,3337,4437,3323,1114,1736,1373,363,81578,31439,50139,7194,4167,3027
B0103,05,068,District - Hardwar,Urban,Technical diploma or certificate not equal to degree,7370,6669,701,4277,4084,193,234,213,21,113,104,9,2859,2372,487,619,538,81
B0103,05,068,District - Hardwar,Urban,Graduate and above other than technical degree,87379,43648,43731,39651,32673,6978,2490,1358,1132,935,481,454,45238,9617,35621,6296,2336,3960
B0103,05,068,District - Hardwar,Urban,Technical degree or diploma equal to degree or post-graduate degree,19957,13701,6256,9721,7812,1909,516,314,202,225,127,98,9720,5575,4145,1960,1154,806
B0103,06,069,District - Panchkula,Total,Total,561293,299679,261614,182831,148695,34136,28648,16170,12478,12480,8757,3723,349814,134814,215000,25882,9626,16256
B0103,06,069,District - Panchkula,Total,Illiterate,155975,69817,86158,30408,20804,9604,8225,3525,4700,2934,1763,1171,117342,45488,71854,3029,610,2419
B0103,06,069,District - Panchkula,Total,Literate,405318,229862,175456,152423,127891,24532,20423,12645,7778,9546,6994,2552,232472,89326,143146,22853,9016,13837
B0103,06,069,District - Panchkula,Total,Literate but below matric/secondary,179082,98835,80247,45262,39194,6068,10727,6737,3990,4984,3945,1039,123093,52904,70189,5744,2324,3420
B0103,06,069,District - Panchkula,Total,Matric/secondary but below graduate,120681,73076,47605,51519,46891,4628,5934,3929,2005,3032,2260,772,63228,22256,40972,8961,3849,5112
B0103,06,069,District - Panchkula,Total,Technical diploma or certificate not equal to degree,8388,6228,2160,4481,3813,668,280,196,84,140,98,42,3627,2219,1408,741,498,243
B0103,06,069,District - Panchkula,Total,Graduate and above other than technical degree,70954,37035,33919,37476,28090,9386,2327,1152,1175,922,419,503,31151,7793,23358,5317,1506,3811
B0103,06,069,District - Panchkula,Total,Technical degree or diploma equal to degree or post-graduate degree,17643,10174,7469,10011,6964,3047,586,315,271,233,116,117,7046,2895,4151,1621,659,962
B0103,06,069,District - Panchkula,Rural,Total,248063,133153,114910,75246,63002,12244,19481,10955,8526,9171,6755,2416,153336,59196,94140,10178,3671,6507
B0103,06,069,District - Panchkula,Rural,Illiterate,84636,37227,47409,17421,11828,5593,6207,2554,3653,2340,1437,903,61008,22845,38163,1432,248,1184
B0103,06,069,District - Panchkula,Rural,Literate,163427,95926,67501,57825,51174,6651,13274,8401,4873,6831,5318,1513,92328,36351,55977,8746,3423,5323
B0103,06,069,District - Panchkula,Rural,Literate but below matric/secondary,96951,53949,43002,26540,22835,3705,8388,5211,3177,4138,3336,802,62023,25903,36120,3085,1125,1960
B0103,06,069,District - Panchkula,Rural,Matric/secondary but below graduate,51136,32769,18367,23736,22000,1736,3836,2565,1271,2131,1630,501,23564,8204,15360,3944,1641,2303
B0103,06,069,District - Panchkula,Rural,Technical diploma or certificate not equal to degree,1481,1155,326,608,529,79,108,79,29,64,47,17,765,547,218,226,161,65
B0103,06,069,District - Panchkula,Rural,Graduate and above other than technical degree,9004,5364,3640,4732,4059,673,554,323,231,313,177,136,3718,982,2736,1089,348,741
B0103,06,069,District - Panchkula,Rural,Technical degree or diploma equal to degree or post-graduate degree,1606,968,638,857,643,214,77,52,25,46,31,15,672,273,399,234,90,144
B0103,06,069,District - Panchkula,Urban,Total,313230,166526,146704,107585,85693,21892,9167,5215,3952,3309,2002,1307,196478,75618,120860,15704,5955,9749
B0103,06,069,District - Panchkula,Urban,Illiterate,71339,32590,38749,12987,8976,4011,2018,971,1047,594,326,268,56334,22643,33691,1597,362,1235
B0103,06,069,District - Panchkula,Urban,Literate,241891,133936,107955,94598,76717,17881,7149,4244,2905,2715,1676,1039,140144,52975,87169,14107,5593,8514
B0103,06,069,District - Panchkula,Urban,Literate but below matric/secondary,82131,44886,37245,18722,16359,2363,2339,1526,813,846,609,237,61070,27001,34069,2659,1199,1460
B0103,06,069,District - Panchkula,Urban,Matric/secondary but below graduate,69545,40307,29238,27783,24891,2892,2098,1364,734,901,630,271,39664,14052,25612,5017,2208,2809
B0103,06,069,District - Panchkula,Urban,Technical diploma or certificate not equal to degree,6907,5073,1834,3873,3284,589,172,117,55,76,51,25,2862,1672,1190,515,337,178
B0103,06,069,District - Panchkula,Urban,Graduate and above other than technical degree,61950,31671,30279,32744,24031,8713,1773,829,944,609,242,367,27433,6811,20622,4228,1158,3070
B0103,06,069,District - Panchkula,Urban,Technical degree or diploma equal to degree or post-graduate degree,16037,9206,6831,9154,6321,2833,509,263,246,187,85,102,6374,2622,3752,1387,569,818
B0103,06,070,District - Ambala,Total,Total,1128350,598703,529647,319475,282066,37409,52664,38054,14610,26381,20888,5493,756211,278583,477628,57239,24873,32366
B0103,06,070,District - Ambala,Total,Illiterate,310325,137415,172910,48422,39263,9159,13764,8424,5340,6241,4491,1750,248139,89728,158411,5903,1472,4431
B0103,06,070,District - Ambala,Total,Literate,818025,461288,356737,271053,242803,28250,38900,29630,9270,20140,16397,3743,508072,188855,319217,51336,23401,27935
B0103,06,070,District - Ambala,Total,Literate but below matric/secondary,400218,218606,181612,97372,89529,7843,20014,15636,4378,10748,9116,1632,282832,113441,169391,14937,6748,8189
B0103,06,070,District - Ambala,Total,Matric/secondary but below graduate,265308,160072,105236,104193,97595,6598,11826,9260,2566,6298,5148,1150,149289,53217,96072,21040,10668,10372
B0103,06,070,District - Ambala,Total,Technical diploma or certificate not equal to degree,9892,6895,2997,3975,3207,768,360,289,71,183,162,21,5557,3399,2158,1196,847,349
B0103,06,070,District - Ambala,Total,Graduate and above other than technical degree,87607,47063,40544,43222,34680,8542,3529,2200,1329,1548,944,604,40856,10183,30673,9520,3133,6387
B0103,06,070,District - Ambala,Total,Technical degree or diploma equal to degree or post-graduate degree,16639,8918,7721,8091,5426,2665,699,398,301,341,192,149,7849,3094,4755,2302,1011,1291
B0103,06,070,District - Ambala,Rural,Total,627576,331703,295873,163089,148590,14499,32757,24574,8183,17605,14790,2815,431730,158539,273191,25683,12003,13680
B0103,06,070,District - Ambala,Rural,Illiterate,200934,87421,113513,32266,26877,5389,9914,6066,3848,4579,3380,1199,158754,54478,104276,2994,643,2351
B0103,06,070,District - Ambala,Rural,Literate,426642,244282,182360,130823,121713,9110,22843,18508,4335,13026,11410,1616,272976,104061,168915,22689,11360,11329
B0103,06,070,District - Ambala,Rural,Literate but below matric/secondary,248643,136144,112499,61346,57178,4168,13417,10734,2683,7612,6661,951,173880,68232,105648,7655,3450,4205
B0103,06,070,District - Ambala,Rural,Matric/secondary but below graduate,130480,80499,49981,49842,47339,2503,6879,5820,1059,4044,3621,423,73759,27340,46419,9862,5376,4486
B0103,06,070,District - Ambala,Rural,Technical diploma or certificate not equal to degree,3938,3163,775,1252,1109,143,174,157,17,109,104,5,2512,1897,615,634,513,121
B0103,06,070,District - Ambala,Rural,Graduate and above other than technical degree,21264,12468,8796,9993,8650,1343,922,676,246,570,436,134,10349,3142,7207,2870,1217,1653
B0103,06,070,District - Ambala,Rural,Technical degree or diploma equal to degree or post-graduate degree,3291,1928,1363,1446,1084,362,120,83,37,82,55,27,1725,761,964,574,285,289
B0103,06,070,District - Ambala,Urban,Total,500774,267000,233774,156386,133476,22910,19907,13480,6427,8776,6098,2678,324481,120044,204437,31556,12870,18686
B0103,06,070,District - Ambala,Urban,Illiterate,109391,49994,59397,16156,12386,3770,3850,2358,1492,1662,1111,551,89385,35250,54135,2909,829,2080
B0103,06,070,District - Ambala,Urban,Literate,391383,217006,174377,140230,121090,19140,16057,11122,4935,7114,4987,2127,235096,84794,150302,28647,12041,16606
B0103,06,070,District - Ambala,Urban,Literate but below matric/secondary,151575,82462,69113,36026,32351,3675,6597,4902,1695,3136,2455,681,108952,45209,63743,7282,3298,3984
B0103,06,070,District - Ambala,Urban,Matric/secondary but below graduate,134828,79573,55255,54351,50256,4095,4947,3440,1507,2254,1527,727,75530,25877,49653,11178,5292,5886
B0103,06,070,District - Ambala,Urban,Technical diploma or certificate not equal to degree,5954,3732,2222,2723,2098,625,186,132,54,74,58,16,3045,1502,1543,562,334,228
B0103,06,070,District - Ambala,Urban,Graduate and above other than technical degree,66343,34595,31748,33229,26030,7199,2607,1524,1083,978,508,470,30507,7041,23466,6650,1916,4734
B0103,06,070,District - Ambala,Urban,Technical degree or diploma equal to degree or post-graduate degree,13348,6990,6358,6645,4342,2303,579,315,264,259,137,122,6124,2333,3791,1728,726,1002
B0103,06,071,District - Yamunanagar,Total,Total,1214205,646718,567487,339024,307044,31980,50209,35299,14910,26294,21140,5154,824972,304375,520597,53480,23045,30435
B0103,06,071,District - Yamunanagar,Total,Illiterate,381748,171925,209823,67512,57232,10280,17085,9662,7423,7765,5426,2339,297151,105031,192120,7136,1500,5636
B0103,06,071,District - Yamunanagar,Total,Literate,832457,474793,357664,271512,249812,21700,33124,25637,7487,18529,15714,2815,527821,199344,328477,46344,21545,24799
B0103,06,071,District - Yamunanagar,Total,Literate but below matric/secondary,464619,258868,205751,120856,113389,7467,20020,15407,4613,11023,9464,1559,323743,130072,193671,14686,6272,8414
B0103,06,071,District - Yamunanagar,Total,Matric/secondary but below graduate,246012,148449,97563,95910,90847,5063,8810,7273,1537,5117,4494,623,141292,50329,90963,18251,9549,8702
B0103,06,071,District - Yamunanagar,Total,Technical diploma or certificate not equal to degree,10608,8486,2122,4243,3760,483,414,374,40,282,261,21,5951,4352,1599,1619,1300,319
B0103,06,071,District - Yamunanagar,Total,Graduate and above other than technical degree,71787,37433,34354,34166,28343,5823,1997,1236,761,1120,721,399,35624,7854,27770,8228,2723,5505
B0103,06,071,District - Yamunanagar,Total,Technical degree or diploma equal to degree or post-graduate degree,14784,8605,6179,7087,5109,1978,448,278,170,276,172,104,7249,3218,4031,2255,1136,1119
B0103,06,071,District - Yamunanagar,Rural,Total,741376,393957,347419,197468,181742,15726,37857,26630,11227,20373,16771,3602,506051,185585,320466,30713,12171,18542
B0103,06,071,District - Yamunanagar,Rural,Illiterate,263563,117124,146439,47429,40442,6987,14307,7975,6332,6501,4590,1911,201827,68707,133120,5097,821,4276
B0103,06,071,District - Yamunanagar,Rural,Literate,477813,276833,200980,150039,141300,8739,23550,18655,4895,13872,12181,1691,304224,116878,187346,25616,11350,14266
B0103,06,071,District - Yamunanagar,Rural,Literate but below matric/secondary,302477,168079,134398,78640,73953,4687,15375,11787,3588,8755,7572,1183,208462,82339,126123,9663,3604,6059
B0103,06,071,District - Yamunanagar,Rural,Matric/secondary but below graduate,128160,80267,47893,51020,48838,2182,5844,5031,813,3678,3382,296,71296,26398,44898,10083,5100,4983
B0103,06,071,District - Yamunanagar,Rural,Technical diploma or certificate not equal to degree,4888,4216,672,1773,1680,93,247,235,12,187,180,7,2868,2301,567,925,759,166
B0103,06,071,District - Yamunanagar,Rural,Graduate and above other than technical degree,21895,13029,8866,10766,9778,988,812,634,178,553,453,100,10317,2617,7700,3360,1165,2195
B0103,06,071,District - Yamunanagar,Rural,Technical degree or diploma equal to degree or post-graduate degree,3704,2408,1296,1688,1400,288,138,102,36,99,72,27,1878,906,972,747,380,367
B0103,06,071,District - Yamunanagar,Urban,Total,472829,252761,220068,141556,125302,16254,12352,8669,3683,5921,4369,1552,318921,118790,200131,22767,10874,11893
B0103,06,071,District - Yamunanagar,Urban,Illiterate,118185,54801,63384,20083,16790,3293,2778,1687,1091,1264,836,428,95324,36324,59000,2039,679,1360
B0103,06,071,District - Yamunanagar,Urban,Literate,354644,197960,156684,121473,108512,12961,9574,6982,2592,4657,3533,1124,223597,82466,141131,20728,10195,10533
B0103,06,071,District - Yamunanagar,Urban,Literate but below matric/secondary,162142,90789,71353,42216,39436,2780,4645,3620,1025,2268,1892,376,115281,47733,67548,5023,2668,2355
B0103,06,071,District - Yamunanagar,Urban,Matric/secondary but below graduate,117852,68182,49670,44890,42009,2881,2966,2242,724,1439,1112,327,69996,23931,46065,8168,4449,3719
B0103,06,071,District - Yamunanagar,Urban,Technical diploma or certificate not equal to degree,5720,4270,1450,2470,2080,390,167,139,28,95,81,14,3083,2051,1032,694,541,153
B0103,06,071,District - Yamunanagar,Urban,Graduate and above other than technical degree,49892,24404,25488,23400,18565,4835,1185,602,583,567,268,299,25307,5237,20070,4868,1558,3310
B0103,06,071,District - Yamunanagar,Urban,Technical degree or diploma equal to degree or post-graduate degree,11080,6197,4883,5399,3709,1690,310,176,134,177,100,77,5371,2312,3059,1508,756,752
B0103,06,072,District - Kurukshetra,Total,Total,964655,510976,453679,285904,244619,41285,50876,23937,26939,24020,13885,10135,627875,242420,385455,45803,17393,28410
B0103,06,072,District - Kurukshetra,Total,Illiterate,317762,140148,177614,67814,49292,18522,21244,7140,14104,9096,3748,5348,228704,83716,144988,5957,1027,4930
B0103,06,072,District - Kurukshetra,Total,Literate,646893,370828,276065,218090,195327,22763,29632,16797,12835,14924,10137,4787,399171,158704,240467,39846,16366,23480
B0103,06,072,District - Kurukshetra,Total,Literate but below matric/secondary,351116,194543,156573,95703,85851,9852,18281,9526,8755,8827,5623,3204,237132,99166,137966,11427,3815,7612
B0103,06,072,District - Kurukshetra,Total,Matric/secondary but below graduate,198383,120533,77850,77273,72369,4904,8240,5415,2825,4396,3360,1036,112870,42749,70121,16544,7937,8607
B0103,06,072,District - Kurukshetra,Total,Technical diploma or certificate not equal to degree,7567,5610,1957,2759,2270,489,283,244,39,166,147,19,4525,3096,1429,1130,859,271
B0103,06,072,District - Kurukshetra,Total,Graduate and above other than technical degree,58137,32409,25728,29093,24148,4945,1372,812,560,827,543,284,27672,7449,20223,7494,2408,5086
B0103,06,072,District - Kurukshetra,Total,Technical degree or diploma equal to degree or post-graduate degree,14401,8431,5970,5983,4376,1607,281,173,108,161,105,56,8137,3882,4255,2293,977,1316
B0103,06,072,District - Kurukshetra,Rural,Total,685430,361020,324410,203388,174590,28798,43885,19203,24682,20380,11235,9145,438157,167227,270930,30705,11108,19597
B0103,06,072,District - Kurukshetra,Rural,Illiterate,247759,107733,140026,55056,39763,15293,18440,5567,12873,7726,2919,4807,174263,62403,111860,4568,611,3957
B0103,06,072,District - Kurukshetra,Rural,Literate,437671,253287,184384,148332,134827,13505,25445,13636,11809,12654,8316,4338,263894,104824,159070,26137,10497,15640
B0103,06,072,District - Kurukshetra,Rural,Literate but below matric/secondary,267836,148094,119742,76279,68092,8187,16210,7894,8316,7669,4652,3017,175347,72108,103239,8913,2648,6265
B0103,06,072,District - Kurukshetra,Rural,Matric/secondary but below graduate,128575,79994,48581,53029,49893,3136,6970,4402,2568,3725,2797,928,68576,25699,42877,11735,5470,6265
B0103,06,072,District - Kurukshetra,Rural,Technical diploma or certificate not equal to degree,3979,3189,790,1247,1107,140,249,220,29,145,130,15,2483,1862,621,788,616,172
B0103,06,072,District - Kurukshetra,Rural,Graduate and above other than technical degree,21304,12936,8368,10870,9740,1130,859,522,337,555,378,177,9575,2674,6901,3301,1162,2139
B0103,06,072,District - Kurukshetra,Rural,Technical degree or diploma equal to degree or post-graduate degree,3404,2164,1240,1423,1170,253,148,103,45,95,72,23,1833,891,942,754,383,371
B0103,06,072,District - Kurukshetra,Urban,Total,279225,149956,129269,82516,70029,12487,6991,4734,2257,3640,2650,990,189718,75193,114525,15098,6285,8813
B0103,06,072,District - Kurukshetra,Urban,Illiterate,70003,32415,37588,12758,9529,3229,2804,1573,1231,1370,829,541,54441,21313,33128,1389,416,973
B0103,06,072,District - Kurukshetra,Urban,Literate,209222,117541,91681,69758,60500,9258,4187,3161,1026,2270,1821,449,135277,53880,81397,13709,5869,7840
B0103,06,072,District - Kurukshetra,Urban,Literate but below matric/secondary,83280,46449,36831,19424,17759,1665,2071,1632,439,1158,971,187,61785,27058,34727,2514,1167,1347
B0103,06,072,District - Kurukshetra,Urban,Matric/secondary but below graduate,69808,40539,29269,24244,22476,1768,1270,1013,257,671,563,108,44294,17050,27244,4809,2467,2342
B0103,06,072,District - Kurukshetra,Urban,Technical diploma or certificate not equal to degree,3588,2421,1167,1512,1163,349,34,24,10,21,17,4,2042,1234,808,342,243,99
B0103,06,072,District - Kurukshetra,Urban,Graduate and above other than technical degree,36833,19473,17360,18223,14408,3815,513,290,223,272,165,107,18097,4775,13322,4193,1246,2947
B0103,06,072,District - Kurukshetra,Urban,Technical degree or diploma equal to degree or post-graduate degree,10997,6267,4730,4560,3206,1354,133,70,63,66,33,33,6304,2991,3313,1539,594,945
B0103,06,073,District - Kaithal,Total,Total,1074304,571003,503301,290663,249905,40758,83236,42791,40445,43737,29309,14428,700405,278307,422098,52542,22837,29705
B0103,06,073,District - Kaithal,Total,Illiterate,427775,185221,242554,90109,67892,22217,39252,14494,24758,19059,9919,9140,298414,102835,195579,9290,1397,7893
B0103,06,073,District - Kaithal,Total,Literate,646529,385782,260747,200554,182013,18541,43984,28297,15687,24678,19390,5288,401991,175472,226519,43252,21440,21812
B0103,06,073,District - Kaithal,Total,Literate but below matric/secondary,391782,221729,170053,96523,87148,9375,28010,17147,10863,15363,11885,3478,267249,117434,149815,13712,5455,8257
B0103,06,073,District - Kaithal,Total,Matric/secondary but below graduate,187580,121085,66495,72990,68230,4760,12130,8477,3653,6991,5749,1242,102460,44378,58082,19844,11064,8780
B0103,06,073,District - Kaithal,Total,Technical diploma or certificate not equal to degree,6389,5029,1360,1850,1572,278,312,266,46,199,177,22,4227,3191,1036,1255,982,273
B0103,06,073,District - Kaithal,Total,Graduate and above other than technical degree,41127,25811,15316,20735,17936,2799,2032,1415,617,1296,956,340,18360,6460,11900,6148,2750,3398
B0103,06,073,District - Kaithal,Total,Technical degree or diploma equal to degree or post-graduate degree,8050,5120,2930,3641,2842,799,368,241,127,226,162,64,4041,2037,2004,1592,856,736
B0103,06,073,District - Kaithal,Rural,Total,838293,445931,392362,227767,194531,33236,73119,35328,37791,37600,24492,13108,537407,216072,321335,39820,17268,22552
B0103,06,073,District - Kaithal,Rural,Illiterate,353070,152865,200205,77599,57998,19601,35950,12462,23488,16950,8467,8483,239521,82405,157116,7521,979,6542
B0103,06,073,District - Kaithal,Rural,Literate,485223,293066,192157,150168,136533,13635,37169,22866,14303,20650,16025,4625,297886,133667,164219,32299,16289,16010
B0103,06,073,District - Kaithal,Rural,Literate but below matric/secondary,312228,176938,135290,78739,70586,8153,24478,14244,10234,13145,9947,3198,209011,92108,116903,10864,4184,6680
B0103,06,073,District - Kaithal,Rural,Matric/secondary but below graduate,135340,90004,45336,54180,50523,3657,9985,6734,3251,5793,4745,1048,71175,32747,38428,15288,8702,6586
B0103,06,073,District - Kaithal,Rural,Technical diploma or certificate not equal to degree,4393,3638,755,1149,1020,129,235,204,31,160,145,15,3009,2414,595,983,788,195
B0103,06,073,District - Kaithal,Rural,Graduate and above other than technical degree,20703,14349,6354,10595,9552,1043,1300,922,378,913,705,208,8808,3875,4933,3753,1859,1894
B0103,06,073,District - Kaithal,Rural,Technical degree or diploma equal to degree or post-graduate degree,3706,2648,1058,1674,1439,235,212,151,61,146,114,32,1820,1058,762,875,505,370
B0103,06,073,District - Kaithal,Urban,Total,236011,125072,110939,62896,55374,7522,10117,7463,2654,6137,4817,1320,162998,62235,100763,12722,5569,7153
B0103,06,073,District - Kaithal,Urban,Illiterate,74705,32356,42349,12510,9894,2616,3302,2032,1270,2109,1452,657,58893,20430,38463,1769,418,1351
B0103,06,073,District - Kaithal,Urban,Literate,161306,92716,68590,50386,45480,4906,6815,5431,1384,4028,3365,663,104105,41805,62300,10953,5151,5802
B0103,06,073,District - Kaithal,Urban,Literate but below matric/secondary,79554,44791,34763,17784,16562,1222,3532,2903,629,2218,1938,280,58238,25326,32912,2848,1271,1577
B0103,06,073,District - Kaithal,Urban,Matric/secondary but below graduate,52240,31081,21159,18810,17707,1103,2145,1743,402,1198,1004,194,31285,11631,19654,4556,2362,2194
B0103,06,073,District - Kaithal,Urban,Technical diploma or certificate not equal to degree,1996,1391,605,701,552,149,77,62,15,39,32,7,1218,777,441,272,194,78
B0103,06,073,District - Kaithal,Urban,Graduate and above other than technical degree,20424,11462,8962,10140,8384,1756,732,493,239,383,251,132,9552,2585,6967,2395,891,1504
B0103,06,073,District - Kaithal,Urban,Technical degree or diploma equal to degree or post-graduate degree,4344,2472,1872,1967,1403,564,156,90,66,80,48,32,2221,979,1242,717,351,366
B0103,06,074,District - Karnal,Total,Total,1505324,797712,707612,411533,351730,59803,104529,59916,44613,60562,39214,21348,989262,386066,603196,75097,30356,44741
B0103,06,074,District - Karnal,Total,Illiterate,527311,233196,294115,99093,72509,26584,43885,19118,24767,24401,12389,12012,384333,141569,242764,13034,2394,10640
B0103,06,074,District - Karnal,Total,Literate,978013,564516,413497,312440,279221,33219,60644,40798,19846,36161,26825,9336,604929,244497,360432,62063,27962,34101
B0103,06,074,District - Karnal,Total,Literate but below matric/secondary,554464,308407,246057,137232,123469,13763,37340,24721,12619,22497,16749,5748,379892,160217,219675,21270,8121,13149
B0103,06,074,District - Karnal,Total,Matric/secondary but below graduate,289494,179025,110469,113412,105630,7782,16420,11848,4572,9611,7524,2087,159662,61547,98115,25030,12962,12068
B0103,06,074,District - Karnal,Total,Technical diploma or certificate not equal to degree,11443,8739,2704,3994,3346,648,597,492,105,376,328,48,6852,4901,1951,1974,1562,412
B0103,06,074,District - Karnal,Total,Graduate and above other than technical degree,83672,46465,37207,41669,34045,7624,3318,2006,1312,1880,1153,727,38685,10414,28271,9730,3460,6270
B0103,06,074,District - Karnal,Total,Technical degree or diploma equal to degree or post-graduate degree,17690,10319,7371,8149,5890,2259,663,403,260,401,243,158,8878,4026,4852,2826,1358,1468
B0103,06,074,District - Karnal,Rural,Total,1050514,557110,493404,279139,240379,38760,83975,45888,38087,49621,31379,18242,687400,270843,416557,50400,20239,30161
B0103,06,074,District - Karnal,Rural,Illiterate,402631,176224,226407,78494,57139,21355,37209,15284,21925,20686,10081,10605,286928,103801,183127,9919,1588,8331
B0103,06,074,District - Karnal,Rural,Literate,647883,380886,266997,200645,183240,17405,46766,30604,16162,28935,21298,7637,400472,167042,233430,40481,18651,21830
B0103,06,074,District - Karnal,Rural,Literate but below matric/secondary,408278,227399,180879,102881,92427,10454,30219,19153,11066,18569,13508,5061,275178,115819,159359,15767,5668,10099
B0103,06,074,District - Karnal,Rural,Matric/secondary but below graduate,184532,118318,66214,73954,69558,4396,12478,8918,3560,7700,6064,1636,98100,39842,58258,16991,9066,7925
B0103,06,074,District - Karnal,Rural,Technical diploma or certificate not equal to degree,6693,5585,1108,2019,1864,155,424,377,47,280,258,22,4250,3344,906,1402,1147,255
B0103,06,074,District - Karnal,Rural,Graduate and above other than technical degree,30058,18774,11284,14753,13271,1482,1650,1060,590,1093,739,354,13655,4443,9212,4496,1886,2610
B0103,06,074,District - Karnal,Rural,Technical degree or diploma equal to degree or post-graduate degree,5197,3422,1775,2076,1732,344,260,171,89,181,120,61,2861,1519,1342,1103,587,516
B0103,06,074,District - Karnal,Urban,Total,454810,240602,214208,132394,111351,21043,20554,14028,6526,10941,7835,3106,301862,115223,186639,24697,10117,14580
B0103,06,074,District - Karnal,Urban,Illiterate,124680,56972,67708,20599,15370,5229,6676,3834,2842,3715,2308,1407,97405,37768,59637,3115,806,2309
B0103,06,074,District - Karnal,Urban,Literate,330130,183630,146500,111795,95981,15814,13878,10194,3684,7226,5527,1699,204457,77455,127002,21582,9311,12271
B0103,06,074,District - Karnal,Urban,Literate but below matric/secondary,146186,81008,65178,34351,31042,3309,7121,5568,1553,3928,3241,687,104714,44398,60316,5503,2453,3050
B0103,06,074,District - Karnal,Urban,Matric/secondary but below graduate,104962,60707,44255,39458,36072,3386,3942,2930,1012,1911,1460,451,61562,21705,39857,8039,3896,4143
B0103,06,074,District - Karnal,Urban,Technical diploma or certificate not equal to degree,4750,3154,1596,1975,1482,493,173,115,58,96,70,26,2602,1557,1045,572,415,157
B0103,06,074,District - Karnal,Urban,Graduate and above other than technical degree,53614,27691,25923,26916,20774,6142,1668,946,722,787,414,373,25030,5971,19059,5234,1574,3660
B0103,06,074,District - Karnal,Urban,Technical degree or diploma equal to degree or post-graduate degree,12493,6897,5596,6073,4158,1915,403,232,171,220,123,97,6017,2507,3510,1723,771,952
B0103,06,075,District - Panipat,Total,Total,1205437,646857,558580,339016,286740,52276,73302,41927,31375,31645,22644,9001,793119,318190,474929,45198,21086,24112
B0103,06,075,District - Panipat,Total,Illiterate,418838,182721,236117,76676,52528,24148,27793,11720,16073,11134,6380,4754,314369,118473,195896,8036,1772,6264
B0103,06,075,District - Panipat,Total,Literate,786599,464136,322463,262340,234212,28128,45509,30207,15302,20511,16264,4247,478750,199717,279033,37162,19314,17848
B0103,06,075,District - Panipat,Total,Literate but below matric/secondary,431930,245770,186160,108288,96268,12020,26196,17157,9039,11679,9345,2334,297446,132345,165101,12164,5965,6199
B0103,06,075,District - Panipat,Total,Matric/secondary but below graduate,241175,153261,87914,100570,93203,7367,13844,9641,4203,6336,5180,1156,126761,50417,76344,15342,9007,6335
B0103,06,075,District - Panipat,Total,Technical diploma or certificate not equal to degree,7940,6176,1764,3753,3296,457,308,239,69,160,133,27,3879,2641,1238,870,684,186
B0103,06,075,District - Panipat,Total,Graduate and above other than technical degree,63720,35480,28240,31674,26600,5074,2296,1410,886,1149,747,402,29750,7470,22280,5728,2256,3472
B0103,06,075,District - Panipat,Total,Technical degree or diploma equal to degree or post-graduate degree,13147,7648,5499,6363,4732,1631,457,248,209,240,127,113,6327,2668,3659,1675,806,869
B0103,06,075,District - Panipat,Rural,Total,650352,349642,300710,167683,142608,25075,54248,29999,24249,24743,18118,6625,428421,177035,251386,23661,11780,11881
B0103,06,075,District - Panipat,Rural,Illiterate,247408,105928,141480,42123,29288,12835,22201,9121,13080,9215,5415,3800,183084,67519,115565,4395,895,3500
B0103,06,075,District - Panipat,Rural,Literate,402944,243714,159230,125560,113320,12240,32047,20878,11169,15528,12703,2825,245337,109516,135821,19266,10885,8381
B0103,06,075,District - Panipat,Rural,Literate but below matric/secondary,239891,136511,103380,56242,49879,6363,19098,12246,6852,9247,7575,1672,164551,74386,90165,6510,3256,3254
B0103,06,075,District - Panipat,Rural,Matric/secondary but below graduate,121647,80664,40983,50366,46657,3709,9779,6627,3152,4706,3939,767,61502,27380,34122,8604,5389,3215
B0103,06,075,District - Panipat,Rural,Technical diploma or certificate not equal to degree,4035,3326,709,1715,1560,155,234,185,49,131,112,19,2086,1581,505,556,443,113
B0103,06,075,District - Panipat,Rural,Graduate and above other than technical degree,18588,11930,6658,9216,8193,1023,1134,721,413,628,448,180,8238,3016,5222,2279,1120,1159
B0103,06,075,District - Panipat,Rural,Technical degree or diploma equal to degree or post-graduate degree,4260,2894,1366,2053,1733,320,199,122,77,100,61,39,2008,1039,969,632,346,286
B0103,06,075,District - Panipat,Urban,Total,555085,297215,257870,171333,144132,27201,19054,11928,7126,6902,4526,2376,364698,141155,223543,21537,9306,12231
B0103,06,075,District - Panipat,Urban,Illiterate,171430,76793,94637,34553,23240,11313,5592,2599,2993,1919,965,954,131285,50954,80331,3641,877,2764
B0103,06,075,District - Panipat,Urban,Literate,383655,220422,163233,136780,120892,15888,13462,9329,4133,4983,3561,1422,233413,90201,143212,17896,8429,9467
B0103,06,075,District - Panipat,Urban,Literate but below matric/secondary,192039,109259,82780,52046,46389,5657,7098,4911,2187,2432,1770,662,132895,57959,74936,5654,2709,2945
B0103,06,075,District - Panipat,Urban,Matric/secondary but below graduate,119528,72597,46931,50204,46546,3658,4065,3014,1051,1630,1241,389,65259,23037,42222,6738,3618,3120
B0103,06,075,District - Panipat,Urban,Technical diploma or certificate not equal to degree,3905,2850,1055,2038,1736,302,74,54,20,29,21,8,1793,1060,733,314,241,73
B0103,06,075,District - Panipat,Urban,Graduate and above other than technical degree,45132,23550,21582,22458,18407,4051,1162,689,473,521,299,222,21512,4454,17058,3449,1136,2313
B0103,06,075,District - Panipat,Urban,Technical degree or diploma equal to degree or post-graduate degree,8887,4754,4133,4310,2999,1311,258,126,132,140,66,74,4319,1629,2690,1043,460,583
B0103,06,076,District - Sonipat,Total,Total,1450001,781299,668702,396763,326530,70233,126416,64555,61861,56699,38436,18263,926822,390214,536608,66960,31517,35443
B0103,06,076,District - Sonipat,Total,Illiterate,451685,191418,260267,69183,44320,24863,39688,13773,25915,15578,7964,7614,342814,133325,209489,8474,1867,6607
B0103,06,076,District - Sonipat,Total,Literate,998316,589881,408435,327580,282210,45370,86728,50782,35946,41121,30472,10649,584008,256889,327119,58486,29650,28836
B0103,06,076,District - Sonipat,Total,Literate but below matric/secondary,502975,280945,222030,115410,98080,17330,44641,25607,19034,20418,15283,5135,342924,157258,185666,15124,6862,8262
B0103,06,076,District - Sonipat,Total,Matric/secondary but below graduate,361686,230530,131156,149032,134588,14444,32993,20034,12959,15879,12118,3761,179661,75908,103753,27620,15583,12037
B0103,06,076,District - Sonipat,Total,Technical diploma or certificate not equal to degree,13948,9165,4783,5720,4323,1397,845,593,252,470,354,116,7383,4249,3134,1791,1115,676
B0103,06,076,District - Sonipat,Total,Graduate and above other than technical degree,80589,47777,32812,41218,33039,8179,4917,2775,2142,2807,1712,1095,34454,11963,22491,10023,4260,5763
B0103,06,076,District - Sonipat,Total,Technical degree or diploma equal to degree or post-graduate degree,19019,11108,7911,9180,6583,2597,917,507,410,536,297,239,8922,4018,4904,2830,1333,1497
B0103,06,076,District - Sonipat,Rural,Total,996637,538750,457887,271676,221975,49701,104512,50058,54454,45191,30356,14835,620449,266717,353732,39050,19449,19601
B0103,06,076,District - Sonipat,Rural,Illiterate,331496,138638,192858,53843,33060,20783,34212,10774,23438,12605,6158,6447,243441,94804,148637,5169,1088,4081
B0103,06,076,District - Sonipat,Rural,Literate,665141,400112,265029,217833,188915,28918,70300,39284,31016,32586,24198,8388,377008,171913,205095,33881,18361,15520
B0103,06,076,District - Sonipat,Rural,Literate but below matric/secondary,360955,202124,158831,86203,71977,14226,37017,20042,16975,16456,12183,4273,237735,110105,127630,9471,4414,5057
B0103,06,076,District - Sonipat,Rural,Matric/secondary but below graduate,244489,160449,84040,104858,94603,10255,27217,15866,11351,12878,9844,3034,112414,49980,62434,17282,10261,7021
B0103,06,076,District - Sonipat,Rural,Technical diploma or certificate not equal to degree,7834,5456,2378,2831,2261,570,633,466,167,368,295,73,4370,2729,1641,1119,723,396
B0103,06,076,District - Sonipat,Rural,Graduate and above other than technical degree,33184,21709,11475,16634,14250,2384,3090,1741,1349,1818,1169,649,13460,5718,7742,4475,2228,2247
B0103,06,076,District - Sonipat,Rural,Technical degree or diploma equal to degree or post-graduate degree,6200,3947,2253,2731,2176,555,440,236,204,279,159,120,3029,1535,1494,972,475,497
B0103,06,076,District - Sonipat,Urban,Total,453364,242549,210815,125087,104555,20532,21904,14497,7407,11508,8080,3428,306373,123497,182876,27910,12068,15842
B0103,06,076,District - Sonipat,Urban,Illiterate,120189,52780,67409,15340,11260,4080,5476,2999,2477,2973,1806,1167,99373,38521,60852,3305,779,2526
B0103,06,076,District - Sonipat,Urban,Literate,333175,189769,143406,109747,93295,16452,16428,11498,4930,8535,6274,2261,207000,84976,122024,24605,11289,13316
B0103,06,076,District - Sonipat,Urban,Literate but below matric/secondary,142020,78821,63199,29207,26103,3104,7624,5565,2059,3962,3100,862,105189,47153,58036,5653,2448,3205
B0103,06,076,District - Sonipat,Urban,Matric/secondary but below graduate,117197,70081,47116,44174,39985,4189,5776,4168,1608,3001,2274,727,67247,25928,41319,10338,5322,5016
B0103,06,076,District - Sonipat,Urban,Technical diploma or certificate not equal to degree,6114,3709,2405,2889,2062,827,212,127,85,102,59,43,3013,1520,1493,672,392,280
B0103,06,076,District - Sonipat,Urban,Graduate and above other than technical degree,47405,26068,21337,24584,18789,5795,1827,1034,793,989,543,446,20994,6245,14749,5548,2032,3516
B0103,06,076,District - Sonipat,Urban,Technical degree or diploma equal to degree or post-graduate degree,12819,7161,5658,6449,4407,2042,477,271,206,257,138,119,5893,2483,3410,1858,858,1000
B0103,06,077,District - Jind,Total,Total,1334152,713006,621146,385851,313160,72691,137571,55117,82454,50196,31923,18273,810730,344729,466001,52173,25195,26978
B0103,06,077,District - Jind,Total,Illiterate,501394,210957,290437,109645,72087,37558,57772,14401,43371,16843,7986,8857,333977,124469,209508,7240,1402,5838
B0103,06,077,District - Jind,Total,Literate,832758,502049,330709,276206,241073,35133,79799,40716,39083,33353,23937,9416,476753,220260,256493,44933,23793,21140
B0103,06,077,District - Jind,Total,Literate but below matric/secondary,482566,273599,208967,126284,108439,17845,46402,21841,24561,17246,12282,4964,309880,143319,166561,11518,4978,6540
B0103,06,077,District - Jind,Total,Matric/secondary but below graduate,254142,167021,87121,104627,94825,9802,25264,14280,10984,11788,8690,3098,124251,57916,66335,21439,12440,8999
B0103,06,077,District - Jind,Total,Technical diploma or certificate not equal to degree,10501,8003,2498,3770,3125,645,770,587,183,474,371,103,5961,4291,1670,1829,1365,464
B0103,06,077,District - Jind,Total,Graduate and above other than technical degree,51477,33217,18260,26580,22502,4078,3634,2240,1394,2225,1507,718,21263,8475,12788,7108,3378,3730
B0103,06,077,District - Jind,Total,Technical degree or diploma equal to degree or post-graduate degree,10976,7277,3699,5105,4007,1098,650,397,253,404,256,148,5221,2873,2348,1930,1116,814
B0103,06,077,District - Jind,Rural,Total,1028569,550519,478050,306210,243389,62821,123951,45960,77991,42846,26453,16393,598408,261170,337238,35750,17422,18328
B0103,06,077,District - Jind,Rural,Illiterate,410854,172552,238302,97175,62107,35068,53642,12111,41531,14713,6585,8128,260037,98334,161703,5351,905,4446
B0103,06,077,District - Jind,Rural,Literate,617715,377967,239748,209035,181282,27753,70309,33849,36460,28133,19868,8265,338371,162836,175535,30399,16517,13882
B0103,06,077,District - Jind,Rural,Literate but below matric/secondary,383051,218566,164485,105462,89174,16288,41722,18397,23325,14635,10187,4448,235867,110995,124872,8473,3529,4944
B0103,06,077,District - Jind,Rural,Matric/secondary but below graduate,182141,123667,58474,78933,70902,8031,22190,12004,10186,10137,7370,2767,81018,40761,40257,15381,9129,6252
B0103,06,077,District - Jind,Rural,Technical diploma or certificate not equal to degree,6681,5336,1345,2193,1942,251,639,486,153,397,311,86,3849,2908,941,1274,975,299
B0103,06,077,District - Jind,Rural,Graduate and above other than technical degree,24272,17373,6899,12819,11313,1506,2603,1564,1039,1654,1129,525,8850,4496,4354,3679,2001,1678
B0103,06,077,District - Jind,Rural,Technical degree or diploma equal to degree or post-graduate degree,4402,3189,1213,2028,1705,323,406,250,156,259,171,88,1968,1234,734,837,527,310
B0103,06,077,District - Jind,Urban,Total,305583,162487,143096,79641,69771,9870,13620,9157,4463,7350,5470,1880,212322,83559,128763,16423,7773,8650
B0103,06,077,District - Jind,Urban,Illiterate,90540,38405,52135,12470,9980,2490,4130,2290,1840,2130,1401,729,73940,26135,47805,1889,497,1392
B0103,06,077,District - Jind,Urban,Literate,215043,124082,90961,67171,59791,7380,9490,6867,2623,5220,4069,1151,138382,57424,80958,14534,7276,7258
B0103,06,077,District - Jind,Urban,Literate but below matric/secondary,99515,55033,44482,20822,19265,1557,4680,3444,1236,2611,2095,516,74013,32324,41689,3045,1449,1596
B0103,06,077,District - Jind,Urban,Matric/secondary but below graduate,72001,43354,28647,25694,23923,1771,3074,2276,798,1651,1320,331,43233,17155,26078,6058,3311,2747
B0103,06,077,District - Jind,Urban,Technical diploma or certificate not equal to degree,3820,2667,1153,1577,1183,394,131,101,30,77,60,17,2112,1383,729,555,390,165
B0103,06,077,District - Jind,Urban,Graduate and above other than technical degree,27205,15844,11361,13761,11189,2572,1031,676,355,571,378,193,12413,3979,8434,3429,1377,2052
B0103,06,077,District - Jind,Urban,Technical degree or diploma equal to degree or post-graduate degree,6574,4088,2486,3077,2302,775,244,147,97,145,85,60,3253,1639,1614,1093,589,504
B0103,06,078,District - Fatehabad,Total,Total,942011,495360,446651,286258,231189,55069,82825,32309,50516,35696,20098,15598,572928,231862,341066,37384,14957,22427
B0103,06,078,District - Fatehabad,Total,Illiterate,384433,167889,216544,96890,66818,30072,41359,11871,29488,17078,7469,9609,246184,89200,156984,7960,1261,6699
B0103,06,078,District - Fatehabad,Total,Literate,557578,327471,230107,189368,164371,24997,41466,20438,21028,18618,12629,5989,326744,142662,184082,29424,13696,15728
B0103,06,078,District - Fatehabad,Total,Literate but below matric/secondary,353562,200768,152794,101003,86672,14331,27470,12669,14801,11635,7753,3882,225089,101427,123662,9414,3599,5815
B0103,06,078,District - Fatehabad,Total,Matric/secondary but below graduate,148332,94007,54325,62070,56314,5756,10430,5813,4617,5058,3578,1480,75832,31880,43952,13030,6912,6118
B0103,06,078,District - Fatehabad,Total,Technical diploma or certificate not equal to degree,5013,3514,1499,1686,1309,377,315,241,74,206,173,33,3012,1964,1048,979,659,320
B0103,06,078,District - Fatehabad,Total,Graduate and above other than technical degree,31144,18828,12316,16377,13783,2594,1453,912,541,923,640,283,13314,4133,9181,4209,1733,2476
B0103,06,078,District - Fatehabad,Total,Technical degree or diploma equal to degree or post-graduate degree,6522,3814,2708,2881,2061,820,266,164,102,184,116,68,3375,1589,1786,1291,641,650
B0103,06,078,District - Fatehabad,Rural,Total,762423,400814,361609,236013,186999,49014,76597,28011,48586,32502,17741,14761,449813,185804,264009,28715,11272,17443
B0103,06,078,District - Fatehabad,Rural,Illiterate,327892,142000,185892,86515,58262,28253,38849,10410,28439,15794,6660,9134,202528,73328,129200,6659,898,5761
B0103,06,078,District - Fatehabad,Rural,Literate,434531,258814,175717,149498,128737,20761,37748,17601,20147,16708,11081,5627,247285,112476,134809,22056,10374,11682
B0103,06,078,District - Fatehabad,Rural,Literate but below matric/secondary,293751,167527,126224,86903,73490,13413,25447,11054,14393,10573,6844,3729,181401,82983,98418,7514,2686,4828
B0103,06,078,District - Fatehabad,Rural,Matric/secondary but below graduate,108120,70592,37528,46926,42164,4762,9343,4972,4371,4520,3137,1383,51851,23456,28395,10274,5512,4762
B0103,06,078,District - Fatehabad,Rural,Technical diploma or certificate not equal to degree,3411,2534,877,1031,852,179,279,215,64,189,159,30,2101,1467,634,754,538,216
B0103,06,078,District - Fatehabad,Rural,Graduate and above other than technical degree,16184,11027,5157,8970,7839,1131,1133,721,412,763,545,218,6081,2467,3614,2465,1147,1318
B0103,06,078,District - Fatehabad,Rural,Technical degree or diploma equal to degree or post-graduate degree,2970,1992,978,1305,1014,291,184,123,61,134,91,43,1481,855,626,690,395,295
B0103,06,078,District - Fatehabad,Urban,Total,179588,94546,85042,50245,44190,6055,6228,4298,1930,3194,2357,837,123115,46058,77057,8669,3685,4984
B0103,06,078,District - Fatehabad,Urban,Illiterate,56541,25889,30652,10375,8556,1819,2510,1461,1049,1284,809,475,43656,15872,27784,1301,363,938
B0103,06,078,District - Fatehabad,Urban,Literate,123047,68657,54390,39870,35634,4236,3718,2837,881,1910,1548,362,79459,30186,49273,7368,3322,4046
B0103,06,078,District - Fatehabad,Urban,Literate but below matric/secondary,59811,33241,26570,14100,13182,918,2023,1615,408,1062,909,153,43688,18444,25244,1900,913,987
B0103,06,078,District - Fatehabad,Urban,Matric/secondary but below graduate,40212,23415,16797,15144,14150,994,1087,841,246,538,441,97,23981,8424,15557,2756,1400,1356
B0103,06,078,District - Fatehabad,Urban,Technical diploma or certificate not equal to degree,1602,980,622,655,457,198,36,26,10,17,14,3,911,497,414,225,121,104
B0103,06,078,District - Fatehabad,Urban,Graduate and above other than technical degree,14960,7801,7159,7407,5944,1463,320,191,129,160,95,65,7233,1666,5567,1744,586,1158
B0103,06,078,District - Fatehabad,Urban,Technical degree or diploma equal to degree or post-graduate degree,3552,1822,1730,1576,1047,529,82,41,41,50,25,25,1894,734,1160,601,246,355
B0103,06,079,District - Sirsa,Total,Total,1295189,682582,612607,399169,330680,68489,102834,38782,64052,41973,23066,18907,793186,313120,480066,52881,21979,30902
B0103,06,079,District - Sirsa,Total,Illiterate,512292,225614,286678,128647,92703,35944,52059,14725,37334,20345,9015,11330,331586,118186,213400,9659,2146,7513
B0103,06,079,District - Sirsa,Total,Literate,782897,456968,325929,270522,237977,32545,50775,24057,26718,21628,14051,7577,461600,194934,266666,43222,19833,23389
B0103,06,079,District - Sirsa,Total,Literate but below matric/secondary,481054,273944,207110,142502,124782,17720,33135,14519,18616,13137,8422,4715,305417,134643,170774,13229,5303,7926
B0103,06,079,District - Sirsa,Total,Matric/secondary but below graduate,209227,128642,80585,84795,77446,7349,12129,6694,5435,5581,3838,1743,112303,44502,67801,18635,9371,9264
B0103,06,079,District - Sirsa,Total,Technical diploma or certificate not equal to degree,8673,6126,2547,2956,2334,622,416,326,90,261,218,43,5301,3466,1835,1615,1122,493
B0103,06,079,District - Sirsa,Total,Graduate and above other than technical degree,51369,30698,20671,26745,22646,4099,2312,1335,977,1365,853,512,22312,6717,15595,6520,2556,3964
B0103,06,079,District - Sirsa,Total,Technical degree or diploma equal to degree or post-graduate degree,12001,7067,4934,5154,3815,1339,596,335,261,393,222,171,6251,2917,3334,2342,1154,1188
B0103,06,079,District - Sirsa,Rural,Total,975941,514177,461764,306128,249805,56323,90615,30642,59973,35816,18684,17132,579198,233730,345468,35756,14454,21302
B0103,06,079,District - Sirsa,Rural,Illiterate,416306,182187,234119,110451,78468,31983,47836,12247,35589,18099,7523,10576,258019,91472,166547,7431,1377,6054
B0103,06,079,District - Sirsa,Rural,Literate,559635,331990,227645,195677,171337,24340,42779,18395,24384,17717,11161,6556,321179,142258,178921,28325,13077,15248
B0103,06,079,District - Sirsa,Rural,Literate but below matric/secondary,375790,215415,160375,116079,100277,15802,29213,11594,17619,11240,6907,4333,230498,103544,126954,9558,3542,6016
B0103,06,079,District - Sirsa,Rural,Matric/secondary but below graduate,136897,86924,49973,57614,52201,5413,9628,4865,4763,4388,2926,1462,69655,29858,39797,12713,6463,6250
B0103,06,079,District - Sirsa,Rural,Technical diploma or certificate not equal to degree,5252,3960,1292,1579,1349,230,328,275,53,210,182,28,3345,2336,1009,1150,830,320
B0103,06,079,District - Sirsa,Rural,Graduate and above other than technical degree,22291,14894,7397,12109,10718,1391,1429,834,595,926,617,309,8753,3342,5411,3306,1450,1856
B0103,06,079,District - Sirsa,Rural,Technical degree or diploma equal to degree or post-graduate degree,4693,3151,1542,2027,1645,382,297,179,118,210,134,76,2369,1327,1042,1039,586,453
B0103,06,079,District - Sirsa,Urban,Total,319248,168405,150843,93041,80875,12166,12219,8140,4079,6157,4382,1775,213988,79390,134598,17125,7525,9600
B0103,06,079,District - Sirsa,Urban,Illiterate,95986,43427,52559,18196,14235,3961,4223,2478,1745,2246,1492,754,73567,26714,46853,2228,769,1459
B0103,06,079,District - Sirsa,Urban,Literate,223262,124978,98284,74845,66640,8205,7996,5662,2334,3911,2890,1021,140421,52676,87745,14897,6756,8141
B0103,06,079,District - Sirsa,Urban,Literate but below matric/secondary,105264,58529,46735,26423,24505,1918,3922,2925,997,1897,1515,382,74919,31099,43820,3671,1761,1910
B0103,06,079,District - Sirsa,Urban,Matric/secondary but below graduate,72330,41718,30612,27181,25245,1936,2501,1829,672,1193,912,281,42648,14644,28004,5922,2908,3014
B0103,06,079,District - Sirsa,Urban,Technical diploma or certificate not equal to degree,3421,2166,1255,1377,985,392,88,51,37,51,36,15,1956,1130,826,465,292,173
B0103,06,079,District - Sirsa,Urban,Graduate and above other than technical degree,29078,15804,13274,14636,11928,2708,883,501,382,439,236,203,13559,3375,10184,3214,1106,2108
B0103,06,079,District - Sirsa,Urban,Technical degree or diploma equal to degree or post-graduate degree,7308,3916,3392,3127,2170,957,299,156,143,183,88,95,3882,1590,2292,1303,568,735
B0103,06,080,District - Hisar,Total,Total,1743931,931562,812369,531227,420510,110717,160394,67811,92583,62377,39702,22675,1052310,443241,609069,75311,35351,39960
B0103,06,080,District - Hisar,Total,Illiterate,629620,261362,368258,143689,88041,55648,69552,18856,50696,22895,10892,12003,416379,154465,261914,11706,2340,9366
B0103,06,080,District - Hisar,Total,Literate,1114311,670200,444111,387538,332469,55069,90842,48955,41887,39482,28810,10672,635931,288776,347155,63605,33011,30594
B0103,06,080,District - Hisar,Total,Literate but below matric/secondary,618147,349591,268556,166056,138955,27101,52589,26200,26389,21175,15231,5944,399502,184436,215066,16838,7442,9396
B0103,06,080,District - Hisar,Total,Matric/secondary but below graduate,348888,230291,118597,150991,136440,14551,28053,16748,11305,13168,9997,3171,169844,77103,92741,29504,17135,12369
B0103,06,080,District - Hisar,Total,Technical diploma or certificate not equal to degree,13391,9906,3485,4826,3916,910,787,606,181,471,385,86,7778,5384,2394,2062,1532,530
B0103,06,080,District - Hisar,Total,Graduate and above other than technical degree,86429,53881,32548,45289,37682,7607,5162,3409,1753,2869,2059,810,35978,12790,23188,10588,4561,6027
B0103,06,080,District - Hisar,Total,Technical degree or diploma equal to degree or post-graduate degree,20628,12896,7732,9478,7098,2380,984,611,373,549,360,189,10166,5187,4979,3533,1889,1644
B0103,06,080,District - Hisar,Rural,Total,1190443,634139,556304,373906,286943,86963,133178,49121,84057,47759,28940,18819,683359,298075,385284,42506,20461,22045
B0103,06,080,District - Hisar,Rural,Illiterate,475647,195113,280534,120092,71271,48821,61227,14302,46925,18256,8067,10189,294328,109540,184788,7555,1286,6269
B0103,06,080,District - Hisar,Rural,Literate,714796,439026,275770,253814,215672,38142,71951,34819,37132,29503,20873,8630,389031,188535,200496,34951,19175,15776
B0103,06,080,District - Hisar,Rural,Literate but below matric/secondary,439576,250770,188806,126002,103037,22965,43466,19344,24122,16174,11161,5013,270108,128389,141719,10162,4394,5768
B0103,06,080,District - Hisar,Rural,Matric/secondary but below graduate,213160,146292,66868,97669,87175,10494,21891,11930,9961,9966,7364,2602,93600,47187,46413,17476,10495,6981
B0103,06,080,District - Hisar,Rural,Technical diploma or certificate not equal to degree,7811,6191,1620,2462,2156,306,619,486,133,390,326,64,4730,3549,1181,1402,1070,332
B0103,06,080,District - Hisar,Rural,Graduate and above other than technical degree,31187,22703,8484,17569,15582,1987,2938,1848,1090,1786,1300,486,10680,5273,5407,4130,2205,1925
B0103,06,080,District - Hisar,Rural,Technical degree or diploma equal to degree or post-graduate degree,6246,4555,1691,2820,2379,441,440,279,161,282,191,91,2986,1897,1089,1211,768,443
B0103,06,080,District - Hisar,Urban,Total,553488,297423,256065,157321,133567,23754,27216,18690,8526,14618,10762,3856,368951,145166,223785,32805,14890,17915
B0103,06,080,District - Hisar,Urban,Illiterate,153973,66249,87724,23597,16770,6827,8325,4554,3771,4639,2825,1814,122051,44925,77126,4151,1054,3097
B0103,06,080,District - Hisar,Urban,Literate,399515,231174,168341,133724,116797,16927,18891,14136,4755,9979,7937,2042,246900,100241,146659,28654,13836,14818
B0103,06,080,District - Hisar,Urban,Literate but below matric/secondary,178571,98821,79750,40054,35918,4136,9123,6856,2267,5001,4070,931,129394,56047,73347,6676,3048,3628
B0103,06,080,District - Hisar,Urban,Matric/secondary but below graduate,135728,83999,51729,53322,49265,4057,6162,4818,1344,3202,2633,569,76244,29916,46328,12028,6640,5388
B0103,06,080,District - Hisar,Urban,Technical diploma or certificate not equal to degree,5580,3715,1865,2364,1760,604,168,120,48,81,59,22,3048,1835,1213,660,462,198
B0103,06,080,District - Hisar,Urban,Graduate and above other than technical degree,55242,31178,24064,27720,22100,5620,2224,1561,663,1083,759,324,25298,7517,17781,6458,2356,4102
B0103,06,080,District - Hisar,Urban,Technical degree or diploma equal to degree or post-graduate degree,14382,8341,6041,6658,4719,1939,544,332,212,267,169,98,7180,3290,3890,2322,1121,1201
B0103,06,081,District - Bhiwani,Total,Total,1634445,866672,767773,445675,357937,87738,177331,72741,104590,68222,44974,23248,1011439,435994,575445,77517,40601,36916
B0103,06,081,District - Bhiwani,Total,Illiterate,564574,223514,341060,101833,60364,41469,67894,16219,51675,18783,9418,9365,394847,146931,247916,8833,1925,6908
B0103,06,081,District - Bhiwani,Total,Literate,1069871,643158,426713,343842,297573,46269,109437,56522,52915,49439,35556,13883,616592,289063,327529,68684,38676,30008
B0103,06,081,District - Bhiwani,Total,Literate but below matric/secondary,592073,329860,262213,143437,120797,22640,58578,27944,30634,22960,16753,6207,390058,181119,208939,16316,7854,8462
B0103,06,081,District - Bhiwani,Total,Matric/secondary but below graduate,354954,233962,120992,141666,127676,13990,39445,22191,17254,19774,14410,5364,173843,84095,89748,34972,21495,13477
B0103,06,081,District - Bhiwani,Total,Technical diploma or certificate not equal to degree,9423,6502,2921,3508,2630,878,784,517,267,500,355,145,5131,3355,1776,1798,1224,574
B0103,06,081,District - Bhiwani,Total,Graduate and above other than technical degree,77803,52358,25445,40508,34873,5635,6638,3963,2675,4293,2811,1482,30657,13522,17135,11449,5927,5522
B0103,06,081,District - Bhiwani,Total,Technical degree or diploma equal to degree or post-graduate degree,15995,10333,5662,7234,5707,1527,1115,613,502,775,446,329,7646,4013,3633,3137,1709,1428
B0103,06,081,District - Bhiwani,Rural,Total,1313123,696212,616911,363953,286568,77385,162249,62295,99954,59695,38456,21239,786921,347349,439572,58572,31232,27340
B0103,06,081,District - Bhiwani,Rural,Illiterate,472961,184449,288512,89390,50688,38702,63251,13631,49620,16241,7717,8524,320320,120130,200190,6503,1287,5216
B0103,06,081,District - Bhiwani,Rural,Literate,840162,511763,328399,274563,235880,38683,98998,48664,50334,43454,30739,12715,466601,227219,239382,52069,29945,22124
B0103,06,081,District - Bhiwani,Rural,Literate but below matric/secondary,485132,271636,213496,121927,100835,21092,53440,23965,29475,20021,14237,5784,309765,146836,162929,12480,5925,6555
B0103,06,081,District - Bhiwani,Rural,Matric/secondary but below graduate,279768,189008,90760,116431,104108,12323,36150,19634,16516,17901,12889,5012,127187,65266,61921,28291,17612,10679
B0103,06,081,District - Bhiwani,Rural,Technical diploma or certificate not equal to degree,6737,4878,1859,2355,1884,471,681,446,235,441,313,128,3701,2548,1153,1486,1018,468
B0103,06,081,District - Bhiwani,Rural,Graduate and above other than technical degree,45184,32369,12815,23955,21117,2838,5365,3102,2263,3529,2301,1228,15864,8150,7714,7235,3989,3246
B0103,06,081,District - Bhiwani,Rural,Technical degree or diploma equal to degree or post-graduate degree,8496,5896,2600,3876,3270,606,822,446,376,592,337,255,3798,2180,1618,1859,1046,813
B0103,06,081,District - Bhiwani,Urban,Total,321322,170460,150862,81722,71369,10353,15082,10446,4636,8527,6518,2009,224518,88645,135873,18945,9369,9576
B0103,06,081,District - Bhiwani,Urban,Illiterate,91613,39065,52548,12443,9676,2767,4643,2588,2055,2542,1701,841,74527,26801,47726,2330,638,1692
B0103,06,081,District - Bhiwani,Urban,Literate,229709,131395,98314,69279,61693,7586,10439,7858,2581,5985,4817,1168,149991,61844,88147,16615,8731,7884
B0103,06,081,District - Bhiwani,Urban,Literate but below matric/secondary,106941,58224,48717,21510,19962,1548,5138,3979,1159,2939,2516,423,80293,34283,46010,3836,1929,1907
B0103,06,081,District - Bhiwani,Urban,Matric/secondary but below graduate,75186,44954,30232,25235,23568,1667,3295,2557,738,1873,1521,352,46656,18829,27827,6681,3883,2798
B0103,06,081,District - Bhiwani,Urban,Technical diploma or certificate not equal to degree,2686,1624,1062,1153,746,407,103,71,32,59,42,17,1430,807,623,312,206,106
B0103,06,081,District - Bhiwani,Urban,Graduate and above other than technical degree,32619,19989,12630,16553,13756,2797,1273,861,412,764,510,254,14793,5372,9421,4214,1938,2276
B0103,06,081,District - Bhiwani,Urban,Technical degree or diploma equal to degree or post-graduate degree,7499,4437,3062,3358,2437,921,293,167,126,183,109,74,3848,1833,2015,1278,663,615
B0103,06,082,District - Rohtak,Total,Total,1061204,568479,492725,288949,238995,49954,57018,33651,23367,25968,20293,5675,715237,295833,419404,53329,26793,26536
B0103,06,082,District - Rohtak,Total,Illiterate,313622,132454,181168,46745,31171,15574,17937,7817,10120,6811,4561,2250,248940,93466,155474,4922,1416,3506
B0103,06,082,District - Rohtak,Total,Literate,747582,436025,311557,242204,207824,34380,39081,25834,13247,19157,15732,3425,466297,202367,263930,48407,25377,23030
B0103,06,082,District - Rohtak,Total,Literate but below matric/secondary,363424,202219,161205,83381,72113,11268,20854,13715,7139,9922,8405,1517,259189,116391,142798,10465,5270,5195
B0103,06,082,District - Rohtak,Total,Matric/secondary but below graduate,261661,163298,98363,101127,91093,10034,14090,9485,4605,6956,5733,1223,146444,62720,83724,21663,12654,9009
B0103,06,082,District - Rohtak,Total,Technical diploma or certificate not equal to degree,10475,6498,3977,4181,2948,1233,357,264,93,209,166,43,5937,3286,2651,1354,861,493
B0103,06,082,District - Rohtak,Total,Graduate and above other than technical degree,77493,45207,32286,38896,30826,8070,2250,1444,806,1333,885,448,36347,12937,23410,10971,4745,6226
B0103,06,082,District - Rohtak,Total,Technical degree or diploma equal to degree or post-graduate degree,19644,11217,8427,9029,6366,2663,394,240,154,233,148,85,10221,4611,5610,3209,1475,1734
B0103,06,082,District - Rohtak,Rural,Total,615040,332034,283006,166788,136454,30334,45893,25151,20742,20125,15545,4580,402359,170429,231930,28324,14912,13412
B0103,06,082,District - Rohtak,Rural,Illiterate,202373,83184,119189,32191,20037,12154,14662,5587,9075,5087,3263,1824,155520,57560,97960,3018,730,2288
B0103,06,082,District - Rohtak,Rural,Literate,412667,248850,163817,134597,116417,18180,31231,19564,11667,15038,12282,2756,246839,112869,133970,25306,14182,11124
B0103,06,082,District - Rohtak,Rural,Literate but below matric/secondary,226939,127157,99782,55162,46405,8757,16927,10445,6482,7837,6561,1276,154850,70307,84543,6193,3011,3182
B0103,06,082,District - Rohtak,Rural,Matric/secondary but below graduate,147080,96856,50224,62051,55422,6629,11552,7416,4136,5634,4610,1024,73477,34018,39459,13064,7917,5147
B0103,06,082,District - Rohtak,Rural,Technical diploma or certificate not equal to degree,4560,3119,1441,1553,1214,339,280,205,75,167,132,35,2727,1700,1027,815,530,285
B0103,06,082,District - Rohtak,Rural,Graduate and above other than technical degree,22003,14839,7164,11099,9612,1487,1410,888,522,910,611,299,9494,4339,5155,4053,2103,1950
B0103,06,082,District - Rohtak,Rural,Technical degree or diploma equal to degree or post-graduate degree,3957,2604,1353,1677,1330,347,184,118,66,119,81,38,2096,1156,940,831,444,387
B0103,06,082,District - Rohtak,Urban,Total,446164,236445,209719,122161,102541,19620,11125,8500,2625,5843,4748,1095,312878,125404,187474,25005,11881,13124
B0103,06,082,District - Rohtak,Urban,Illiterate,111249,49270,61979,14554,11134,3420,3275,2230,1045,1724,1298,426,93420,35906,57514,1904,686,1218
B0103,06,082,District - Rohtak,Urban,Literate,334915,187175,147740,107607,91407,16200,7850,6270,1580,4119,3450,669,219458,89498,129960,23101,11195,11906
B0103,06,082,District - Rohtak,Urban,Literate but below matric/secondary,136485,75062,61423,28219,25708,2511,3927,3270,657,2085,1844,241,104339,46084,58255,4272,2259,2013
B0103,06,082,District - Rohtak,Urban,Matric/secondary but below graduate,114581,66442,48139,39076,35671,3405,2538,2069,469,1322,1123,199,72967,28702,44265,8599,4737,3862
B0103,06,082,District - Rohtak,Urban,Technical diploma or certificate not equal to degree,5915,3379,2536,2628,1734,894,77,59,18,42,34,8,3210,1586,1624,539,331,208
B0103,06,082,District - Rohtak,Urban,Graduate and above other than technical degree,55490,30368,25122,27797,21214,6583,840,556,284,423,274,149,26853,8598,18255,6918,2642,4276
B0103,06,082,District - Rohtak,Urban,Technical degree or diploma equal to degree or post-graduate degree,15687,8613,7074,7352,5036,2316,210,122,88,114,67,47,8125,3455,4670,2378,1031,1347
B0103,06,083,District - Jhajjar,Total,Total,958405,514667,443738,246457,205882,40575,80077,44138,35939,34769,26023,8746,631871,264647,367224,48862,25718,23144
B0103,06,083,District - Jhajjar,Total,Illiterate,282314,115187,167127,35126,22249,12877,21166,7429,13737,7223,4182,3041,226022,85509,140513,4735,1239,3496
B0103,06,083,District - Jhajjar,Total,Literate,676091,399480,276611,211331,183633,27698,58911,36709,22202,27546,21841,5705,405849,179138,226711,44127,24479,19648
B0103,06,083,District - Jhajjar,Total,Literate but below matric/secondary,329889,181947,147942,71077,60556,10521,28203,16807,11396,12226,9788,2438,230609,104584,126025,10233,4950,5283
B0103,06,083,District - Jhajjar,Total,Matric/secondary but below graduate,255758,162889,92869,99134,89385,9749,23913,15695,8218,11646,9453,2193,132711,57809,74902,22890,13964,8926
B0103,06,083,District - Jhajjar,Total,Technical diploma or certificate not equal to degree,8207,5366,2841,3036,2253,783,511,369,142,309,247,62,4660,2744,1916,1325,863,462
B0103,06,083,District - Jhajjar,Total,Graduate and above other than technical degree,51763,32144,19619,25616,21399,4217,3552,2288,1264,2100,1447,653,22595,8457,14138,6931,3323,3608
B0103,06,083,District - Jhajjar,Total,Technical degree or diploma equal to degree or post-graduate degree,10976,6687,4289,5182,3948,1234,555,332,223,350,214,136,5239,2407,2832,1765,896,869
B0103,06,083,District - Jhajjar,Rural,Total,715066,384219,330847,182688,151052,31636,71145,37605,33540,30394,22568,7826,461233,195562,265671,36679,19121,17558
B0103,06,083,District - Jhajjar,Rural,Illiterate,218611,87386,131225,27507,16604,10903,18987,6137,12850,6237,3505,2732,172117,64645,107472,3418,789,2629
B0103,06,083,District - Jhajjar,Rural,Literate,496455,296833,199622,155181,134448,20733,52158,31468,20690,24157,19063,5094,289116,130917,158199,33261,18332,14929
B0103,06,083,District - Jhajjar,Rural,Literate but below matric/secondary,254660,140976,113684,56846,47666,9180,25393,14617,10776,10804,8584,2220,172421,78693,93728,7649,3583,4066
B0103,06,083,District - Jhajjar,Rural,Matric/secondary but below graduate,189965,123417,66548,75611,67711,7900,21313,13608,7705,10346,8349,1997,93041,42098,50943,18154,11011,7143
B0103,06,083,District - Jhajjar,Rural,Technical diploma or certificate not equal to degree,5384,3669,1715,1893,1461,432,411,295,116,258,209,49,3080,1913,1167,1005,662,343
B0103,06,083,District - Jhajjar,Rural,Graduate and above other than technical degree,27537,17996,9541,13276,11375,1901,2766,1727,1039,1710,1183,527,11495,4894,6601,4656,2215,2441
B0103,06,083,District - Jhajjar,Rural,Technical degree or diploma equal to degree or post-graduate degree,5497,3551,1946,2489,2031,458,402,236,166,271,167,104,2606,1284,1322,1137,566,571
B0103,06,083,District - Jhajjar,Urban,Total,243339,130448,112891,63769,54830,8939,8932,6533,2399,4375,3455,920,170638,69085,101553,12183,6597,5586
B0103,06,083,District - Jhajjar,Urban,Illiterate,63703,27801,35902,7619,5645,1974,2179,1292,887,986,677,309,53905,20864,33041,1317,450,867
B0103,06,083,District - Jhajjar,Urban,Literate,179636,102647,76989,56150,49185,6965,6753,5241,1512,3389,2778,611,116733,48221,68512,10866,6147,4719
B0103,06,083,District - Jhajjar,Urban,Literate but below matric/secondary,75229,40971,34258,14231,12890,1341,2810,2190,620,1422,1204,218,58188,25891,32297,2584,1367,1217
B0103,06,083,District - Jhajjar,Urban,Matric/secondary but below graduate,65793,39472,26321,23523,21674,1849,2600,2087,513,1300,1104,196,39670,15711,23959,4736,2953,1783
B0103,06,083,District - Jhajjar,Urban,Technical diploma or certificate not equal to degree,2823,1697,1126,1143,792,351,100,74,26,51,38,13,1580,831,749,320,201,119
B0103,06,083,District - Jhajjar,Urban,Graduate and above other than technical degree,24226,14148,10078,12340,10024,2316,786,561,225,390,264,126,11100,3563,7537,2275,1108,1167
B0103,06,083,District - Jhajjar,Urban,Technical degree or diploma equal to degree or post-graduate degree,5479,3136,2343,2693,1917,776,153,96,57,79,47,32,2633,1123,1510,628,330,298
B0103,06,084,District - Mahendragarh,Total,Total,922088,486665,435423,212402,176687,35715,126182,56248,69934,50756,34787,15969,583504,253730,329774,56395,29572,26823
B0103,06,084,District - Mahendragarh,Total,Illiterate,291833,106225,185608,32355,17597,14758,40312,8214,32098,10201,4510,5691,219166,80414,138752,4664,811,3853
B0103,06,084,District - Mahendragarh,Total,Literate,630255,380440,249815,180047,159090,20957,85870,48034,37836,40555,30277,10278,364338,173316,191022,51731,28761,22970
B0103,06,084,District - Mahendragarh,Total,Literate but below matric/secondary,350593,193014,157579,72355,62135,10220,47398,24196,23202,19398,14473,4925,230840,106683,124157,11019,4853,6166
B0103,06,084,District - Mahendragarh,Total,Matric/secondary but below graduate,209310,140418,68892,74669,68688,5981,30668,19318,11350,16356,12639,3717,103973,52412,51561,27920,17141,10779
B0103,06,084,District - Mahendragarh,Total,Technical diploma or certificate not equal to degree,6110,4777,1333,2160,1846,314,552,435,117,366,293,73,3398,2496,902,1462,1099,363
B0103,06,084,District - Mahendragarh,Total,Graduate and above other than technical degree,44249,30264,13985,22851,19808,3043,4497,2766,1731,3071,2015,1056,16901,7690,9211,8393,4128,4265
B0103,06,084,District - Mahendragarh,Total,Technical degree or diploma equal to degree or post-graduate degree,9923,6812,3111,4775,3949,826,867,478,389,638,365,273,4281,2385,1896,2311,1249,1062
B0103,06,084,District - Mahendragarh,Rural,Total,789233,416358,372875,179064,147515,31549,118900,51237,67663,46388,31365,15023,491269,217606,273663,47220,25352,21868
B0103,06,084,District - Mahendragarh,Rural,Illiterate,255791,91617,164174,28699,15092,13607,37987,7096,30891,8931,3778,5153,189105,69429,119676,3773,600,3173
B0103,06,084,District - Mahendragarh,Rural,Literate,533442,324741,208701,150365,132423,17942,80913,44141,36772,37457,27587,9870,302164,148177,153987,43447,24752,18695
B0103,06,084,District - Mahendragarh,Rural,Literate but below matric/secondary,302210,166684,135526,62362,52871,9491,44359,21769,22590,17486,12755,4731,195489,92044,103445,9054,3926,5128
B0103,06,084,District - Mahendragarh,Rural,Matric/secondary but below graduate,178953,122246,56707,64111,58845,5266,29379,18313,11066,15589,11972,3617,85463,45088,40375,24648,15381,9267
B0103,06,084,District - Mahendragarh,Rural,Technical diploma or certificate not equal to degree,4893,3908,985,1632,1435,197,521,409,112,348,277,71,2740,2064,676,1275,963,312
B0103,06,084,District - Mahendragarh,Rural,Graduate and above other than technical degree,31597,22430,9167,16133,14152,1981,4073,2458,1615,2783,1807,976,11391,5820,5571,6231,3279,2952
B0103,06,084,District - Mahendragarh,Rural,Technical degree or diploma equal to degree or post-graduate degree,7164,5016,2148,3349,2857,492,785,422,363,590,334,256,3030,1737,1293,1730,960,770
B0103,06,084,District - Mahendragarh,Urban,Total,132855,70307,62548,33338,29172,4166,7282,5011,2271,4368,3422,946,92235,36124,56111,9175,4220,4955
B0103,06,084,District - Mahendragarh,Urban,Illiterate,36042,14608,21434,3656,2505,1151,2325,1118,1207,1270,732,538,30061,10985,19076,891,211,680
B0103,06,084,District - Mahendragarh,Urban,Literate,96813,55699,41114,29682,26667,3015,4957,3893,1064,3098,2690,408,62174,25139,37035,8284,4009,4275
B0103,06,084,District - Mahendragarh,Urban,Literate but below matric/secondary,48383,26330,22053,9993,9264,729,3039,2427,612,1912,1718,194,35351,14639,20712,1965,927,1038
B0103,06,084,District - Mahendragarh,Urban,Matric/secondary but below graduate,30357,18172,12185,10558,9843,715,1289,1005,284,767,667,100,18510,7324,11186,3272,1760,1512
B0103,06,084,District - Mahendragarh,Urban,Technical diploma or certificate not equal to degree,1217,869,348,528,411,117,31,26,5,18,16,2,658,432,226,187,136,51
B0103,06,084,District - Mahendragarh,Urban,Graduate and above other than technical degree,12652,7834,4818,6718,5656,1062,424,308,116,288,208,80,5510,1870,3640,2162,849,1313
B0103,06,084,District - Mahendragarh,Urban,Technical degree or diploma equal to degree or post-graduate degree,2759,1796,963,1426,1092,334,82,56,26,48,31,17,1251,648,603,581,289,292
B0103,06,085,District - Rewari,Total,Total,900332,474335,425997,250219,200570,49649,87508,34756,52752,31697,21055,10642,562605,239009,323596,39015,20249,18766
B0103,06,085,District - Rewari,Total,Illiterate,263385,98882,164503,34957,16449,18508,24996,4638,20358,6248,2599,3649,203432,77795,125637,2685,640,2045
B0103,06,085,District - Rewari,Total,Literate,636947,375453,261494,215262,184121,31141,62512,30118,32394,25449,18456,6993,359173,161214,197959,36330,19609,16721
B0103,06,085,District - Rewari,Total,Literate but below matric/secondary,328524,175758,152766,77867,62881,14986,33413,14680,18733,12148,8826,3322,217244,98197,119047,7194,3268,3926
B0103,06,085,District - Rewari,Total,Matric/secondary but below graduate,220650,143261,77389,91984,82932,9052,22540,12020,10520,9924,7475,2449,106126,48309,57817,18482,11214,7268
B0103,06,085,District - Rewari,Total,Technical diploma or certificate not equal to degree,8279,6650,1629,4020,3540,480,486,378,108,287,241,46,3773,2732,1041,1166,868,298
B0103,06,085,District - Rewari,Total,Graduate and above other than technical degree,53258,33776,19482,29087,24727,4360,3342,1730,1612,1953,1143,810,20829,7319,13510,6704,2861,3843
B0103,06,085,District - Rewari,Total,Technical degree or diploma equal to degree or post-graduate degree,11663,7436,4227,5949,4675,1274,570,293,277,366,198,168,5144,2468,2676,2015,969,1046
B0103,06,085,District - Rewari,Rural,Total,666902,349710,317192,182761,141404,41357,81614,30775,50839,28607,18706,9901,402527,177531,224996,28993,15209,13784
B0103,06,085,District - Rewari,Rural,Illiterate,202450,73152,129298,27193,11140,16053,23509,3952,19557,5442,2148,3294,151748,58060,93688,1913,352,1561
B0103,06,085,District - Rewari,Rural,Literate,464452,276558,187894,155568,130264,25304,58105,26823,31282,23165,16558,6607,250779,119471,131308,27080,14857,12223
B0103,06,085,District - Rewari,Rural,Literate but below matric/secondary,250064,133622,116442,60383,46821,13562,31186,12986,18200,10966,7804,3162,158495,73815,84680,5467,2350,3117
B0103,06,085,District - Rewari,Rural,Matric/secondary but below graduate,162310,108060,54250,68931,61165,7766,21105,10921,10184,9207,6860,2347,72274,35974,36300,14606,8967,5639
B0103,06,085,District - Rewari,Rural,Technical diploma or certificate not equal to degree,5407,4461,946,2303,2067,236,429,331,98,256,214,42,2675,2063,612,905,691,214
B0103,06,085,District - Rewari,Rural,Graduate and above other than technical degree,28931,19409,9522,15833,13541,2292,2883,1432,1451,1713,990,723,10215,4436,5779,4243,1900,2343
B0103,06,085,District - Rewari,Rural,Technical degree or diploma equal to degree or post-graduate degree,6283,4188,2095,3080,2493,587,482,237,245,316,168,148,2721,1458,1263,1256,612,644
B0103,06,085,District - Rewari,Urban,Total,233430,124625,108805,67458,59166,8292,5894,3981,1913,3090,2349,741,160078,61478,98600,10022,5040,4982
B0103,06,085,District - Rewari,Urban,Illiterate,60935,25730,35205,7764,5309,2455,1487,686,801,806,451,355,51684,19735,31949,772,288,484
B0103,06,085,District - Rewari,Urban,Literate,172495,98895,73600,59694,53857,5837,4407,3295,1112,2284,1898,386,108394,41743,66651,9250,4752,4498
B0103,06,085,District - Rewari,Urban,Literate but below matric/secondary,78460,42136,36324,17484,16060,1424,2227,1694,533,1182,1022,160,58749,24382,34367,1727,918,809
B0103,06,085,District - Rewari,Urban,Matric/secondary but below graduate,58340,35201,23139,23053,21767,1286,1435,1099,336,717,615,102,33852,12335,21517,3876,2247,1629
B0103,06,085,District - Rewari,Urban,Technical diploma or certificate not equal to degree,2872,2189,683,1717,1473,244,57,47,10,31,27,4,1098,669,429,261,177,84
B0103,06,085,District - Rewari,Urban,Graduate and above other than technical degree,24327,14367,9960,13254,11186,2068,459,298,161,240,153,87,10614,2883,7731,2461,961,1500
B0103,06,085,District - Rewari,Urban,Technical degree or diploma equal to degree or post-graduate degree,5380,3248,2132,2869,2182,687,88,56,32,50,30,20,2423,1010,1413,759,357,402
B0103,06,086,District - Gurgaon,Total,Total,1514432,816690,697742,487441,400386,87055,57275,32070,25205,21387,15744,5643,969716,384234,585482,46264,22058,24206
B0103,06,086,District - Gurgaon,Total,Illiterate,403316,178024,225292,59367,39247,20120,15669,5911,9758,5101,2925,2176,328280,132866,195414,5339,1594,3745
B0103,06,086,District - Gurgaon,Total,Literate,1111116,638666,472450,428074,361139,66935,41606,26159,15447,16286,12819,3467,641436,251368,390068,40925,20464,20461
B0103,06,086,District - Gurgaon,Total,Literate but below matric/secondary,465835,254983,210852,108478,94089,14389,20986,12759,8227,8309,6705,1604,336371,148135,188236,10204,5301,4903
B0103,06,086,District - Gurgaon,Total,Matric/secondary but below graduate,340931,213257,127674,145025,134286,10739,13825,9559,4266,5580,4667,913,182081,69412,112669,16003,9635,6368
B0103,06,086,District - Gurgaon,Total,Technical diploma or certificate not equal to degree,15120,11191,3929,9560,8220,1340,331,257,74,133,103,30,5229,2714,2515,781,498,283
B0103,06,086,District - Gurgaon,Total,Graduate and above other than technical degree,210274,112102,98172,118283,89133,29150,4326,2364,1962,1475,842,633,87665,20605,67060,10254,3418,6836
B0103,06,086,District - Gurgaon,Total,Technical degree or diploma equal to degree or post-graduate degree,56847,35782,21065,37446,27958,9488,984,533,451,358,189,169,18417,7291,11126,2936,1276,1660
B0103,06,086,District - Gurgaon,Rural,Total,472179,251462,220717,124933,105706,19227,33529,16028,17501,11870,8756,3114,313717,129728,183989,16001,8479,7522
B0103,06,086,District - Gurgaon,Rural,Illiterate,148092,59174,88918,17637,10544,7093,9376,2427,6949,2420,1258,1162,121079,46203,74876,1723,375,1348
B0103,06,086,District - Gurgaon,Rural,Literate,324087,192288,131799,107296,95162,12134,24153,13601,10552,9450,7498,1952,192638,83525,109113,14278,8104,6174
B0103,06,086,District - Gurgaon,Rural,Literate but below matric/secondary,181594,97980,83614,42784,36308,6476,13709,7195,6514,5126,4022,1104,125101,54477,70624,4312,2185,2127
B0103,06,086,District - Gurgaon,Rural,Matric/secondary but below graduate,115292,76694,38598,51131,47172,3959,8593,5388,3205,3505,2927,578,55568,24134,31434,7180,4538,2642
B0103,06,086,District - Gurgaon,Rural,Technical diploma or certificate not equal to degree,2436,1959,477,1108,1015,93,127,109,18,67,59,8,1201,835,366,288,187,101
B0103,06,086,District - Gurgaon,Rural,Graduate and above other than technical degree,16841,11289,5552,9261,8220,1041,1032,579,453,462,301,161,6548,2490,4058,1858,855,1003
B0103,06,086,District - Gurgaon,Rural,Technical degree or diploma equal to degree or post-graduate degree,2998,1963,1035,1287,1049,238,141,77,64,81,48,33,1570,837,733,454,243,211
B0103,06,086,District - Gurgaon,Urban,Total,1042253,565228,477025,362508,294680,67828,23746,16042,7704,9517,6988,2529,655999,254506,401493,30263,13579,16684
B0103,06,086,District - Gurgaon,Urban,Illiterate,255224,118850,136374,41730,28703,13027,6293,3484,2809,2681,1667,1014,207201,86663,120538,3616,1219,2397
B0103,06,086,District - Gurgaon,Urban,Literate,787029,446378,340651,320778,265977,54801,17453,12558,4895,6836,5321,1515,448798,167843,280955,26647,12360,14287
B0103,06,086,District - Gurgaon,Urban,Literate but below matric/secondary,284241,157003,127238,65694,57781,7913,7277,5564,1713,3183,2683,500,211270,93658,117612,5892,3116,2776
B0103,06,086,District - Gurgaon,Urban,Matric/secondary but below graduate,225639,136563,89076,93894,87114,6780,5232,4171,1061,2075,1740,335,126513,45278,81235,8823,5097,3726
B0103,06,086,District - Gurgaon,Urban,Technical diploma or certificate not equal to degree,12684,9232,3452,8452,7205,1247,204,148,56,66,44,22,4028,1879,2149,493,311,182
B0103,06,086,District - Gurgaon,Urban,Graduate and above other than technical degree,193433,100813,92620,109022,80913,28109,3294,1785,1509,1013,541,472,81117,18115,63002,8396,2563,5833
B0103,06,086,District - Gurgaon,Urban,Technical degree or diploma equal to degree or post-graduate degree,53849,33819,20030,36159,26909,9250,843,456,387,277,141,136,16847,6454,10393,2482,1033,1449
B0103,06,087,District - Mewat ,Total,Total,1089263,571162,518101,204178,175670,28508,85786,48972,36814,39107,30845,8262,799299,346520,452779,25536,14791,10745
B0103,06,087,District - Mewat ,Total,Illiterate,634366,262727,371639,85981,64618,21363,49561,20061,29500,19459,12706,6753,498824,178048,320776,9736,3330,6406
B0103,06,087,District - Mewat ,Total,Literate,454897,308435,146462,118197,111052,7145,36225,28911,7314,19648,18139,1509,300475,168472,132003,15800,11461,4339
B0103,06,087,District - Mewat ,Total,Literate but below matric/secondary,353171,233378,119793,74765,70483,4282,27605,21987,5618,15105,13966,1139,250801,140908,109893,9001,6560,2441
B0103,06,087,District - Mewat ,Total,Matric/secondary but below graduate,66084,50940,15144,28643,27315,1328,5485,4614,871,2949,2788,161,31956,19011,12945,4280,3239,1041
B0103,06,087,District - Mewat ,Total,Technical diploma or certificate not equal to degree,2724,2395,329,1165,1059,106,149,138,11,96,91,5,1410,1198,212,290,249,41
B0103,06,087,District - Mewat ,Total,Graduate and above other than technical degree,10741,7906,2835,5916,5359,557,615,525,90,355,321,34,4210,2022,2188,1126,709,417
B0103,06,087,District - Mewat ,Total,Technical degree or diploma equal to degree or post-graduate degree,2609,2020,589,1273,1109,164,118,101,17,69,59,10,1218,810,408,358,239,119
B0103,06,087,District - Mewat ,Rural,Total,965157,506086,459071,179382,153188,26194,79339,43909,35430,35402,27714,7688,706436,308989,397447,20303,12312,7991
B0103,06,087,District - Mewat ,Rural,Illiterate,580408,240000,340408,80331,59876,20455,46866,18315,28551,17990,11624,6366,453211,161809,291402,8203,2929,5274
B0103,06,087,District - Mewat ,Rural,Literate,384749,266086,118663,99051,93312,5739,32473,25594,6879,17412,16090,1322,253225,147180,106045,12100,9383,2717
B0103,06,087,District - Mewat ,Rural,Literate but below matric/secondary,310724,208394,102330,66723,62846,3877,25106,19754,5352,13550,12532,1018,218895,125794,93101,7635,5773,1862
B0103,06,087,District - Mewat ,Rural,Matric/secondary but below graduate,49414,40256,9158,22382,21401,981,4749,3957,792,2537,2405,132,22283,14898,7385,2976,2455,521
B0103,06,087,District - Mewat ,Rural,Technical diploma or certificate not equal to degree,1949,1793,156,797,752,45,121,110,11,79,74,5,1031,931,100,206,183,23
B0103,06,087,District - Mewat ,Rural,Graduate and above other than technical degree,5987,5016,971,3457,3232,225,465,397,68,279,253,26,2065,1387,678,610,474,136
B0103,06,087,District - Mewat ,Rural,Technical degree or diploma equal to degree or post-graduate degree,1533,1332,201,752,700,52,96,86,10,56,51,5,685,546,139,212,166,46
B0103,06,087,District - Mewat ,Urban,Total,124106,65076,59030,24796,22482,2314,6447,5063,1384,3705,3131,574,92863,37531,55332,5233,2479,2754
B0103,06,087,District - Mewat ,Urban,Illiterate,53958,22727,31231,5650,4742,908,2695,1746,949,1469,1082,387,45613,16239,29374,1533,401,1132
B0103,06,087,District - Mewat ,Urban,Literate,70148,42349,27799,19146,17740,1406,3752,3317,435,2236,2049,187,47250,21292,25958,3700,2078,1622
B0103,06,087,District - Mewat ,Urban,Literate but below matric/secondary,42447,24984,17463,8042,7637,405,2499,2233,266,1555,1434,121,31906,15114,16792,1366,787,579
B0103,06,087,District - Mewat ,Urban,Matric/secondary but below graduate,16670,10684,5986,6261,5914,347,736,657,79,412,383,29,9673,4113,5560,1304,784,520
B0103,06,087,District - Mewat ,Urban,Technical diploma or certificate not equal to degree,775,602,173,368,307,61,28,28,0,17,17,0,379,267,112,84,66,18
B0103,06,087,District - Mewat ,Urban,Graduate and above other than technical degree,4754,2890,1864,2459,2127,332,150,128,22,76,68,8,2145,635,1510,516,235,281
B0103,06,087,District - Mewat ,Urban,Technical degree or diploma equal to degree or post-graduate degree,1076,688,388,521,409,112,22,15,7,13,8,5,533,264,269,146,73,73
B0103,06,088,District - Faridabad,Total,Total,1809733,966110,843623,495316,422503,72813,83913,54430,29483,33898,24401,9497,1230504,489177,741327,72041,35658,36383
B0103,06,088,District - Faridabad,Total,Illiterate,536994,231170,305824,69104,50986,18118,22170,10991,11179,9228,5439,3789,445720,169193,276527,11613,3489,8124
B0103,06,088,District - Faridabad,Total,Literate,1272739,734940,537799,426212,371517,54695,61743,43439,18304,24670,18962,5708,784784,319984,464800,60428,32169,28259
B0103,06,088,District - Faridabad,Total,Literate but below matric/secondary,579765,317314,262451,114510,102790,11720,27967,19383,8584,11396,8969,2427,437288,195141,242147,19292,10296,8996
B0103,06,088,District - Faridabad,Total,Matric/secondary but below graduate,405499,252891,152608,162152,149671,12481,21378,16064,5314,8871,7042,1829,221969,87156,134813,24661,14526,10135
B0103,06,088,District - Faridabad,Total,Technical diploma or certificate not equal to degree,14208,10806,3402,8605,7447,1158,580,465,115,231,182,49,5023,2894,2129,770,548,222
B0103,06,088,District - Faridabad,Total,Graduate and above other than technical degree,188816,103815,85001,99916,79285,20631,7248,4488,2760,2522,1607,915,81652,20042,61610,10743,4241,6502
B0103,06,088,District - Faridabad,Total,Technical degree or diploma equal to degree or post-graduate degree,45414,29601,15813,26840,20541,6299,1760,1139,621,637,419,218,16814,7921,8893,3217,1734,1483
B0103,06,088,District - Faridabad,Rural,Total,370878,198103,172775,84456,73283,11173,22302,14466,7836,9313,7297,2016,264120,110354,153766,12463,7335,5128
B0103,06,088,District - Faridabad,Rural,Illiterate,143856,58386,85470,18110,12390,5720,8157,3811,4346,3084,1908,1176,117589,42185,75404,2500,783,1717
B0103,06,088,District - Faridabad,Rural,Literate,227022,139717,87305,66346,60893,5453,14145,10655,3490,6229,5389,840,146531,68169,78362,9963,6552,3411
B0103,06,088,District - Faridabad,Rural,Literate but below matric/secondary,140382,80110,60272,29066,26324,2742,8515,6246,2269,3727,3222,505,102801,47540,55261,4059,2510,1549
B0103,06,088,District - Faridabad,Rural,Matric/secondary but below graduate,65072,45063,20009,27068,25522,1546,4192,3352,840,1876,1660,216,33812,16189,17623,4080,2878,1202
B0103,06,088,District - Faridabad,Rural,Technical diploma or certificate not equal to degree,1626,1327,299,805,716,89,103,84,19,54,44,10,718,527,191,180,141,39
B0103,06,088,District - Faridabad,Rural,Graduate and above other than technical degree,10838,7771,3067,5833,5271,562,536,407,129,253,197,56,4469,2093,2376,1115,690,425
B0103,06,088,District - Faridabad,Rural,Technical degree or diploma equal to degree or post-graduate degree,2041,1502,539,956,797,159,94,72,22,51,41,10,991,633,358,266,168,98
B0103,06,088,District - Faridabad,Urban,Total,1438855,768007,670848,410860,349220,61640,61611,39964,21647,24585,17104,7481,966384,378823,587561,59578,28323,31255
B0103,06,088,District - Faridabad,Urban,Illiterate,393138,172784,220354,50994,38596,12398,14013,7180,6833,6144,3531,2613,328131,127008,201123,9113,2706,6407
B0103,06,088,District - Faridabad,Urban,Literate,1045717,595223,450494,359866,310624,49242,47598,32784,14814,18441,13573,4868,638253,251815,386438,50465,25617,24848
B0103,06,088,District - Faridabad,Urban,Literate but below matric/secondary,439383,237204,202179,85444,76466,8978,19452,13137,6315,7669,5747,1922,334487,147601,186886,15233,7786,7447
B0103,06,088,District - Faridabad,Urban,Matric/secondary but below graduate,340427,207828,132599,135084,124149,10935,17186,12712,4474,6995,5382,1613,188157,70967,117190,20581,11648,8933
B0103,06,088,District - Faridabad,Urban,Technical diploma or certificate not equal to degree,12582,9479,3103,7800,6731,1069,477,381,96,177,138,39,4305,2367,1938,590,407,183
B0103,06,088,District - Faridabad,Urban,Graduate and above other than technical degree,177978,96044,81934,94083,74014,20069,6712,4081,2631,2269,1410,859,77183,17949,59234,9628,3551,6077
B0103,06,088,District - Faridabad,Urban,Technical degree or diploma equal to degree or post-graduate degree,43373,28099,15274,25884,19744,6140,1666,1067,599,586,378,208,15823,7288,8535,2951,1566,1385
B0103,06,089,District - Palwal ,Total,Total,1042708,554497,488211,216932,189102,27830,92631,52362,40269,41780,31668,10112,733145,313033,420112,34681,20186,14495
B0103,06,089,District - Palwal ,Total,Illiterate,442912,174801,268111,53431,38079,15352,40426,14596,25830,15196,8735,6461,349055,122126,226929,7503,2117,5386
B0103,06,089,District - Palwal ,Total,Literate,599796,379696,220100,163501,151023,12478,52205,37766,14439,26584,22933,3651,384090,190907,193183,27178,18069,9109
B0103,06,089,District - Palwal ,Total,Literate but below matric/secondary,375660,221938,153722,72222,66592,5630,32106,22523,9583,15942,13753,2189,271332,132823,138509,9977,6204,3773
B0103,06,089,District - Palwal ,Total,Matric/secondary but below graduate,162908,115644,47264,62497,59240,3257,15145,11709,3436,8034,7075,959,85266,44695,40571,11733,8384,3349
B0103,06,089,District - Palwal ,Total,Technical diploma or certificate not equal to degree,6816,5821,995,2933,2715,218,500,456,44,322,298,24,3383,2650,733,709,583,126
B0103,06,089,District - Palwal ,Total,Graduate and above other than technical degree,32250,22247,10003,17160,14978,2182,2098,1540,558,1138,901,237,12992,5729,7263,3122,1858,1264
B0103,06,089,District - Palwal ,Total,Technical degree or diploma equal to degree or post-graduate degree,7855,5628,2227,3616,2962,654,450,314,136,263,184,79,3789,2352,1437,1042,674,368
B0103,06,089,District - Palwal ,Rural,Total,806164,428907,377257,164067,142865,21202,78161,41791,36370,34673,25845,8828,563936,244251,319685,24013,14501,9512
B0103,06,089,District - Palwal ,Rural,Illiterate,364179,141547,222632,44886,31372,13514,35873,11750,24123,12958,7054,5904,283420,98425,184995,5593,1459,4134
B0103,06,089,District - Palwal ,Rural,Literate,441985,287360,154625,119181,111493,7688,42288,30041,12247,21715,18791,2924,280516,145826,134690,18420,13042,5378
B0103,06,089,District - Palwal ,Rural,Literate but below matric/secondary,294863,176890,117973,57967,53523,4444,26879,18381,8498,13343,11477,1866,210017,104986,105031,7028,4500,2528
B0103,06,089,District - Palwal ,Rural,Matric/secondary but below graduate,112651,84639,28012,45356,43324,2032,11879,9122,2757,6444,5696,748,55416,32193,23223,8151,6200,1951
B0103,06,089,District - Palwal ,Rural,Technical diploma or certificate not equal to degree,4720,4264,456,1948,1866,82,394,366,28,273,254,19,2378,2032,346,538,470,68
B0103,06,089,District - Palwal ,Rural,Graduate and above other than technical degree,15036,11991,3045,8292,7722,570,1269,974,295,736,621,115,5475,3295,2180,1711,1204,507
B0103,06,089,District - Palwal ,Rural,Technical degree or diploma equal to degree or post-graduate degree,3525,2831,694,1566,1399,167,252,189,63,155,121,34,1707,1243,464,552,392,160
B0103,06,089,District - Palwal ,Urban,Total,236544,125590,110954,52865,46237,6628,14470,10571,3899,7107,5823,1284,169209,68782,100427,10668,5685,4983
B0103,06,089,District - Palwal ,Urban,Illiterate,78733,33254,45479,8545,6707,1838,4553,2846,1707,2238,1681,557,65635,23701,41934,1910,658,1252
B0103,06,089,District - Palwal ,Urban,Literate,157811,92336,65475,44320,39530,4790,9917,7725,2192,4869,4142,727,103574,45081,58493,8758,5027,3731
B0103,06,089,District - Palwal ,Urban,Literate but below matric/secondary,80797,45048,35749,14255,13069,1186,5227,4142,1085,2599,2276,323,61315,27837,33478,2949,1704,1245
B0103,06,089,District - Palwal ,Urban,Matric/secondary but below graduate,50257,31005,19252,17141,15916,1225,3266,2587,679,1590,1379,211,29850,12502,17348,3582,2184,1398
B0103,06,089,District - Palwal ,Urban,Technical diploma or certificate not equal to degree,2096,1557,539,985,849,136,106,90,16,49,44,5,1005,618,387,171,113,58
B0103,06,089,District - Palwal ,Urban,Graduate and above other than technical degree,17214,10256,6958,8868,7256,1612,829,566,263,402,280,122,7517,2434,5083,1411,654,757
B0103,06,089,District - Palwal ,Urban,Technical degree or diploma equal to degree or post-graduate degree,4330,2797,1533,2050,1563,487,198,125,73,108,63,45,2082,1109,973,490,282,208
B0103,07,090,District - North West,Total,Total,3656539,1960922,1695617,1135126,983392,151734,53419,39027,14392,25675,20386,5289,2467994,938503,1529491,136241,71466,64775
B0103,07,090,District - North West,Total,Illiterate,948684,418970,529714,159919,120581,39338,13509,8073,5436,6076,4150,1926,775256,290316,484940,16280,5736,10544
B0103,07,090,District - North West,Total,Literate,2707855,1541952,1165903,975207,862811,112396,39910,30954,8956,19599,16236,3363,1692738,648187,1044551,119961,65730,54231
B0103,07,090,District - North West,Total,Literate but below matric/secondary,1278947,712089,566858,314466,290687,23779,20017,16245,3772,10248,8936,1312,944464,405157,539307,40411,23910,16501
B0103,07,090,District - North West,Total,Matric/secondary but below graduate,798130,482631,315499,326544,307812,18732,12274,9972,2302,6038,5171,867,459312,164847,294465,42397,25290,17107
B0103,07,090,District - North West,Total,Technical diploma or certificate not equal to degree,20582,12872,7710,10260,7832,2428,292,184,108,142,97,45,10030,4856,5174,2029,1074,955
B0103,07,090,District - North West,Total,Graduate and above other than technical degree,477848,260154,217694,256220,205015,51205,5208,3105,2103,2249,1373,876,216420,52034,164386,27177,11333,15844
B0103,07,090,District - North West,Total,Technical degree or diploma equal to degree or post-graduate degree,69188,41326,27862,40468,28300,12168,787,463,324,321,192,129,27933,12563,15370,5052,2552,2500
B0103,07,090,District - North West,Rural,Total,213950,115680,98270,61679,53086,8593,5813,4130,1683,3285,2596,689,146458,58464,87994,11163,5205,5958
B0103,07,090,District - North West,Rural,Illiterate,66623,28637,37986,12705,8558,4147,1516,722,794,742,439,303,52402,19357,33045,1810,389,1421
B0103,07,090,District - North West,Rural,Literate,147327,87043,60284,48974,44528,4446,4297,3408,889,2543,2157,386,94056,39107,54949,9353,4816,4537
B0103,07,090,District - North West,Rural,Literate but below matric/secondary,81778,46000,35778,19689,17796,1893,2216,1758,458,1341,1152,189,59873,26446,33427,3365,1729,1636
B0103,07,090,District - North West,Rural,Matric/secondary but below graduate,49409,31392,18017,21343,20166,1177,1622,1324,298,928,809,119,26444,9902,16542,3816,2136,1680
B0103,07,090,District - North West,Rural,Technical diploma or certificate not equal to degree,1507,859,648,548,392,156,51,36,15,29,21,8,908,431,477,328,172,156
B0103,07,090,District - North West,Rural,Graduate and above other than technical degree,10996,6735,4261,5768,4868,900,283,207,76,165,120,45,4945,1660,3285,1452,580,872
B0103,07,090,District - North West,Rural,Technical degree or diploma equal to degree or post-graduate degree,1433,882,551,745,553,192,36,18,18,24,11,13,652,311,341,242,121,121
B0103,07,090,District - North West,Urban,Total,3442589,1845242,1597347,1073447,930306,143141,47606,34897,12709,22390,17790,4600,2321536,880039,1441497,125078,66261,58817
B0103,07,090,District - North West,Urban,Illiterate,882061,390333,491728,147214,112023,35191,11993,7351,4642,5334,3711,1623,722854,270959,451895,14470,5347,9123
B0103,07,090,District - North West,Urban,Literate,2560528,1454909,1105619,926233,818283,107950,35613,27546,8067,17056,14079,2977,1598682,609080,989602,110608,60914,49694
B0103,07,090,District - North West,Urban,Literate but below matric/secondary,1197169,666089,531080,294777,272891,21886,17801,14487,3314,8907,7784,1123,884591,378711,505880,37046,22181,14865
B0103,07,090,District - North West,Urban,Matric/secondary but below graduate,748721,451239,297482,305201,287646,17555,10652,8648,2004,5110,4362,748,432868,154945,277923,38581,23154,15427
B0103,07,090,District - North West,Urban,Technical diploma or certificate not equal to degree,19075,12013,7062,9712,7440,2272,241,148,93,113,76,37,9122,4425,4697,1701,902,799
B0103,07,090,District - North West,Urban,Graduate and above other than technical degree,466852,253419,213433,250452,200147,50305,4925,2898,2027,2084,1253,831,211475,50374,161101,25725,10753,14972
B0103,07,090,District - North West,Urban,Technical degree or diploma equal to degree or post-graduate degree,67755,40444,27311,39723,27747,11976,751,445,306,297,181,116,27281,12252,15029,4810,2431,2379
B0103,07,091,District - North,Total,Total,887978,475002,412976,283583,248547,35036,12863,9028,3835,6465,4898,1567,591532,217427,374105,37026,18585,18441
B0103,07,091,District - North,Total,Illiterate,206461,93387,113074,33226,25827,7399,3070,1990,1080,1533,1091,442,170165,65570,104595,3288,1199,2089
B0103,07,091,District - North,Total,Literate,681517,381615,299902,250357,222720,27637,9793,7038,2755,4932,3807,1125,421367,151857,269510,33738,17386,16352
B0103,07,091,District - North,Total,Literate but below matric/secondary,320045,175690,144355,84887,77794,7093,4833,3683,1150,2394,1970,424,230325,94213,136112,10409,5899,4510
B0103,07,091,District - North,Total,Matric/secondary but below graduate,213484,124429,89055,88744,82635,6109,3004,2231,773,1579,1259,320,121736,39563,82173,12561,6704,5857
B0103,07,091,District - North,Total,Technical diploma or certificate not equal to degree,3009,1895,1114,1698,1217,481,41,24,17,22,17,5,1270,654,616,292,179,113
B0103,07,091,District - North,Total,Graduate and above other than technical degree,116668,64794,51874,61790,50818,10972,1391,782,609,684,396,288,53487,13194,40293,8590,3657,4933
B0103,07,091,District - North,Total,Technical degree or diploma equal to degree or post-graduate degree,11663,7049,4614,6657,4730,1927,154,86,68,75,43,32,4852,2233,2619,1162,622,540
B0103,07,091,District - North,Rural,Total,17746,9546,8200,5052,4462,590,226,186,40,108,89,19,12468,4898,7570,876,413,463
B0103,07,091,District - North,Rural,Illiterate,4506,1846,2660,540,339,201,48,34,14,19,13,6,3918,1473,2445,79,29,50
B0103,07,091,District - North,Rural,Literate,13240,7700,5540,4512,4123,389,178,152,26,89,76,13,8550,3425,5125,797,384,413
B0103,07,091,District - North,Rural,Literate but below matric/secondary,6900,3767,3133,1561,1413,148,82,71,11,40,33,7,5257,2283,2974,279,129,150
B0103,07,091,District - North,Rural,Matric/secondary but below graduate,4555,2874,1681,2024,1913,111,73,64,9,41,36,5,2458,897,1561,360,176,184
B0103,07,091,District - North,Rural,Technical diploma or certificate not equal to degree,24,16,8,9,8,1,1,1,0,0,0,0,14,7,7,5,4,1
B0103,07,091,District - North,Rural,Graduate and above other than technical degree,1236,817,419,711,641,70,18,12,6,6,5,1,507,164,343,126,62,64
B0103,07,091,District - North,Rural,Technical degree or diploma equal to degree or post-graduate degree,76,63,13,40,38,2,2,2,0,1,1,0,34,23,11,14,9,5
B0103,07,091,District - North,Urban,Total,870232,465456,404776,278531,244085,34446,12637,8842,3795,6357,4809,1548,579064,212529,366535,36150,18172,17978
B0103,07,091,District - North,Urban,Illiterate,201955,91541,110414,32686,25488,7198,3022,1956,1066,1514,1078,436,166247,64097,102150,3209,1170,2039
B0103,07,091,District - North,Urban,Literate,668277,373915,294362,245845,218597,27248,9615,6886,2729,4843,3731,1112,412817,148432,264385,32941,17002,15939
B0103,07,091,District - North,Urban,Literate but below matric/secondary,313145,171923,141222,83326,76381,6945,4751,3612,1139,2354,1937,417,225068,91930,133138,10130,5770,4360
B0103,07,091,District - North,Urban,Matric/secondary but below graduate,208929,121555,87374,86720,80722,5998,2931,2167,764,1538,1223,315,119278,38666,80612,12201,6528,5673
B0103,07,091,District - North,Urban,Technical diploma or certificate not equal to degree,2985,1879,1106,1689,1209,480,40,23,17,22,17,5,1256,647,609,287,175,112
B0103,07,091,District - North,Urban,Graduate and above other than technical degree,115432,63977,51455,61079,50177,10902,1373,770,603,678,391,287,52980,13030,39950,8464,3595,4869
B0103,07,091,District - North,Urban,Technical degree or diploma equal to degree or post-graduate degree,11587,6986,4601,6617,4692,1925,152,84,68,74,42,32,4818,2210,2608,1148,613,535
B0103,07,092,District - North East,Total,Total,2241624,1188425,1053199,622443,566028,56415,38943,28325,10618,16811,13161,3650,1580238,594072,986166,80875,45088,35787
B0103,07,092,District - North East,Total,Illiterate,630036,275944,354092,87174,73456,13718,9876,6167,3709,4101,2973,1128,532986,196321,336665,9555,4093,5462
B0103,07,092,District - North East,Total,Literate,1611588,912481,699107,535269,492572,42697,29067,22158,6909,12710,10188,2522,1047252,397751,649501,71320,40995,30325
B0103,07,092,District - North East,Total,Literate but below matric/secondary,849146,463259,385887,202063,190854,11209,15330,11814,3516,6785,5618,1167,631753,260591,371162,24745,15313,9432
B0103,07,092,District - North East,Total,Matric/secondary but below graduate,479688,284616,195072,189010,180054,8956,8524,6764,1760,3792,3120,672,282154,97798,184356,26047,15629,10418
B0103,07,092,District - North East,Total,Technical diploma or certificate not equal to degree,9807,7165,2642,5538,4495,1043,163,133,30,73,58,15,4106,2537,1569,943,627,316
B0103,07,092,District - North East,Total,Graduate and above other than technical degree,199129,114146,84983,103679,87445,16234,3218,2127,1091,1347,851,496,92232,24574,67658,14645,6625,8020
B0103,07,092,District - North East,Total,Technical degree or diploma equal to degree or post-graduate degree,26702,17683,9019,15132,11647,3485,434,279,155,180,115,65,11136,5757,5379,2768,1575,1193
B0103,07,092,District - North East,Rural,Total,21527,11718,9809,5773,5378,395,215,150,65,98,78,20,15539,6190,9349,657,439,218
B0103,07,092,District - North East,Rural,Illiterate,7062,3203,3859,1045,885,160,65,34,31,27,15,12,5952,2284,3668,126,54,72
B0103,07,092,District - North East,Rural,Literate,14465,8515,5950,4728,4493,235,150,116,34,71,63,8,9587,3906,5681,531,385,146
B0103,07,092,District - North East,Rural,Literate but below matric/secondary,8229,4481,3748,1907,1807,100,76,58,18,35,32,3,6246,2616,3630,150,104,46
B0103,07,092,District - North East,Rural,Matric/secondary but below graduate,4681,3008,1673,2041,1957,84,47,42,5,24,23,1,2593,1009,1584,258,194,64
B0103,07,092,District - North East,Rural,Technical diploma or certificate not equal to degree,28,22,6,11,11,0,2,2,0,2,2,0,15,9,6,5,5,0
B0103,07,092,District - North East,Rural,Graduate and above other than technical degree,1027,703,324,542,510,32,14,6,8,6,3,3,471,187,284,88,60,28
B0103,07,092,District - North East,Rural,Technical degree or diploma equal to degree or post-graduate degree,71,54,17,35,30,5,1,0,1,0,0,0,35,24,11,13,10,3
B0103,07,092,District - North East,Urban,Total,2220097,1176707,1043390,616670,560650,56020,38728,28175,10553,16713,13083,3630,1564699,587882,976817,80218,44649,35569
B0103,07,092,District - North East,Urban,Illiterate,622974,272741,350233,86129,72571,13558,9811,6133,3678,4074,2958,1116,527034,194037,332997,9429,4039,5390
B0103,07,092,District - North East,Urban,Literate,1597123,903966,693157,530541,488079,42462,28917,22042,6875,12639,10125,2514,1037665,393845,643820,70789,40610,30179
B0103,07,092,District - North East,Urban,Literate but below matric/secondary,840917,458778,382139,200156,189047,11109,15254,11756,3498,6750,5586,1164,625507,257975,367532,24595,15209,9386
B0103,07,092,District - North East,Urban,Matric/secondary but below graduate,475007,281608,193399,186969,178097,8872,8477,6722,1755,3768,3097,671,279561,96789,182772,25789,15435,10354
B0103,07,092,District - North East,Urban,Technical diploma or certificate not equal to degree,9779,7143,2636,5527,4484,1043,161,131,30,71,56,15,4091,2528,1563,938,622,316
B0103,07,092,District - North East,Urban,Graduate and above other than technical degree,198102,113443,84659,103137,86935,16202,3204,2121,1083,1341,848,493,91761,24387,67374,14557,6565,7992
B0103,07,092,District - North East,Urban,Technical degree or diploma equal to degree or post-graduate degree,26631,17629,9002,15097,11617,3480,433,279,154,180,115,65,11101,5733,5368,2755,1565,1190
B0103,07,093,District - East,Total,Total,1709346,907500,801846,555026,469593,85433,24666,17358,7308,9468,7103,2365,1129654,420549,709105,63273,30641,32632
B0103,07,093,District - East,Total,Illiterate,356348,159118,197230,50128,36319,13809,4698,2836,1862,1831,1251,580,301522,119963,181559,5092,1781,3311
B0103,07,093,District - East,Total,Literate,1352998,748382,604616,504898,433274,71624,19968,14522,5446,7637,5852,1785,828132,300586,527546,58181,28860,29321
B0103,07,093,District - East,Total,Literate but below matric/secondary,526900,285606,241294,117424,107323,10101,8108,6381,1727,3377,2865,512,401368,171902,229466,14800,8447,6353
B0103,07,093,District - East,Total,Matric/secondary but below graduate,393951,225006,168945,151743,141601,10142,5566,4236,1330,2163,1715,448,236642,79169,157473,18810,10254,8556
B0103,07,093,District - East,Total,Technical diploma or certificate not equal to degree,10835,7441,3394,6647,5165,1482,168,113,55,62,42,20,4020,2163,1857,629,361,268
B0103,07,093,District - East,Total,Graduate and above other than technical degree,322657,173574,149083,176288,138162,38126,4155,2412,1743,1382,753,629,142214,33000,109214,18135,6887,11248
B0103,07,093,District - East,Total,Technical degree or diploma equal to degree or post-graduate degree,51397,32694,18703,32299,23767,8532,746,455,291,260,162,98,18352,8472,9880,3575,1852,1723
B0103,07,093,District - East,Rural,Total,3530,1861,1669,1316,1043,273,32,19,13,18,9,9,2182,799,1383,311,114,197
B0103,07,093,District - East,Rural,Illiterate,544,278,266,52,42,10,3,2,1,2,2,0,489,234,255,7,3,4
B0103,07,093,District - East,Rural,Literate,2986,1583,1403,1264,1001,263,29,17,12,16,7,9,1693,565,1128,304,111,193
B0103,07,093,District - East,Rural,Literate but below matric/secondary,641,321,320,85,80,5,0,0,0,0,0,0,556,241,315,40,26,14
B0103,07,093,District - East,Rural,Matric/secondary but below graduate,741,374,367,225,197,28,10,8,2,6,4,2,506,169,337,77,37,40
B0103,07,093,District - East,Rural,Technical diploma or certificate not equal to degree,50,35,15,34,28,6,0,0,0,0,0,0,16,7,9,4,2,2
B0103,07,093,District - East,Rural,Graduate and above other than technical degree,1225,651,574,699,528,171,14,7,7,7,2,5,512,116,396,147,30,117
B0103,07,093,District - East,Rural,Technical degree or diploma equal to degree or post-graduate degree,282,191,91,209,161,48,5,2,3,3,1,2,68,28,40,31,14,17
B0103,07,093,District - East,Urban,Total,1705816,905639,800177,553710,468550,85160,24634,17339,7295,9450,7094,2356,1127472,419750,707722,62962,30527,32435
B0103,07,093,District - East,Urban,Illiterate,355804,158840,196964,50076,36277,13799,4695,2834,1861,1829,1249,580,301033,119729,181304,5085,1778,3307
B0103,07,093,District - East,Urban,Literate,1350012,746799,603213,503634,432273,71361,19939,14505,5434,7621,5845,1776,826439,300021,526418,57877,28749,29128
B0103,07,093,District - East,Urban,Literate but below matric/secondary,526259,285285,240974,117339,107243,10096,8108,6381,1727,3377,2865,512,400812,171661,229151,14760,8421,6339
B0103,07,093,District - East,Urban,Matric/secondary but below graduate,393210,224632,168578,151518,141404,10114,5556,4228,1328,2157,1711,446,236136,79000,157136,18733,10217,8516
B0103,07,093,District - East,Urban,Technical diploma or certificate not equal to degree,10785,7406,3379,6613,5137,1476,168,113,55,62,42,20,4004,2156,1848,625,359,266
B0103,07,093,District - East,Urban,Graduate and above other than technical degree,321432,172923,148509,175589,137634,37955,4141,2405,1736,1375,751,624,141702,32884,108818,17988,6857,11131
B0103,07,093,District - East,Urban,Technical degree or diploma equal to degree or post-graduate degree,51115,32503,18612,32090,23606,8484,741,453,288,257,161,96,18284,8444,9840,3544,1838,1706
B0103,07,094,District - New Delhi,Total,Total,142004,77942,64062,56471,44916,11555,3070,2024,1046,1353,942,411,82463,31002,51461,8262,3572,4690
B0103,07,094,District - New Delhi,Total,Illiterate,27825,12264,15561,6119,4023,2096,627,356,271,291,192,99,21079,7885,13194,575,150,425
B0103,07,094,District - New Delhi,Total,Literate,114179,65678,48501,50352,40893,9459,2443,1668,775,1062,750,312,61384,23117,38267,7687,3422,4265
B0103,07,094,District - New Delhi,Total,Literate but below matric/secondary,45015,25311,19704,13631,11597,2034,999,781,218,467,387,80,30385,12933,17452,1969,975,994
B0103,07,094,District - New Delhi,Total,Matric/secondary but below graduate,34165,21045,13120,14991,13513,1478,694,520,174,313,231,82,18480,7012,11468,2936,1459,1477
B0103,07,094,District - New Delhi,Total,Technical diploma or certificate not equal to degree,900,524,376,589,369,220,16,8,8,7,4,3,295,147,148,85,40,45
B0103,07,094,District - New Delhi,Total,Graduate and above other than technical degree,25248,13636,11612,15864,11457,4407,487,205,282,181,73,108,8897,1974,6923,1997,644,1353
B0103,07,094,District - New Delhi,Total,Technical degree or diploma equal to degree or post-graduate degree,4070,2531,1539,2748,1990,758,92,46,46,41,18,23,1230,495,735,377,169,208
B0103,07,094,District - New Delhi,Rural,Total,0,0,0,0,0,0,0,0,0,0,0,0,0,0,0,0,0,0
B0103,07,094,District - New Delhi,Rural,Illiterate,0,0,0,0,0,0,0,0,0,0,0,0,0,0,0,0,0,0
B0103,07,094,District - New Delhi,Rural,Literate,0,0,0,0,0,0,0,0,0,0,0,0,0,0,0,0,0,0
B0103,07,094,District - New Delhi,Rural,Literate but below matric/secondary,0,0,0,0,0,0,0,0,0,0,0,0,0,0,0,0,0,0
B0103,07,094,District - New Delhi,Rural,Matric/secondary but below graduate,0,0,0,0,0,0,0,0,0,0,0,0,0,0,0,0,0,0
B0103,07,094,District - New Delhi,Rural,Technical diploma or certificate not equal to degree,0,0,0,0,0,0,0,0,0,0,0,0,0,0,0,0,0,0
B0103,07,094,District - New Delhi,Rural,Graduate and above other than technical degree,0,0,0,0,0,0,0,0,0,0,0,0,0,0,0,0,0,0
B0103,07,094,District - New Delhi,Rural,Technical degree or diploma equal to degree or post-graduate degree,0,0,0,0,0,0,0,0,0,0,0,0,0,0,0,0,0,0
B0103,07,094,District - New Delhi,Urban,Total,142004,77942,64062,56471,44916,11555,3070,2024,1046,1353,942,411,82463,31002,51461,8262,3572,4690
B0103,07,094,District - New Delhi,Urban,Illiterate,27825,12264,15561,6119,4023,2096,627,356,271,291,192,99,21079,7885,13194,575,150,425
B0103,07,094,District - New Delhi,Urban,Literate,114179,65678,48501,50352,40893,9459,2443,1668,775,1062,750,312,61384,23117,38267,7687,3422,4265
B0103,07,094,District - New Delhi,Urban,Literate but below matric/secondary,45015,25311,19704,13631,11597,2034,999,781,218,467,387,80,30385,12933,17452,1969,975,994
B0103,07,094,District - New Delhi,Urban,Matric/secondary but below graduate,34165,21045,13120,14991,13513,1478,694,520,174,313,231,82,18480,7012,11468,2936,1459,1477
B0103,07,094,District - New Delhi,Urban,Technical diploma or certificate not equal to degree,900,524,376,589,369,220,16,8,8,7,4,3,295,147,148,85,40,45
B0103,07,094,District - New Delhi,Urban,Graduate and above other than technical degree,25248,13636,11612,15864,11457,4407,487,205,282,181,73,108,8897,1974,6923,1997,644,1353
B0103,07,094,District - New Delhi,Urban,Technical degree or diploma equal to degree or post-graduate degree,4070,2531,1539,2748,1990,758,92,46,46,41,18,23,1230,495,735,377,169,208
B0103,07,095,District - Central,Total,Total,582320,307821,274499,195978,169963,26015,11396,7658,3738,4861,3553,1308,374946,130200,244746,22618,10923,11695
B0103,07,095,District - Central,Total,Illiterate,139960,67303,72657,29377,24414,4963,2613,1696,917,1185,877,308,107970,41193,66777,2778,1188,1590
B0103,07,095,District - Central,Total,Literate,442360,240518,201842,166601,145549,21052,8783,5962,2821,3676,2676,1000,266976,89007,177969,19840,9735,10105
B0103,07,095,District - Central,Total,Literate but below matric/secondary,207694,115364,92330,61385,56944,4441,4075,2974,1101,1837,1488,349,142234,55446,86788,6949,3875,3074
B0103,07,095,District - Central,Total,Matric/secondary but below graduate,128520,69174,59346,48287,44530,3757,2547,1722,825,1057,754,303,77686,22922,54764,7367,3626,3741
B0103,07,095,District - Central,Total,Technical diploma or certificate not equal to degree,1940,1121,819,1157,724,433,45,29,16,16,9,7,738,368,370,119,72,47
B0103,07,095,District - Central,Total,Graduate and above other than technical degree,77211,40061,37150,41750,32496,9254,1411,777,634,529,268,261,34050,6788,27262,4025,1498,2527
B0103,07,095,District - Central,Total,Technical degree or diploma equal to degree or post-graduate degree,8750,4919,3831,5507,3622,1885,175,96,79,63,34,29,3068,1201,1867,602,284,318
B0103,07,095,District - Central,Rural,Total,0,0,0,0,0,0,0,0,0,0,0,0,0,0,0,0,0,0
B0103,07,095,District - Central,Rural,Illiterate,0,0,0,0,0,0,0,0,0,0,0,0,0,0,0,0,0,0
B0103,07,095,District - Central,Rural,Literate,0,0,0,0,0,0,0,0,0,0,0,0,0,0,0,0,0,0
B0103,07,095,District - Central,Rural,Literate but below matric/secondary,0,0,0,0,0,0,0,0,0,0,0,0,0,0,0,0,0,0
B0103,07,095,District - Central,Rural,Matric/secondary but below graduate,0,0,0,0,0,0,0,0,0,0,0,0,0,0,0,0,0,0
B0103,07,095,District - Central,Rural,Technical diploma or certificate not equal to degree,0,0,0,0,0,0,0,0,0,0,0,0,0,0,0,0,0,0
B0103,07,095,District - Central,Rural,Graduate and above other than technical degree,0,0,0,0,0,0,0,0,0,0,0,0,0,0,0,0,0,0
B0103,07,095,District - Central,Rural,Technical degree or diploma equal to degree or post-graduate degree,0,0,0,0,0,0,0,0,0,0,0,0,0,0,0,0,0,0
B0103,07,095,District - Central,Urban,Total,582320,307821,274499,195978,169963,26015,11396,7658,3738,4861,3553,1308,374946,130200,244746,22618,10923,11695
B0103,07,095,District - Central,Urban,Illiterate,139960,67303,72657,29377,24414,4963,2613,1696,917,1185,877,308,107970,41193,66777,2778,1188,1590
B0103,07,095,District - Central,Urban,Literate,442360,240518,201842,166601,145549,21052,8783,5962,2821,3676,2676,1000,266976,89007,177969,19840,9735,10105
B0103,07,095,District - Central,Urban,Literate but below matric/secondary,207694,115364,92330,61385,56944,4441,4075,2974,1101,1837,1488,349,142234,55446,86788,6949,3875,3074
B0103,07,095,District - Central,Urban,Matric/secondary but below graduate,128520,69174,59346,48287,44530,3757,2547,1722,825,1057,754,303,77686,22922,54764,7367,3626,3741
B0103,07,095,District - Central,Urban,Technical diploma or certificate not equal to degree,1940,1121,819,1157,724,433,45,29,16,16,9,7,738,368,370,119,72,47
B0103,07,095,District - Central,Urban,Graduate and above other than technical degree,77211,40061,37150,41750,32496,9254,1411,777,634,529,268,261,34050,6788,27262,4025,1498,2527
B0103,07,095,District - Central,Urban,Technical degree or diploma equal to degree or post-graduate degree,8750,4919,3831,5507,3622,1885,175,96,79,63,34,29,3068,1201,1867,602,284,318
B0103,07,096,District - West,Total,Total,2543243,1356240,1187003,839621,708262,131359,34699,24336,10363,15201,11734,3467,1668923,623642,1045281,87677,44762,42915
B0103,07,096,District - West,Total,Illiterate,582064,262307,319757,97565,73131,24434,7694,4738,2956,3586,2577,1009,476805,184438,292367,8154,3329,4825
B0103,07,096,District - West,Total,Literate,1961179,1093933,867246,742056,635131,106925,27005,19598,7407,11615,9157,2458,1192118,439204,752914,79523,41433,38090
B0103,07,096,District - West,Total,Literate but below matric/secondary,796978,442688,354290,195395,180229,15166,11231,8891,2340,5398,4640,758,590352,253568,336784,21757,13032,8725
B0103,07,096,District - West,Total,Matric/secondary but below graduate,604130,352460,251670,238892,221562,17330,8318,6314,2004,3632,2922,710,356920,124584,232336,29672,16935,12737
B0103,07,096,District - West,Total,Technical diploma or certificate not equal to degree,15594,9920,5674,8831,6545,2286,204,135,69,70,49,21,6559,3240,3319,988,559,429
B0103,07,096,District - West,Total,Graduate and above other than technical degree,411510,215434,196076,228525,173319,55206,4874,2667,2207,1635,911,724,178111,39448,138663,20059,7256,12803
B0103,07,096,District - West,Total,Technical degree or diploma equal to degree or post-graduate degree,59697,35346,24351,37348,25853,11495,809,452,357,293,169,124,21540,9041,12499,3805,1981,1824
B0103,07,096,District - West,Rural,Total,6420,3355,3065,1680,1502,178,166,117,49,56,44,12,4574,1736,2838,219,140,79
B0103,07,096,District - West,Rural,Illiterate,1972,792,1180,211,155,56,55,25,30,13,6,7,1706,612,1094,22,7,15
B0103,07,096,District - West,Rural,Literate,4448,2563,1885,1469,1347,122,111,92,19,43,38,5,2868,1124,1744,197,133,64
B0103,07,096,District - West,Rural,Literate but below matric/secondary,2087,1149,938,448,413,35,29,22,7,16,15,1,1610,714,896,57,44,13
B0103,07,096,District - West,Rural,Matric/secondary but below graduate,1871,1143,728,790,742,48,65,57,8,23,21,2,1016,344,672,107,79,28
B0103,07,096,District - West,Rural,Technical diploma or certificate not equal to degree,35,15,20,6,3,3,1,1,0,0,0,0,28,11,17,2,1,1
B0103,07,096,District - West,Rural,Graduate and above other than technical degree,303,162,141,154,123,31,7,5,2,2,1,1,142,34,108,21,4,17
B0103,07,096,District - West,Rural,Technical degree or diploma equal to degree or post-graduate degree,45,31,14,24,22,2,2,2,0,0,0,0,19,7,12,6,2,4
B0103,07,096,District - West,Urban,Total,2536823,1352885,1183938,837941,706760,131181,34533,24219,10314,15145,11690,3455,1664349,621906,1042443,87458,44622,42836
B0103,07,096,District - West,Urban,Illiterate,580092,261515,318577,97354,72976,24378,7639,4713,2926,3573,2571,1002,475099,183826,291273,8132,3322,4810
B0103,07,096,District - West,Urban,Literate,1956731,1091370,865361,740587,633784,106803,26894,19506,7388,11572,9119,2453,1189250,438080,751170,79326,41300,38026
B0103,07,096,District - West,Urban,Literate but below matric/secondary,794891,441539,353352,194947,179816,15131,11202,8869,2333,5382,4625,757,588742,252854,335888,21700,12988,8712
B0103,07,096,District - West,Urban,Matric/secondary but below graduate,602259,351317,250942,238102,220820,17282,8253,6257,1996,3609,2901,708,355904,124240,231664,29565,16856,12709
B0103,07,096,District - West,Urban,Technical diploma or certificate not equal to degree,15559,9905,5654,8825,6542,2283,203,134,69,70,49,21,6531,3229,3302,986,558,428
B0103,07,096,District - West,Urban,Graduate and above other than technical degree,411207,215272,195935,228371,173196,55175,4867,2662,2205,1633,910,723,177969,39414,138555,20038,7252,12786
B0103,07,096,District - West,Urban,Technical degree or diploma equal to degree or post-graduate degree,59652,35315,24337,37324,25831,11493,807,450,357,293,169,124,21521,9034,12487,3799,1979,1820
B0103,07,097,District - South West,Total,Total,2292958,1246046,1046912,749995,636474,113521,45357,31503,13854,18872,13647,5225,1497606,578069,919537,96692,46772,49920
B0103,07,097,District - South West,Total,Illiterate,505269,220785,284484,67253,48191,19062,8671,4669,4002,3725,2283,1442,429345,167925,261420,6868,1946,4922
B0103,07,097,District - South West,Total,Literate,1787689,1025261,762428,682742,588283,94459,36686,26834,9852,15147,11364,3783,1068261,410144,658117,89824,44826,44998
B0103,07,097,District - South West,Total,Literate but below matric/secondary,699986,383092,316894,159418,144889,14529,13386,10176,3210,6067,5016,1051,527182,228027,299155,20063,11002,9061
B0103,07,097,District - South West,Total,Matric/secondary but below graduate,566055,343996,222059,233381,218029,15352,12712,9981,2731,5219,4071,1148,319962,115986,203976,33313,18440,14873
B0103,07,097,District - South West,Total,Technical diploma or certificate not equal to degree,16299,10701,5598,8943,7040,1903,316,200,116,136,84,52,7040,3461,3579,1616,832,784
B0103,07,097,District - South West,Total,Graduate and above other than technical degree,360306,201718,158588,204235,157465,46770,6553,3874,2679,2435,1315,1120,149518,40379,109139,25035,9784,15251
B0103,07,097,District - South West,Total,Technical degree or diploma equal to degree or post-graduate degree,66758,43218,23540,41329,30913,10416,1298,812,486,485,272,213,24131,11493,12638,5540,2751,2789
B0103,07,097,District - South West,Rural,Total,143676,77342,66334,39104,34747,4357,4945,3097,1848,2275,1667,608,99627,39498,60129,7201,3572,3629
B0103,07,097,District - South West,Rural,Illiterate,37678,15455,22223,3827,2571,1256,990,369,621,377,180,197,32861,12515,20346,562,102,460
B0103,07,097,District - South West,Rural,Literate,105998,61887,44111,35277,32176,3101,3955,2728,1227,1898,1487,411,66766,26983,39783,6639,3470,3169
B0103,07,097,District - South West,Rural,Literate but below matric/secondary,48373,26018,22355,9579,8529,1050,1589,1072,517,733,595,138,37205,16417,20788,1684,835,849
B0103,07,097,District - South West,Rural,Matric/secondary but below graduate,41053,25753,15300,17436,16474,962,1746,1246,500,883,691,192,21871,8033,13838,3096,1796,1300
B0103,07,097,District - South West,Rural,Technical diploma or certificate not equal to degree,1049,634,415,395,302,93,36,19,17,18,10,8,618,313,305,208,108,100
B0103,07,097,District - South West,Rural,Graduate and above other than technical degree,9622,6086,3536,5292,4622,670,298,191,107,152,103,49,4032,1273,2759,1143,483,660
B0103,07,097,District - South West,Rural,Technical degree or diploma equal to degree or post-graduate degree,1154,723,431,614,475,139,36,23,13,24,15,9,504,225,279,190,84,106
B0103,07,097,District - South West,Urban,Total,2149282,1168704,980578,710891,601727,109164,40412,28406,12006,16597,11980,4617,1397979,538571,859408,89491,43200,46291
B0103,07,097,District - South West,Urban,Illiterate,467591,205330,262261,63426,45620,17806,7681,4300,3381,3348,2103,1245,396484,155410,241074,6306,1844,4462
B0103,07,097,District - South West,Urban,Literate,1681691,963374,718317,647465,556107,91358,32731,24106,8625,13249,9877,3372,1001495,383161,618334,83185,41356,41829
B0103,07,097,District - South West,Urban,Literate but below matric/secondary,651613,357074,294539,149839,136360,13479,11797,9104,2693,5334,4421,913,489977,211610,278367,18379,10167,8212
B0103,07,097,District - South West,Urban,Matric/secondary but below graduate,525002,318243,206759,215945,201555,14390,10966,8735,2231,4336,3380,956,298091,107953,190138,30217,16644,13573
B0103,07,097,District - South West,Urban,Technical diploma or certificate not equal to degree,15250,10067,5183,8548,6738,1810,280,181,99,118,74,44,6422,3148,3274,1408,724,684
B0103,07,097,District - South West,Urban,Graduate and above other than technical degree,350684,195632,155052,198943,152843,46100,6255,3683,2572,2283,1212,1071,145486,39106,106380,23892,9301,14591
B0103,07,097,District - South West,Urban,Technical degree or diploma equal to degree or post-graduate degree,65604,42495,23109,40715,30438,10277,1262,789,473,461,257,204,23627,11268,12359,5350,2667,2683
B0103,07,098,District - South,Total,Total,2731929,1467428,1264501,869086,735535,133551,55307,40057,15250,20705,15836,4869,1807536,691836,1115700,99587,51760,47827
B0103,07,098,District - South,Total,Illiterate,653527,282392,371135,95210,69488,25722,11000,6658,4342,4511,3095,1416,547317,206246,341071,10313,3285,7028
B0103,07,098,District - South,Total,Literate,2078402,1185036,893366,773876,666047,107829,44307,33399,10908,16194,12741,3453,1260219,485590,774629,89274,48475,40799
B0103,07,098,District - South,Total,Literate but below matric/secondary,895655,491456,404199,206233,188003,18230,17336,13808,3528,7287,6142,1145,672086,289645,382441,26395,15266,11129
B0103,07,098,District - South,Total,Matric/secondary but below graduate,579164,351502,227662,237683,221491,16192,12286,9876,2410,4602,3747,855,329195,120135,209060,29908,17542,12366
B0103,07,098,District - South,Total,Technical diploma or certificate not equal to degree,15620,10213,5407,9513,6949,2564,374,255,119,115,81,34,5733,3009,2724,988,570,418
B0103,07,098,District - South,Total,Graduate and above other than technical degree,401376,223505,177871,224171,172696,51475,8580,5284,3296,2506,1498,1008,168625,45525,123100,22145,9834,12311
B0103,07,098,District - South,Total,Technical degree or diploma equal to degree or post-graduate degree,67666,44184,23482,42543,31485,11058,1533,1002,531,417,255,162,23590,11697,11893,4316,2461,1855
B0103,07,098,District - South,Rural,Total,12193,6819,5374,3906,3350,556,320,233,87,147,123,24,7967,3236,4731,226,153,73
B0103,07,098,District - South,Rural,Illiterate,4057,1783,2274,857,616,241,93,49,44,42,25,17,3107,1118,1989,30,18,12
B0103,07,098,District - South,Rural,Literate,8136,5036,3100,3049,2734,315,227,184,43,105,98,7,4860,2118,2742,196,135,61
B0103,07,098,District - South,Rural,Literate but below matric/secondary,4536,2791,1745,1387,1267,120,127,108,19,65,61,4,3022,1416,1606,96,68,28
B0103,07,098,District - South,Rural,Matric/secondary but below graduate,1949,1307,642,823,778,45,59,46,13,26,25,1,1067,483,584,61,46,15
B0103,07,098,District - South,Rural,Technical diploma or certificate not equal to degree,24,16,8,12,8,4,1,1,0,1,1,0,11,7,4,1,1,0
B0103,07,098,District - South,Rural,Graduate and above other than technical degree,988,559,429,525,432,93,21,15,6,6,5,1,442,112,330,24,11,13
B0103,07,098,District - South,Rural,Technical degree or diploma equal to degree or post-graduate degree,100,68,32,58,47,11,3,2,1,0,0,0,39,19,20,4,3,1
B0103,07,098,District - South,Urban,Total,2719736,1460609,1259127,865180,732185,132995,54987,39824,15163,20558,15713,4845,1799569,688600,1110969,99361,51607,47754
B0103,07,098,District - South,Urban,Illiterate,649470,280609,368861,94353,68872,25481,10907,6609,4298,4469,3070,1399,544210,205128,339082,10283,3267,7016
B0103,07,098,District - South,Urban,Literate,2070266,1180000,890266,770827,663313,107514,44080,33215,10865,16089,12643,3446,1255359,483472,771887,89078,48340,40738
B0103,07,098,District - South,Urban,Literate but below matric/secondary,891119,488665,402454,204846,186736,18110,17209,13700,3509,7222,6081,1141,669064,288229,380835,26299,15198,11101
B0103,07,098,District - South,Urban,Matric/secondary but below graduate,577215,350195,227020,236860,220713,16147,12227,9830,2397,4576,3722,854,328128,119652,208476,29847,17496,12351
B0103,07,098,District - South,Urban,Technical diploma or certificate not equal to degree,15596,10197,5399,9501,6941,2560,373,254,119,114,80,34,5722,3002,2720,987,569,418
B0103,07,098,District - South,Urban,Graduate and above other than technical degree,400388,222946,177442,223646,172264,51382,8559,5269,3290,2500,1493,1007,168183,45413,122770,22121,9823,12298
B0103,07,098,District - South,Urban,Technical degree or diploma equal to degree or post-graduate degree,67566,44116,23450,42485,31438,11047,1530,1000,530,417,255,162,23551,11678,11873,4312,2458,1854
B0103,08,099,District - Ganganagar ,Total,Total,1969168,1043340,925828,680563,530627,149936,232109,65693,166416,78904,36376,42528,1056496,447020,609476,70961,30633,40328
B0103,08,099,District - Ganganagar ,Total,Illiterate,775825,332432,443393,220932,137364,83568,115909,19797,96112,36508,11008,25500,438984,175271,263713,11373,2134,9239
B0103,08,099,District - Ganganagar ,Total,Literate,1193343,710908,482435,459631,393263,66368,116200,45896,70304,42396,25368,17028,617512,271749,345763,59588,28499,31089
B0103,08,099,District - Ganganagar ,Total,Literate but below matric/secondary,785509,451453,334056,268744,225439,43305,86335,31180,55155,28883,16456,12427,430430,194834,235596,20056,8006,12050
B0103,08,099,District - Ganganagar ,Total,Matric/secondary but below graduate,258577,167970,90607,110664,101771,8893,18683,9593,9090,8011,5419,2592,129230,56606,72624,23081,12796,10285
B0103,08,099,District - Ganganagar ,Total,Technical diploma or certificate not equal to degree,4856,3687,1169,2376,1899,477,251,194,57,169,137,32,2229,1594,635,868,646,222
B0103,08,099,District - Ganganagar ,Total,Graduate and above other than technical degree,79931,49447,30484,44265,37216,7049,3653,2135,1518,2281,1544,737,32013,10096,21917,10455,4690,5765
B0103,08,099,District - Ganganagar ,Total,Technical degree or diploma equal to degree or post-graduate degree,17310,10511,6799,8955,6648,2307,976,620,356,729,498,231,7379,3243,4136,3337,1622,1715
B0103,08,099,District - Ganganagar ,Rural,Total,1433736,758269,675467,514731,387503,127228,212361,54899,157462,67906,29222,38684,706644,315867,390777,45274,19467,25807
B0103,08,099,District - Ganganagar ,Rural,Illiterate,612364,261334,351030,189336,113847,75489,107252,16309,90943,31809,8622,23187,315776,131178,184598,7844,1342,6502
B0103,08,099,District - Ganganagar ,Rural,Literate,821372,496935,324437,325395,273656,51739,105109,38590,66519,36097,20600,15497,390868,184689,206179,37430,18125,19305
B0103,08,099,District - Ganganagar ,Rural,Literate but below matric/secondary,596890,346525,250365,217808,178753,39055,79244,26508,52736,24848,13329,11519,299838,141264,158574,14360,5554,8806
B0103,08,099,District - Ganganagar ,Rural,Matric/secondary but below graduate,150646,102004,48642,66915,60785,6130,16398,8045,8353,6784,4492,2292,67333,33174,34159,15159,8518,6641
B0103,08,099,District - Ganganagar ,Rural,Technical diploma or certificate not equal to degree,2659,2126,533,1229,1038,191,211,165,46,147,118,29,1219,923,296,559,415,144
B0103,08,099,District - Ganganagar ,Rural,Graduate and above other than technical degree,29642,20454,9188,16698,14603,2095,2760,1581,1179,1733,1192,541,10184,4270,5914,4643,2325,2318
B0103,08,099,District - Ganganagar ,Rural,Technical degree or diploma equal to degree or post-graduate degree,7222,5068,2154,3762,3144,618,753,479,274,571,391,180,2707,1445,1262,1546,849,697
B0103,08,099,District - Ganganagar ,Urban,Total,535432,285071,250361,165832,143124,22708,19748,10794,8954,10998,7154,3844,349852,131153,218699,25687,11166,14521
B0103,08,099,District - Ganganagar ,Urban,Illiterate,163461,71098,92363,31596,23517,8079,8657,3488,5169,4699,2386,2313,123208,44093,79115,3529,792,2737
B0103,08,099,District - Ganganagar ,Urban,Literate,371971,213973,157998,134236,119607,14629,11091,7306,3785,6299,4768,1531,226644,87060,139584,22158,10374,11784
B0103,08,099,District - Ganganagar ,Urban,Literate but below matric/secondary,188619,104928,83691,50936,46686,4250,7091,4672,2419,4035,3127,908,130592,53570,77022,5696,2452,3244
B0103,08,099,District - Ganganagar ,Urban,Matric/secondary but below graduate,107931,65966,41965,43749,40986,2763,2285,1548,737,1227,927,300,61897,23432,38465,7922,4278,3644
B0103,08,099,District - Ganganagar ,Urban,Technical diploma or certificate not equal to degree,2197,1561,636,1147,861,286,40,29,11,22,19,3,1010,671,339,309,231,78
B0103,08,099,District - Ganganagar ,Urban,Graduate and above other than technical degree,50289,28993,21296,27567,22613,4954,893,554,339,548,352,196,21829,5826,16003,5812,2365,3447
B0103,08,099,District - Ganganagar ,Urban,Technical degree or diploma equal to degree or post-graduate degree,10088,5443,4645,5193,3504,1689,223,141,82,158,107,51,4672,1798,2874,1791,773,1018
B0103,08,100,District - Hanumangarh,Total,Total,1774692,931184,843508,642109,461844,180265,193151,50958,142193,56587,26082,30505,939432,418382,521050,58433,29601,28832
B0103,08,100,District - Hanumangarh,Total,Illiterate,740556,306903,433653,240539,130355,110184,101730,15729,86001,26370,7830,18540,398287,160819,237468,8917,2058,6859
B0103,08,100,District - Hanumangarh,Total,Literate,1034136,624281,409855,401570,331489,70081,91421,35229,56192,30217,18252,11965,541145,257563,283582,49516,27543,21973
B0103,08,100,District - Hanumangarh,Total,Literate but below matric/secondary,676994,390128,286866,238004,190008,47996,61415,20624,40791,17562,9992,7570,377575,179496,198079,14375,6672,7703
B0103,08,100,District - Hanumangarh,Total,Matric/secondary but below graduate,208830,137115,71715,84481,75415,9066,16161,8063,8098,6705,4403,2302,108188,53637,54551,21557,13140,8417
B0103,08,100,District - Hanumangarh,Total,Technical diploma or certificate not equal to degree,3846,2895,951,1588,1302,286,245,177,68,161,113,48,2013,1416,597,851,602,249
B0103,08,100,District - Hanumangarh,Total,Graduate and above other than technical degree,52840,36484,16356,29832,26195,3637,3221,2094,1127,2015,1486,529,19787,8195,11592,7248,4038,3210
B0103,08,100,District - Hanumangarh,Total,Technical degree or diploma equal to degree or post-graduate degree,11871,8219,3652,6044,4980,1064,927,618,309,671,469,202,4900,2621,2279,2481,1388,1093
B0103,08,100,District - Hanumangarh,Rural,Total,1424228,746887,677341,538874,371946,166928,180478,44135,136343,51026,22584,28442,704876,330806,374070,43087,22790,20297
B0103,08,100,District - Hanumangarh,Rural,Illiterate,621569,256525,365044,217359,112844,104515,96446,13722,82724,24095,6745,17350,307764,129959,177805,6480,1553,4927
B0103,08,100,District - Hanumangarh,Rural,Literate,802659,490362,312297,321515,259102,62413,84032,30413,53619,26931,15839,11092,397112,200847,196265,36607,21237,15370
B0103,08,100,District - Hanumangarh,Rural,Literate but below matric/secondary,558025,324440,233585,206074,160757,45317,57549,18165,39384,15815,8688,7127,294402,145518,148884,10992,5154,5838
B0103,08,100,District - Hanumangarh,Rural,Matric/secondary but below graduate,149279,101152,48127,62431,54771,7660,14571,7008,7563,6048,3917,2131,72277,39373,32904,16974,10667,6307
B0103,08,100,District - Hanumangarh,Rural,Technical diploma or certificate not equal to degree,2563,1934,629,946,774,172,208,145,63,138,94,44,1409,1015,394,665,470,195
B0103,08,100,District - Hanumangarh,Rural,Graduate and above other than technical degree,27220,20846,6374,15928,14308,1620,2569,1657,912,1682,1254,428,8723,4881,3842,4329,2764,1565
B0103,08,100,District - Hanumangarh,Rural,Technical degree or diploma equal to degree or post-graduate degree,6814,5120,1694,3523,3073,450,771,513,258,580,403,177,2520,1534,986,1575,955,620
B0103,08,100,District - Hanumangarh,Urban,Total,350464,184297,166167,103235,89898,13337,12673,6823,5850,5561,3498,2063,234556,87576,146980,15346,6811,8535
B0103,08,100,District - Hanumangarh,Urban,Illiterate,118987,50378,68609,23180,17511,5669,5284,2007,3277,2275,1085,1190,90523,30860,59663,2437,505,1932
B0103,08,100,District - Hanumangarh,Urban,Literate,231477,133919,97558,80055,72387,7668,7389,4816,2573,3286,2413,873,144033,56716,87317,12909,6306,6603
B0103,08,100,District - Hanumangarh,Urban,Literate but below matric/secondary,118969,65688,53281,31930,29251,2679,3866,2459,1407,1747,1304,443,83173,33978,49195,3383,1518,1865
B0103,08,100,District - Hanumangarh,Urban,Matric/secondary but below graduate,59551,35963,23588,22050,20644,1406,1590,1055,535,657,486,171,35911,14264,21647,4583,2473,2110
B0103,08,100,District - Hanumangarh,Urban,Technical diploma or certificate not equal to degree,1283,961,322,642,528,114,37,32,5,23,19,4,604,401,203,186,132,54
B0103,08,100,District - Hanumangarh,Urban,Graduate and above other than technical degree,25620,15638,9982,13904,11887,2017,652,437,215,333,232,101,11064,3314,7750,2919,1274,1645
B0103,08,100,District - Hanumangarh,Urban,Technical degree or diploma equal to degree or post-graduate degree,5057,3099,1958,2521,1907,614,156,105,51,91,66,25,2380,1087,1293,906,433,473
B0103,08,101,District - Bikaner,Total,Total,2363937,1240801,1123136,752768,557046,195722,233440,83526,149914,83000,44296,38704,1377729,600229,777500,61893,31078,30815
B0103,08,101,District - Bikaner,Total,Illiterate,1085136,458402,626734,298200,163948,134252,124600,25672,98928,41374,14717,26657,662336,268782,393554,13739,3415,10324
B0103,08,101,District - Bikaner,Total,Literate,1278801,782399,496402,454568,393098,61470,108840,57854,50986,41626,29579,12047,715393,331447,383946,48154,27663,20491
B0103,08,101,District - Bikaner,Total,Literate but below matric/secondary,896739,528884,367855,277286,233981,43305,84697,41788,42909,30391,20850,9541,534756,253115,281641,18519,9962,8557
B0103,08,101,District - Bikaner,Total,Matric/secondary but below graduate,219838,150548,69290,92713,87149,5564,13268,9554,3714,6210,5049,1161,113857,53845,60012,15739,10263,5476
B0103,08,101,District - Bikaner,Total,Technical diploma or certificate not equal to degree,3697,2888,809,1931,1584,347,104,90,14,58,49,9,1662,1214,448,439,334,105
B0103,08,101,District - Bikaner,Total,Graduate and above other than technical degree,83213,54570,28643,46013,40329,5684,3243,2525,718,1733,1401,332,33957,11716,22241,8674,4451,4223
B0103,08,101,District - Bikaner,Total,Technical degree or diploma equal to degree or post-graduate degree,15713,10666,5047,8157,6574,1583,761,581,180,450,361,89,6795,3511,3284,2794,1668,1126
B0103,08,101,District - Bikaner,Rural,Total,1563553,821434,742119,525884,357383,168501,206171,66830,139341,72039,35830,36209,831498,397221,434277,29141,14337,14804
B0103,08,101,District - Bikaner,Rural,Illiterate,824349,349516,474833,256021,132771,123250,114802,21554,93248,37867,12471,25396,453526,195191,258335,9165,1973,7192
B0103,08,101,District - Bikaner,Rural,Literate,739204,471918,267286,269863,224612,45251,91369,45276,46093,34172,23359,10813,377972,202030,175942,19976,12364,7612
B0103,08,101,District - Bikaner,Rural,Literate but below matric/secondary,603632,371051,232581,202031,164383,37648,74757,35036,39721,26279,17384,8895,326844,171632,155212,10578,5701,4877
B0103,08,101,District - Bikaner,Rural,Matric/secondary but below graduate,83141,63806,19335,37641,34610,3031,9471,6497,2974,4458,3535,923,36029,22699,13330,6323,4624,1699
B0103,08,101,District - Bikaner,Rural,Technical diploma or certificate not equal to degree,807,693,114,456,395,61,37,32,5,22,18,4,314,266,48,116,94,22
B0103,08,101,District - Bikaner,Rural,Graduate and above other than technical degree,14971,12346,2625,9532,8914,618,1252,1024,228,827,720,107,4187,2408,1779,1632,1128,504
B0103,08,101,District - Bikaner,Rural,Technical degree or diploma equal to degree or post-graduate degree,3286,2766,520,1900,1753,147,367,304,63,268,230,38,1019,709,310,572,410,162
B0103,08,101,District - Bikaner,Urban,Total,800384,419367,381017,226884,199663,27221,27269,16696,10573,10961,8466,2495,546231,203008,343223,32752,16741,16011
B0103,08,101,District - Bikaner,Urban,Illiterate,260787,108886,151901,42179,31177,11002,9798,4118,5680,3507,2246,1261,208810,73591,135219,4574,1442,3132
B0103,08,101,District - Bikaner,Urban,Literate,539597,310481,229116,184705,168486,16219,17471,12578,4893,7454,6220,1234,337421,129417,208004,28178,15299,12879
B0103,08,101,District - Bikaner,Urban,Literate but below matric/secondary,293107,157833,135274,75255,69598,5657,9940,6752,3188,4112,3466,646,207912,81483,126429,7941,4261,3680
B0103,08,101,District - Bikaner,Urban,Matric/secondary but below graduate,136697,86742,49955,55072,52539,2533,3797,3057,740,1752,1514,238,77828,31146,46682,9416,5639,3777
B0103,08,101,District - Bikaner,Urban,Technical diploma or certificate not equal to degree,2890,2195,695,1475,1189,286,67,58,9,36,31,5,1348,948,400,323,240,83
B0103,08,101,District - Bikaner,Urban,Graduate and above other than technical degree,68242,42224,26018,36481,31415,5066,1991,1501,490,906,681,225,29770,9308,20462,7042,3323,3719
B0103,08,101,District - Bikaner,Urban,Technical degree or diploma equal to degree or post-graduate degree,12427,7900,4527,6257,4821,1436,394,277,117,182,131,51,5776,2802,2974,2222,1258,964
B0103,08,102,District - Churu,Total,Total,2039547,1051446,988101,628381,446199,182182,274448,95205,179243,87308,49394,37914,1136718,510042,626676,55513,31063,24450
B0103,08,102,District - Churu,Total,Illiterate,890278,354717,535561,238184,121895,116289,131175,24133,107042,32733,11550,21183,520919,208689,312230,8708,2384,6324
B0103,08,102,District - Churu,Total,Literate,1149269,696729,452540,390197,324304,65893,143273,71072,72201,54575,37844,16731,615799,301353,314446,46805,28679,18126
B0103,08,102,District - Churu,Total,Literate but below matric/secondary,789648,455397,334251,231567,187931,43636,94321,43428,50893,31207,21162,10045,463760,224038,239722,15234,8500,6734
B0103,08,102,District - Churu,Total,Matric/secondary but below graduate,211730,146639,65091,80681,72936,7745,27115,17122,9993,13797,10208,3589,103934,56581,47353,20768,13822,6946
B0103,08,102,District - Churu,Total,Technical diploma or certificate not equal to degree,3009,1934,1075,1192,794,398,366,232,134,250,162,88,1451,908,543,651,398,253
B0103,08,102,District - Churu,Total,Graduate and above other than technical degree,48460,35383,13077,27866,24591,3275,4563,3126,1437,3173,2305,868,16031,7666,8365,6004,3542,2462
B0103,08,102,District - Churu,Total,Technical degree or diploma equal to degree or post-graduate degree,10409,7484,2925,5430,4510,920,1261,833,428,954,630,324,3718,2141,1577,1970,1169,801
B0103,08,102,District - Churu,Rural,Total,1463312,755028,708284,482012,315110,166902,250950,80992,169958,77265,41518,35747,730350,358926,371424,34977,20461,14516
B0103,08,102,District - Churu,Rural,Illiterate,671813,268772,403041,207130,97720,109410,121624,20170,101454,29403,9435,19968,343059,150882,192177,4950,1303,3647
B0103,08,102,District - Churu,Rural,Literate,791499,486256,305243,274882,217390,57492,129326,60822,68504,47862,32083,15779,387291,208044,179247,30027,19158,10869
B0103,08,102,District - Churu,Rural,Literate but below matric/secondary,561541,327994,233547,171765,132057,39708,85194,36951,48243,26925,17464,9461,304582,158986,145596,9264,5261,4003
B0103,08,102,District - Churu,Rural,Matric/secondary but below graduate,134959,96672,38287,51535,45064,6471,24549,15008,9541,12482,9051,3431,58875,36600,22275,14699,9992,4707
B0103,08,102,District - Churu,Rural,Technical diploma or certificate not equal to degree,1943,1185,758,715,445,270,325,201,124,226,142,84,903,539,364,461,266,195
B0103,08,102,District - Churu,Rural,Graduate and above other than technical degree,21882,17227,4655,12356,10947,1409,3816,2566,1250,2766,1987,779,5710,3714,1996,3045,2064,981
B0103,08,102,District - Churu,Rural,Technical degree or diploma equal to degree or post-graduate degree,5813,4435,1378,3037,2599,438,1142,746,396,888,583,305,1634,1090,544,1082,704,378
B0103,08,102,District - Churu,Urban,Total,576235,296418,279817,146369,131089,15280,23498,14213,9285,10043,7876,2167,406368,151116,255252,20536,10602,9934
B0103,08,102,District - Churu,Urban,Illiterate,218465,85945,132520,31054,24175,6879,9551,3963,5588,3330,2115,1215,177860,57807,120053,3758,1081,2677
B0103,08,102,District - Churu,Urban,Literate,357770,210473,147297,115315,106914,8401,13947,10250,3697,6713,5761,952,228508,93309,135199,16778,9521,7257
B0103,08,102,District - Churu,Urban,Literate but below matric/secondary,228107,127403,100704,59802,55874,3928,9127,6477,2650,4282,3698,584,159178,65052,94126,5970,3239,2731
B0103,08,102,District - Churu,Urban,Matric/secondary but below graduate,76771,49967,26804,29146,27872,1274,2566,2114,452,1315,1157,158,45059,19981,25078,6069,3830,2239
B0103,08,102,District - Churu,Urban,Technical diploma or certificate not equal to degree,1066,749,317,477,349,128,41,31,10,24,20,4,548,369,179,190,132,58
B0103,08,102,District - Churu,Urban,Graduate and above other than technical degree,26578,18156,8422,15510,13644,1866,747,560,187,407,318,89,10321,3952,6369,2959,1478,1481
B0103,08,102,District - Churu,Urban,Technical degree or diploma equal to degree or post-graduate degree,4596,3049,1547,2393,1911,482,119,87,32,66,47,19,2084,1051,1033,888,465,423
B0103,08,103,District - Jhunjhunun,Total,Total,2137045,1095896,1041149,592813,444111,148702,301836,97281,204555,81827,50458,31369,1242396,554504,687892,90764,51019,39745
B0103,08,103,District - Jhunjhunun,Total,Illiterate,766685,280062,486623,153672,76295,77377,113743,13000,100743,15433,5501,9932,499270,190767,308503,6828,1642,5186
B0103,08,103,District - Jhunjhunun,Total,Literate,1370360,815834,554526,439141,367816,71325,188093,84281,103812,66394,44957,21437,743126,363737,379389,83936,49377,34559
B0103,08,103,District - Jhunjhunun,Total,Literate but below matric/secondary,830404,463475,366929,226773,186162,40611,103907,40260,63647,24549,17264,7285,499724,237053,262671,15804,8407,7397
B0103,08,103,District - Jhunjhunun,Total,Matric/secondary but below graduate,358651,235693,122958,122563,108545,14018,57686,31192,26494,26465,18219,8246,178402,95956,82446,42344,26732,15612
B0103,08,103,District - Jhunjhunun,Total,Technical diploma or certificate not equal to degree,6537,4513,2024,2650,1836,814,847,555,292,625,408,217,3040,2122,918,1469,1005,464
B0103,08,103,District - Jhunjhunun,Total,Graduate and above other than technical degree,95223,64878,30345,49936,41848,8088,12610,7083,5527,9028,5571,3457,32677,15947,16730,16526,9059,7467
B0103,08,103,District - Jhunjhunun,Total,Technical degree or diploma equal to degree or post-graduate degree,21838,13965,7873,10106,7853,2253,3430,1770,1660,2790,1506,1284,8302,4342,3960,5086,2640,2446
B0103,08,103,District - Jhunjhunun,Rural,Total,1647966,842718,805248,468932,337436,131496,283820,87912,195908,74603,44821,29782,895214,417370,477844,68870,39282,29588
B0103,08,103,District - Jhunjhunun,Rural,Illiterate,601417,217046,384371,130605,60258,70347,107041,11045,95996,13706,4436,9270,363771,145743,218028,4440,945,3495
B0103,08,103,District - Jhunjhunun,Rural,Literate,1046549,625672,420877,338327,277178,61149,176779,76867,99912,60897,40385,20512,531443,271627,259816,64430,38337,26093
B0103,08,103,District - Jhunjhunun,Rural,Literate but below matric/secondary,639971,358391,281580,179741,142924,36817,96878,35819,61059,21472,14625,6847,363352,179648,183704,11067,5738,5329
B0103,08,103,District - Jhunjhunun,Rural,Matric/secondary but below graduate,282303,187016,95287,98273,85696,12577,55122,29380,25742,25054,17091,7963,128908,71940,56968,35484,22407,13077
B0103,08,103,District - Jhunjhunun,Rural,Technical diploma or certificate not equal to degree,4616,3067,1549,1611,1054,557,797,513,284,594,382,212,2208,1500,708,1162,780,382
B0103,08,103,District - Jhunjhunun,Rural,Graduate and above other than technical degree,62810,43937,18873,31793,26796,4997,11890,6591,5299,8556,5212,3344,19127,10550,8577,11404,6556,4848
B0103,08,103,District - Jhunjhunun,Rural,Technical degree or diploma equal to degree or post-graduate degree,14856,9635,5221,6640,5277,1363,3253,1657,1596,2662,1418,1244,4963,2701,2262,3473,1851,1622
B0103,08,103,District - Jhunjhunun,Urban,Total,489079,253178,235901,123881,106675,17206,18016,9369,8647,7224,5637,1587,347182,137134,210048,21894,11737,10157
B0103,08,103,District - Jhunjhunun,Urban,Illiterate,165268,63016,102252,23067,16037,7030,6702,1955,4747,1727,1065,662,135499,45024,90475,2388,697,1691
B0103,08,103,District - Jhunjhunun,Urban,Literate,323811,190162,133649,100814,90638,10176,11314,7414,3900,5497,4572,925,211683,92110,119573,19506,11040,8466
B0103,08,103,District - Jhunjhunun,Urban,Literate but below matric/secondary,190433,105084,85349,47032,43238,3794,7029,4441,2588,3077,2639,438,136372,57405,78967,4737,2669,2068
B0103,08,103,District - Jhunjhunun,Urban,Matric/secondary but below graduate,76348,48677,27671,24290,22849,1441,2564,1812,752,1411,1128,283,49494,24016,25478,6860,4325,2535
B0103,08,103,District - Jhunjhunun,Urban,Technical diploma or certificate not equal to degree,1921,1446,475,1039,782,257,50,42,8,31,26,5,832,622,210,307,225,82
B0103,08,103,District - Jhunjhunun,Urban,Graduate and above other than technical degree,32413,20941,11472,18143,15052,3091,720,492,228,472,359,113,13550,5397,8153,5122,2503,2619
B0103,08,103,District - Jhunjhunun,Urban,Technical degree or diploma equal to degree or post-graduate degree,6982,4330,2652,3466,2576,890,177,113,64,128,88,40,3339,1641,1698,1613,789,824
B0103,08,104,District - Alwar,Total,Total,3674179,1939026,1735153,1179461,835940,343521,529081,158231,370850,135568,74023,61545,1965637,944855,1020782,113226,64290,48936
B0103,08,104,District - Alwar,Total,Illiterate,1491703,579197,912506,397231,177066,220165,238943,25572,213371,45013,11151,33862,855529,376559,478970,13507,2871,10636
B0103,08,104,District - Alwar,Total,Literate,2182476,1359829,822647,782230,658874,123356,290138,132659,157479,90555,62872,27683,1110108,568296,541812,99719,61419,38300
B0103,08,104,District - Alwar,Total,Literate but below matric/secondary,1420595,824915,595680,426626,344470,82156,194806,77443,117363,48347,31448,16899,799163,403002,396161,28300,14524,13776
B0103,08,104,District - Alwar,Total,Matric/secondary but below graduate,493504,349210,144294,207036,187934,19102,66522,39137,27385,27030,20462,6568,219946,122139,97807,42823,29623,13200
B0103,08,104,District - Alwar,Total,Technical diploma or certificate not equal to degree,14986,12751,2235,6419,5689,730,1622,1387,235,1092,961,131,6945,5675,1270,2719,2317,402
B0103,08,104,District - Alwar,Total,Graduate and above other than technical degree,151037,107065,43972,88162,77612,10550,12244,8349,3895,8025,6094,1931,50631,21104,29527,17502,9934,7568
B0103,08,104,District - Alwar,Total,Technical degree or diploma equal to degree or post-graduate degree,37557,27183,10374,20457,17017,3440,3591,2289,1302,2699,1817,882,13509,7877,5632,6473,3948,2525
B0103,08,104,District - Alwar,Rural,Total,3019728,1589508,1430220,982840,669363,313477,505095,146904,358191,125696,67625,58071,1531793,773241,758552,82215,50238,31977
B0103,08,104,District - Alwar,Rural,Illiterate,1311730,505778,805952,369574,160446,209128,230932,23435,207497,42158,9958,32200,711224,321897,389327,10121,2050,8071
B0103,08,104,District - Alwar,Rural,Literate,1707998,1083730,624268,613266,508917,104349,274163,123469,150694,83538,57667,25871,820569,451344,369225,72094,48188,23906
B0103,08,104,District - Alwar,Rural,Literate but below matric/secondary,1186012,697442,488570,367795,291930,75865,185352,72256,113096,44312,28435,15877,632865,333256,299609,21240,11492,9748
B0103,08,104,District - Alwar,Rural,Matric/secondary but below graduate,361631,267290,94341,155670,139888,15782,62789,36763,26026,25425,19183,6242,143172,90639,52533,33867,24645,9222
B0103,08,104,District - Alwar,Rural,Technical diploma or certificate not equal to degree,9685,8405,1280,3325,2950,375,1511,1293,218,1033,911,122,4849,4162,687,2170,1894,276
B0103,08,104,District - Alwar,Rural,Graduate and above other than technical degree,77050,62200,14850,47015,42730,4285,10719,7404,3315,7211,5550,1661,19316,12066,7250,9770,6764,3006
B0103,08,104,District - Alwar,Rural,Technical degree or diploma equal to degree or post-graduate degree,20429,15885,4544,10952,9500,1452,3247,2082,1165,2483,1685,798,6230,4303,1927,3674,2554,1120
B0103,08,104,District - Alwar,Urban,Total,654451,349518,304933,196621,166577,30044,23986,11327,12659,9872,6398,3474,433844,171614,262230,31011,14052,16959
B0103,08,104,District - Alwar,Urban,Illiterate,179973,73419,106554,27657,16620,11037,8011,2137,5874,2855,1193,1662,144305,54662,89643,3386,821,2565
B0103,08,104,District - Alwar,Urban,Literate,474478,276099,198379,168964,149957,19007,15975,9190,6785,7017,5205,1812,289539,116952,172587,27625,13231,14394
B0103,08,104,District - Alwar,Urban,Literate but below matric/secondary,234583,127473,107110,58831,52540,6291,9454,5187,4267,4035,3013,1022,166298,69746,96552,7060,3032,4028
B0103,08,104,District - Alwar,Urban,Matric/secondary but below graduate,131873,81920,49953,51366,48046,3320,3733,2374,1359,1605,1279,326,76774,31500,45274,8956,4978,3978
B0103,08,104,District - Alwar,Urban,Technical diploma or certificate not equal to degree,5301,4346,955,3094,2739,355,111,94,17,59,50,9,2096,1513,583,549,423,126
B0103,08,104,District - Alwar,Urban,Graduate and above other than technical degree,73987,44865,29122,41147,34882,6265,1525,945,580,814,544,270,31315,9038,22277,7732,3170,4562
B0103,08,104,District - Alwar,Urban,Technical degree or diploma equal to degree or post-graduate degree,17128,11298,5830,9505,7517,1988,344,207,137,216,132,84,7279,3574,3705,2799,1394,1405
B0103,08,105,District - Bharatpur,Total,Total,2548462,1355726,1192736,694929,529877,165052,376225,117321,258904,122672,69065,53607,1477308,708528,768780,83011,49286,33725
B0103,08,105,District - Bharatpur,Total,Illiterate,1067593,411816,655777,212709,103957,108752,186395,22518,163877,44559,11628,32931,668489,285341,383148,11884,2859,9025
B0103,08,105,District - Bharatpur,Total,Literate,1480869,943910,536959,482220,425920,56300,189830,94803,95027,78113,57437,20676,808819,423187,385632,71127,46427,24700
B0103,08,105,District - Bharatpur,Total,Literate but below matric/secondary,995234,592639,402595,270665,233139,37526,130558,57619,72939,47729,32999,14730,594011,301881,292130,21365,11780,9585
B0103,08,105,District - Bharatpur,Total,Matric/secondary but below graduate,311264,230359,80905,123455,115880,7575,36614,24790,11824,19100,15965,3135,151195,89689,61506,30434,22302,8132
B0103,08,105,District - Bharatpur,Total,Technical diploma or certificate not equal to degree,8467,7356,1111,2903,2579,324,762,688,74,543,495,48,4802,4089,713,2010,1754,256
B0103,08,105,District - Bharatpur,Total,Graduate and above other than technical degree,86019,62838,23181,47744,43243,4501,7507,5476,2031,5014,4108,906,30768,14119,16649,11397,6806,4591
B0103,08,105,District - Bharatpur,Total,Technical degree or diploma equal to degree or post-graduate degree,19484,15178,4306,10293,9122,1171,1814,1406,408,1377,1123,254,7377,4650,2727,3867,2555,1312
B0103,08,105,District - Bharatpur,Rural,Total,2053363,1093357,960006,570786,421932,148854,350199,102701,247498,109333,59533,49800,1132378,568724,563654,55588,34970,20618
B0103,08,105,District - Bharatpur,Rural,Illiterate,909959,348313,561646,191816,89626,102190,176769,19480,157289,40476,9663,30813,541374,239207,302167,8009,1775,6234
B0103,08,105,District - Bharatpur,Rural,Literate,1143404,745044,398360,378970,332306,46664,173430,83221,90209,68857,49870,18987,591004,329517,261487,47579,33195,14384
B0103,08,105,District - Bharatpur,Rural,Literate but below matric/secondary,814882,492807,322075,230442,196203,34239,120833,50911,69922,42311,28499,13812,463607,245693,217914,15105,8417,6688
B0103,08,105,District - Bharatpur,Rural,Matric/secondary but below graduate,221357,173810,47547,93096,87425,5671,32883,21909,10974,16949,14151,2798,95378,64476,30902,22142,17161,4981
B0103,08,105,District - Bharatpur,Rural,Technical diploma or certificate not equal to degree,5488,4924,564,1668,1519,149,658,600,58,472,435,37,3162,2805,357,1469,1299,170
B0103,08,105,District - Bharatpur,Rural,Graduate and above other than technical degree,42126,35266,6860,25090,23552,1538,5961,4397,1564,4059,3402,657,11075,7317,3758,5497,3994,1503
B0103,08,105,District - Bharatpur,Rural,Technical degree or diploma equal to degree or post-graduate degree,10574,8974,1600,5792,5366,426,1495,1179,316,1157,963,194,3287,2429,858,1994,1495,499
B0103,08,105,District - Bharatpur,Urban,Total,495099,262369,232730,124143,107945,16198,26026,14620,11406,13339,9532,3807,344930,139804,205126,27423,14316,13107
B0103,08,105,District - Bharatpur,Urban,Illiterate,157634,63503,94131,20893,14331,6562,9626,3038,6588,4083,1965,2118,127115,46134,80981,3875,1084,2791
B0103,08,105,District - Bharatpur,Urban,Literate,337465,198866,138599,103250,93614,9636,16400,11582,4818,9256,7567,1689,217815,93670,124145,23548,13232,10316
B0103,08,105,District - Bharatpur,Urban,Literate but below matric/secondary,180352,99832,80520,40223,36936,3287,9725,6708,3017,5418,4500,918,130404,56188,74216,6260,3363,2897
B0103,08,105,District - Bharatpur,Urban,Matric/secondary but below graduate,89907,56549,33358,30359,28455,1904,3731,2881,850,2151,1814,337,55817,25213,30604,8292,5141,3151
B0103,08,105,District - Bharatpur,Urban,Technical diploma or certificate not equal to degree,2979,2432,547,1235,1060,175,104,88,16,71,60,11,1640,1284,356,541,455,86
B0103,08,105,District - Bharatpur,Urban,Graduate and above other than technical degree,43893,27572,16321,22654,19691,2963,1546,1079,467,955,706,249,19693,6802,12891,5900,2812,3088
B0103,08,105,District - Bharatpur,Urban,Technical degree or diploma equal to degree or post-graduate degree,8910,6204,2706,4501,3756,745,319,227,92,220,160,60,4090,2221,1869,1873,1060,813
B0103,08,106,District - Dhaulpur,Total,Total,1206516,653647,552869,317617,261679,55938,205595,77431,128164,53978,33669,20309,683304,314537,368767,37216,18467,18749
B0103,08,106,District - Dhaulpur,Total,Illiterate,523418,217926,305492,101872,64828,37044,85455,11547,73908,17624,5394,12230,336091,141551,194540,8751,1782,6969
B0103,08,106,District - Dhaulpur,Total,Literate,683098,435721,247377,215745,196851,18894,120140,65884,54256,36354,28275,8079,347213,172986,174227,28465,16685,11780
B0103,08,106,District - Dhaulpur,Total,Literate but below matric/secondary,509410,311474,197936,139459,126326,13133,92084,47219,44865,24193,18250,5943,277867,137929,139938,12737,6518,6219
B0103,08,106,District - Dhaulpur,Total,Matric/secondary but below graduate,105454,76932,28522,41551,39483,2068,17487,12527,4960,7401,6227,1174,46416,24922,21494,9544,6404,3140
B0103,08,106,District - Dhaulpur,Total,Technical diploma or certificate not equal to degree,3176,2728,448,1116,981,135,486,449,37,286,272,14,1574,1298,276,626,541,85
B0103,08,106,District - Dhaulpur,Total,Graduate and above other than technical degree,24826,18271,6555,14001,12857,1144,2390,1932,458,1485,1277,208,8435,3482,4953,3061,1731,1330
B0103,08,106,District - Dhaulpur,Total,Technical degree or diploma equal to degree or post-graduate degree,6769,5560,1209,3725,3379,346,688,608,80,518,474,44,2356,1573,783,1233,867,366
B0103,08,106,District - Dhaulpur,Rural,Total,959066,520930,438136,255700,207441,48259,193650,70134,123516,48804,29611,19193,509716,243355,266361,22303,11104,11199
B0103,08,106,District - Dhaulpur,Rural,Illiterate,428360,176323,252037,85625,52583,33042,80549,9511,71038,15837,4244,11593,262186,114229,147957,5462,866,4596
B0103,08,106,District - Dhaulpur,Rural,Literate,530706,344607,186099,170075,154858,15217,113101,60623,52478,32967,25367,7600,247530,129126,118404,16841,10238,6603
B0103,08,106,District - Dhaulpur,Rural,Literate but below matric/secondary,418028,259190,158838,118511,106957,11554,87752,44079,43673,22189,16500,5689,211765,108154,103611,8570,4328,4242
B0103,08,106,District - Dhaulpur,Rural,Matric/secondary but below graduate,70042,54643,15399,29330,27930,1400,16010,11357,4653,6662,5600,1062,24702,15356,9346,5528,4001,1527
B0103,08,106,District - Dhaulpur,Rural,Technical diploma or certificate not equal to degree,1934,1713,221,603,542,61,441,404,37,254,240,14,890,767,123,368,331,37
B0103,08,106,District - Dhaulpur,Rural,Graduate and above other than technical degree,11146,9468,1678,6815,6478,337,1835,1502,333,1179,1040,139,2496,1488,1008,1132,804,328
B0103,08,106,District - Dhaulpur,Rural,Technical degree or diploma equal to degree or post-graduate degree,3409,3040,369,1910,1823,87,575,511,64,455,420,35,924,706,218,551,429,122
B0103,08,106,District - Dhaulpur,Urban,Total,247450,132717,114733,61917,54238,7679,11945,7297,4648,5174,4058,1116,173588,71182,102406,14913,7363,7550
B0103,08,106,District - Dhaulpur,Urban,Illiterate,95058,41603,53455,16247,12245,4002,4906,2036,2870,1787,1150,637,73905,27322,46583,3289,916,2373
B0103,08,106,District - Dhaulpur,Urban,Literate,152392,91114,61278,45670,41993,3677,7039,5261,1778,3387,2908,479,99683,43860,55823,11624,6447,5177
B0103,08,106,District - Dhaulpur,Urban,Literate but below matric/secondary,91382,52284,39098,20948,19369,1579,4332,3140,1192,2004,1750,254,66102,29775,36327,4167,2190,1977
B0103,08,106,District - Dhaulpur,Urban,Matric/secondary but below graduate,35412,22289,13123,12221,11553,668,1477,1170,307,739,627,112,21714,9566,12148,4016,2403,1613
B0103,08,106,District - Dhaulpur,Urban,Technical diploma or certificate not equal to degree,1242,1015,227,513,439,74,45,45,0,32,32,0,684,531,153,258,210,48
B0103,08,106,District - Dhaulpur,Urban,Graduate and above other than technical degree,13680,8803,4877,7186,6379,807,555,430,125,306,237,69,5939,1994,3945,1929,927,1002
B0103,08,106,District - Dhaulpur,Urban,Technical degree or diploma equal to degree or post-graduate degree,3360,2520,840,1815,1556,259,113,97,16,63,54,9,1432,867,565,682,438,244
B0103,08,107,District - Karauli,Total,Total,1458248,783639,674609,438337,309089,129248,190389,61969,128420,70056,36217,33839,829522,412581,416941,50459,30085,20374
B0103,08,107,District - Karauli,Total,Illiterate,652399,251735,400664,172236,77737,94499,104232,14044,90188,30765,7027,23738,375931,159954,215977,9680,1725,7955
B0103,08,107,District - Karauli,Total,Literate,805849,531904,273945,266101,231352,34749,86157,47925,38232,39291,29190,10101,453591,252627,200964,40779,28360,12419
B0103,08,107,District - Karauli,Total,Literate but below matric/secondary,557519,341929,215590,159417,134103,25314,58894,28848,30046,24104,16625,7479,339208,178978,160230,12426,6654,5772
B0103,08,107,District - Karauli,Total,Matric/secondary but below graduate,146538,113713,32825,55172,51691,3481,14567,10775,3792,7864,6702,1162,76799,51247,25552,15086,11660,3426
B0103,08,107,District - Karauli,Total,Technical diploma or certificate not equal to degree,6379,5503,876,1990,1765,225,630,541,89,480,425,55,3759,3197,562,1758,1505,253
B0103,08,107,District - Karauli,Total,Graduate and above other than technical degree,39609,32248,7361,21839,20281,1558,3758,3171,587,2794,2488,306,14012,8796,5216,6739,5094,1645
B0103,08,107,District - Karauli,Total,Technical degree or diploma equal to degree or post-graduate degree,12715,10815,1900,6674,6137,537,1391,1157,234,1101,941,160,4650,3521,1129,2857,2237,620
B0103,08,107,District - Karauli,Rural,Total,1240143,668185,571958,381060,260398,120662,179317,56805,122512,65497,33188,32309,679766,350982,328784,40082,24968,15114
B0103,08,107,District - Karauli,Rural,Illiterate,568720,218373,350347,158183,68717,89466,98692,12601,86091,28969,6215,22754,311845,137055,174790,7397,1183,6214
B0103,08,107,District - Karauli,Rural,Literate,671423,449812,221611,222877,191681,31196,80625,44204,36421,36528,26973,9555,367921,213927,153994,32685,23785,8900
B0103,08,107,District - Karauli,Rural,Literate but below matric/secondary,479522,297259,182263,140223,116474,23749,55466,26672,28794,22465,15330,7135,283833,154113,129720,9977,5473,4504
B0103,08,107,District - Karauli,Rural,Matric/secondary but below graduate,116095,93514,22581,44265,41339,2926,13556,10014,3542,7340,6260,1080,58274,42161,16113,12548,10004,2544
B0103,08,107,District - Karauli,Rural,Technical diploma or certificate not equal to degree,5160,4524,636,1442,1300,142,590,505,85,453,402,51,3128,2719,409,1525,1324,201
B0103,08,107,District - Karauli,Rural,Graduate and above other than technical degree,27248,24106,3142,15185,14370,815,3361,2885,476,2546,2297,249,8702,6851,1851,5014,4218,796
B0103,08,107,District - Karauli,Rural,Technical degree or diploma equal to degree or post-graduate degree,9413,8293,1120,4886,4566,320,1263,1064,199,1014,877,137,3264,2663,601,2194,1824,370
B0103,08,107,District - Karauli,Urban,Total,218105,115454,102651,57277,48691,8586,11072,5164,5908,4559,3029,1530,149756,61599,88157,10377,5117,5260
B0103,08,107,District - Karauli,Urban,Illiterate,83679,33362,50317,14053,9020,5033,5540,1443,4097,1796,812,984,64086,22899,41187,2283,542,1741
B0103,08,107,District - Karauli,Urban,Literate,134426,82092,52334,43224,39671,3553,5532,3721,1811,2763,2217,546,85670,38700,46970,8094,4575,3519
B0103,08,107,District - Karauli,Urban,Literate but below matric/secondary,77997,44670,33327,19194,17629,1565,3428,2176,1252,1639,1295,344,55375,24865,30510,2449,1181,1268
B0103,08,107,District - Karauli,Urban,Matric/secondary but below graduate,30443,20199,10244,10907,10352,555,1011,761,250,524,442,82,18525,9086,9439,2538,1656,882
B0103,08,107,District - Karauli,Urban,Technical diploma or certificate not equal to degree,1219,979,240,548,465,83,40,36,4,27,23,4,631,478,153,233,181,52
B0103,08,107,District - Karauli,Urban,Graduate and above other than technical degree,12361,8142,4219,6654,5911,743,397,286,111,248,191,57,5310,1945,3365,1725,876,849
B0103,08,107,District - Karauli,Urban,Technical degree or diploma equal to degree or post-graduate degree,3302,2522,780,1788,1571,217,128,93,35,87,64,23,1386,858,528,663,413,250
B0103,08,108,District - Sawai Madhopur,Total,Total,1335551,704031,631520,418555,288638,129917,159513,55164,104349,63477,32708,30769,757483,360229,397254,51909,29004,22905
B0103,08,108,District - Sawai Madhopur,Total,Illiterate,593803,217847,375956,171679,72971,98708,90449,13076,77373,29468,6738,22730,331675,131800,199875,10510,1671,8839
B0103,08,108,District - Sawai Madhopur,Total,Literate,741748,486184,255564,246876,215667,31209,69064,42088,26976,34009,25970,8039,425808,228429,197379,41399,27333,14066
B0103,08,108,District - Sawai Madhopur,Total,Literate but below matric/secondary,496998,306609,190389,143572,123092,20480,46878,26314,20564,21988,16094,5894,306548,157203,149345,13557,6968,6589
B0103,08,108,District - Sawai Madhopur,Total,Matric/secondary but below graduate,126362,94834,31528,44646,41890,2756,9736,7498,2238,5372,4642,730,71980,45446,26534,13437,10014,3423
B0103,08,108,District - Sawai Madhopur,Total,Technical diploma or certificate not equal to degree,5332,4626,706,1678,1514,164,381,329,52,285,245,40,3273,2783,490,1411,1238,173
B0103,08,108,District - Sawai Madhopur,Total,Graduate and above other than technical degree,46102,36171,9931,24990,23010,1980,3645,3114,531,2382,2148,234,17467,10047,7420,7290,5322,1968
B0103,08,108,District - Sawai Madhopur,Total,Technical degree or diploma equal to degree or post-graduate degree,12698,10433,2265,6309,5717,592,1143,994,149,840,755,85,5246,3722,1524,2947,2237,710
B0103,08,108,District - Sawai Madhopur,Rural,Total,1069084,564592,504492,352409,231261,121148,145776,46518,99258,57035,28119,28916,570899,286813,284086,36121,20915,15206
B0103,08,108,District - Sawai Madhopur,Rural,Illiterate,509452,186339,323113,161561,66577,94984,86060,11461,74599,27509,5863,21646,261831,108301,153530,8027,1114,6913
B0103,08,108,District - Sawai Madhopur,Rural,Literate,559632,378253,181379,190848,164684,26164,59716,35057,24659,29526,22256,7270,309068,178512,130556,28094,19801,8293
B0103,08,108,District - Sawai Madhopur,Rural,Literate but below matric/secondary,400234,253512,146722,121746,103163,18583,41937,22638,19299,19574,14047,5527,236551,127711,108840,9694,5069,4625
B0103,08,108,District - Sawai Madhopur,Rural,Matric/secondary but below graduate,85713,68743,16970,31056,29069,1987,8071,6150,1921,4583,3968,615,46586,33524,13062,9319,7397,1922
B0103,08,108,District - Sawai Madhopur,Rural,Technical diploma or certificate not equal to degree,3666,3243,423,985,899,86,328,287,41,254,224,30,2353,2057,296,1071,949,122
B0103,08,108,District - Sawai Madhopur,Rural,Graduate and above other than technical degree,25658,22606,3052,14119,13392,727,2778,2461,317,1976,1841,135,8761,6753,2008,4579,3869,710
B0103,08,108,District - Sawai Madhopur,Rural,Technical degree or diploma equal to degree or post-graduate degree,8034,7055,979,3951,3675,276,957,842,115,747,682,65,3126,2538,588,1986,1651,335
B0103,08,108,District - Sawai Madhopur,Urban,Total,266467,139439,127028,66146,57377,8769,13737,8646,5091,6442,4589,1853,186584,73416,113168,15788,8089,7699
B0103,08,108,District - Sawai Madhopur,Urban,Illiterate,84351,31508,52843,10118,6394,3724,4389,1615,2774,1959,875,1084,69844,23499,46345,2483,557,1926
B0103,08,108,District - Sawai Madhopur,Urban,Literate,182116,107931,74185,56028,50983,5045,9348,7031,2317,4483,3714,769,116740,49917,66823,13305,7532,5773
B0103,08,108,District - Sawai Madhopur,Urban,Literate but below matric/secondary,96764,53097,43667,21826,19929,1897,4941,3676,1265,2414,2047,367,69997,29492,40505,3863,1899,1964
B0103,08,108,District - Sawai Madhopur,Urban,Matric/secondary but below graduate,40649,26091,14558,13590,12821,769,1665,1348,317,789,674,115,25394,11922,13472,4118,2617,1501
B0103,08,108,District - Sawai Madhopur,Urban,Technical diploma or certificate not equal to degree,1666,1383,283,693,615,78,53,42,11,31,21,10,920,726,194,340,289,51
B0103,08,108,District - Sawai Madhopur,Urban,Graduate and above other than technical degree,20444,13565,6879,10871,9618,1253,867,653,214,406,307,99,8706,3294,5412,2711,1453,1258
B0103,08,108,District - Sawai Madhopur,Urban,Technical degree or diploma equal to degree or post-graduate degree,4664,3378,1286,2358,2042,316,186,152,34,93,73,20,2120,1184,936,961,586,375
B0103,08,109,District - Dausa,Total,Total,1634409,857787,776622,506214,337934,168280,178281,60217,118064,71632,36996,34636,949914,459636,490278,64029,35930,28099
B0103,08,109,District - Dausa,Total,Illiterate,696358,260852,435506,202252,79805,122447,91108,11736,79372,29238,6036,23202,402998,169311,233687,11527,1683,9844
B0103,08,109,District - Dausa,Total,Literate,938051,596935,341116,303962,258129,45833,87173,48481,38692,42394,30960,11434,546916,290325,256591,52502,34247,18255
B0103,08,109,District - Dausa,Total,Literate but below matric/secondary,618049,360488,257561,166488,134456,32032,55548,26542,29006,24109,16126,7983,396013,199490,196523,15766,7486,8280
B0103,08,109,District - Dausa,Total,Matric/secondary but below graduate,186476,138815,47661,67249,62484,4765,17155,12416,4739,9600,8009,1591,102072,63915,38157,20597,15074,5523
B0103,08,109,District - Dausa,Total,Technical diploma or certificate not equal to degree,5015,4127,888,1452,1269,183,459,386,73,356,311,45,3104,2472,632,1457,1180,277
B0103,08,109,District - Dausa,Total,Graduate and above other than technical degree,56845,46284,10561,32076,29997,2079,5099,4332,767,3729,3337,392,19670,11955,7715,8949,6754,2195
B0103,08,109,District - Dausa,Total,Technical degree or diploma equal to degree or post-graduate degree,12844,10618,2226,6410,5859,551,1334,1097,237,1062,897,165,5100,3662,1438,2953,2213,740
B0103,08,109,District - Dausa,Rural,Total,1432616,751900,680716,454752,293484,161268,171157,56099,115058,68446,34753,33693,806707,402317,404390,52471,30162,22309
B0103,08,109,District - Dausa,Rural,Illiterate,635833,238162,397671,194621,75273,119348,88797,11126,77671,28414,5741,22673,352415,151763,200652,9873,1362,8511
B0103,08,109,District - Dausa,Rural,Literate,796783,513738,283045,260131,218211,41920,82360,44973,37387,40032,29012,11020,454292,250554,203738,42598,28800,13798
B0103,08,109,District - Dausa,Rural,Literate but below matric/secondary,550878,324851,226027,153233,122588,30645,53343,25026,28317,23027,15237,7790,344302,177237,167065,13310,6368,6942
B0103,08,109,District - Dausa,Rural,Matric/secondary but below graduate,152003,117426,34577,56571,52418,4153,16161,11628,4533,9091,7566,1525,79271,53380,25891,17369,13116,4253
B0103,08,109,District - Dausa,Rural,Technical diploma or certificate not equal to degree,3967,3302,665,1021,897,124,430,362,68,340,297,43,2516,2043,473,1261,1033,228
B0103,08,109,District - Dausa,Rural,Graduate and above other than technical degree,38733,33978,4755,22251,21105,1146,4542,3903,639,3453,3116,337,11940,8970,2970,6621,5467,1154
B0103,08,109,District - Dausa,Rural,Technical degree or diploma equal to degree or post-graduate degree,9258,7942,1316,4530,4213,317,1220,1011,209,1004,854,150,3508,2718,790,2247,1779,468
B0103,08,109,District - Dausa,Urban,Total,201793,105887,95906,51462,44450,7012,7124,4118,3006,3186,2243,943,143207,57319,85888,11558,5768,5790
B0103,08,109,District - Dausa,Urban,Illiterate,60525,22690,37835,7631,4532,3099,2311,610,1701,824,295,529,50583,17548,33035,1654,321,1333
B0103,08,109,District - Dausa,Urban,Literate,141268,83197,58071,43831,39918,3913,4813,3508,1305,2362,1948,414,92624,39771,52853,9904,5447,4457
B0103,08,109,District - Dausa,Urban,Literate but below matric/secondary,67171,35637,31534,13255,11868,1387,2205,1516,689,1082,889,193,51711,22253,29458,2456,1118,1338
B0103,08,109,District - Dausa,Urban,Matric/secondary but below graduate,34473,21389,13084,10678,10066,612,994,788,206,509,443,66,22801,10535,12266,3228,1958,1270
B0103,08,109,District - Dausa,Urban,Technical diploma or certificate not equal to degree,1048,825,223,431,372,59,29,24,5,16,14,2,588,429,159,196,147,49
B0103,08,109,District - Dausa,Urban,Graduate and above other than technical degree,18112,12306,5806,9825,8892,933,557,429,128,276,221,55,7730,2985,4745,2328,1287,1041
B0103,08,109,District - Dausa,Urban,Technical degree or diploma equal to degree or post-graduate degree,3586,2676,910,1880,1646,234,114,86,28,58,43,15,1592,944,648,706,434,272
B0103,08,110,District - Jaipur,Total,Total,6626178,3468507,3157671,2060010,1564365,495645,404883,150582,254301,163594,83005,80589,4161285,1753560,2407725,258432,125706,132726
B0103,08,110,District - Jaipur,Total,Illiterate,2325213,913714,1411499,566904,270915,295989,197459,33443,164016,71021,17710,53311,1560850,609356,951494,41948,8003,33945
B0103,08,110,District - Jaipur,Total,Literate,4300965,2554793,1746172,1493106,1293450,199656,207424,117139,90285,92573,65295,27278,2600435,1144204,1456231,216484,117703,98781
B0103,08,110,District - Jaipur,Total,Literate but below matric/secondary,2476875,1378484,1098391,678274,573971,104303,133909,67545,66364,55932,37019,18913,1664692,736968,927724,67256,28968,38288
B0103,08,110,District - Jaipur,Total,Matric/secondary but below graduate,1018710,663325,355385,387565,359070,28495,45085,30631,14454,20744,16424,4320,586060,273624,312436,73226,45598,27628
B0103,08,110,District - Jaipur,Total,Technical diploma or certificate not equal to degree,16586,12872,3714,7929,6637,1292,551,450,101,359,299,60,8106,5785,2321,2398,1884,514
B0103,08,110,District - Jaipur,Total,Graduate and above other than technical degree,595885,379136,216749,326276,279197,47079,17358,12501,4857,10158,7937,2221,252251,87438,164813,54193,29702,24491
B0103,08,110,District - Jaipur,Total,Technical degree or diploma equal to degree or post-graduate degree,100415,69598,30817,53841,43066,10775,3525,2576,949,2430,1890,540,43049,23956,19093,14685,9126,5559
B0103,08,110,District - Jaipur,Rural,Total,3154331,1642924,1511407,1027041,686668,340373,319618,100783,218835,125623,57607,68016,1807672,855473,952199,106985,55843,51142
B0103,08,110,District - Jaipur,Rural,Illiterate,1346727,500591,846136,409661,164962,244699,169104,22250,146854,59510,12056,47454,767962,313379,454583,20286,2444,17842
B0103,08,110,District - Jaipur,Rural,Literate,1807604,1142333,665271,617380,521706,95674,150514,78533,71981,66113,45551,20562,1039710,542094,497616,86699,53399,33300
B0103,08,110,District - Jaipur,Rural,Literate but below matric/secondary,1258036,732827,525209,378752,305373,73379,103229,46946,56283,41471,26040,15431,776055,380508,395547,27667,11400,16267
B0103,08,110,District - Jaipur,Rural,Matric/secondary but below graduate,381283,279165,102118,149753,137479,12274,31802,20983,10819,14662,11671,2991,199728,120703,79025,33821,23566,10255
B0103,08,110,District - Jaipur,Rural,Technical diploma or certificate not equal to degree,5647,4809,838,1923,1739,184,365,310,55,267,232,35,3359,2760,599,1364,1155,209
B0103,08,110,District - Jaipur,Rural,Graduate and above other than technical degree,106703,87599,19104,59488,55161,4327,8806,7009,1797,6182,5265,917,38409,25429,12980,16955,12559,4396
B0103,08,110,District - Jaipur,Rural,Technical degree or diploma equal to degree or post-graduate degree,21208,17343,3865,10389,9427,962,1991,1590,401,1640,1349,291,8828,6326,2502,5016,3636,1380
B0103,08,110,District - Jaipur,Urban,Total,3471847,1825583,1646264,1032969,877697,155272,85265,49799,35466,37971,25398,12573,2353613,898087,1455526,151447,69863,81584
B0103,08,110,District - Jaipur,Urban,Illiterate,978486,413123,565363,157243,105953,51290,28355,11193,17162,11511,5654,5857,792888,295977,496911,21662,5559,16103
B0103,08,110,District - Jaipur,Urban,Literate,2493361,1412460,1080901,875726,771744,103982,56910,38606,18304,26460,19744,6716,1560725,602110,958615,129785,64304,65481
B0103,08,110,District - Jaipur,Urban,Literate but below matric/secondary,1218839,645657,573182,299522,268598,30924,30680,20599,10081,14461,10979,3482,888637,356460,532177,39589,17568,22021
B0103,08,110,District - Jaipur,Urban,Matric/secondary but below graduate,637427,384160,253267,237812,221591,16221,13283,9648,3635,6082,4753,1329,386332,152921,233411,39405,22032,17373
B0103,08,110,District - Jaipur,Urban,Technical diploma or certificate not equal to degree,10939,8063,2876,6006,4898,1108,186,140,46,92,67,25,4747,3025,1722,1034,729,305
B0103,08,110,District - Jaipur,Urban,Graduate and above other than technical degree,489182,291537,197645,266788,224036,42752,8552,5492,3060,3976,2672,1304,213842,62009,151833,37238,17143,20095
B0103,08,110,District - Jaipur,Urban,Technical degree or diploma equal to degree or post-graduate degree,79207,52255,26952,43452,33639,9813,1534,986,548,790,541,249,34221,17630,16591,9669,5490,4179
B0103,08,111,District - Sikar,Total,Total,2677333,1374990,1302343,698711,546178,152533,307793,111676,196117,104935,63102,41833,1670829,717136,953693,112925,61213,51712
B0103,08,111,District - Sikar,Total,Illiterate,1025216,379715,645501,192363,102757,89606,133668,21346,112322,32217,10824,21393,699185,255612,443573,16676,3044,13632
B0103,08,111,District - Sikar,Total,Literate,1652117,995275,656842,506348,443421,62927,174125,90330,83795,72718,52278,20440,971644,461524,510120,96249,58169,38080
B0103,08,111,District - Sikar,Total,Literate but below matric/secondary,1070921,598464,472457,279425,239539,39886,108843,50158,58685,39100,27499,11601,682653,308767,373886,26757,12683,14074
B0103,08,111,District - Sikar,Total,Matric/secondary but below graduate,391309,268918,122391,134304,124162,10142,43069,27432,15637,21170,16099,5071,213936,117324,96612,44345,29661,14684
B0103,08,111,District - Sikar,Total,Technical diploma or certificate not equal to degree,6141,4744,1397,2179,1719,460,560,410,150,365,267,98,3402,2615,787,1518,1180,338
B0103,08,111,District - Sikar,Total,Graduate and above other than technical degree,101955,75748,26207,54665,48975,5690,10060,7089,2971,6984,5232,1752,37230,19684,17546,16151,10360,5791
B0103,08,111,District - Sikar,Total,Technical degree or diploma equal to degree or post-graduate degree,21818,15430,6388,10204,8553,1651,2619,1605,1014,2051,1285,766,8995,5272,3723,5080,3069,2011
B0103,08,111,District - Sikar,Rural,Total,2043427,1047469,995958,541865,405765,136100,283435,95484,187951,93898,54282,39616,1218127,546220,671907,86883,47185,39698
B0103,08,111,District - Sikar,Rural,Illiterate,802592,292686,509906,164133,81430,82703,125465,17748,107717,28965,8775,20190,512994,193508,319486,12369,1784,10585
B0103,08,111,District - Sikar,Rural,Literate,1240835,754783,486052,377732,324335,53397,157970,77736,80234,64933,45507,19426,705133,352712,352421,74514,45401,29113
B0103,08,111,District - Sikar,Rural,Literate but below matric/secondary,819002,460440,358562,215864,180060,35804,98619,42374,56245,34150,23150,11000,504519,238006,266513,19750,8902,10848
B0103,08,111,District - Sikar,Rural,Matric/secondary but below graduate,296057,207475,88582,100846,92372,8474,39732,24622,15110,19539,14654,4885,155479,90481,64998,36541,24591,11950
B0103,08,111,District - Sikar,Rural,Technical diploma or certificate not equal to degree,4481,3408,1073,1462,1132,330,499,357,142,329,233,96,2520,1919,601,1218,937,281
B0103,08,111,District - Sikar,Rural,Graduate and above other than technical degree,64290,49910,14380,33699,30334,3365,8917,6166,2751,6396,4755,1641,21674,13410,8264,11578,7792,3786
B0103,08,111,District - Sikar,Rural,Technical degree or diploma equal to degree or post-graduate degree,15242,10970,4272,6874,5847,1027,2404,1449,955,1934,1202,732,5964,3674,2290,3790,2357,1433
B0103,08,111,District - Sikar,Urban,Total,633906,327521,306385,156846,140413,16433,24358,16192,8166,11037,8820,2217,452702,170916,281786,26042,14028,12014
B0103,08,111,District - Sikar,Urban,Illiterate,222624,87029,135595,28230,21327,6903,8203,3598,4605,3252,2049,1203,186191,62104,124087,4307,1260,3047
B0103,08,111,District - Sikar,Urban,Literate,411282,240492,170790,128616,119086,9530,16155,12594,3561,7785,6771,1014,266511,108812,157699,21735,12768,8967
B0103,08,111,District - Sikar,Urban,Literate but below matric/secondary,251919,138024,113895,63561,59479,4082,10224,7784,2440,4950,4349,601,178134,70761,107373,7007,3781,3226
B0103,08,111,District - Sikar,Urban,Matric/secondary but below graduate,95252,61443,33809,33458,31790,1668,3337,2810,527,1631,1445,186,58457,26843,31614,7804,5070,2734
B0103,08,111,District - Sikar,Urban,Technical diploma or certificate not equal to degree,1660,1336,324,717,587,130,61,53,8,36,34,2,882,696,186,300,243,57
B0103,08,111,District - Sikar,Urban,Graduate and above other than technical degree,37665,25838,11827,20966,18641,2325,1143,923,220,588,477,111,15556,6274,9282,4573,2568,2005
B0103,08,111,District - Sikar,Urban,Technical degree or diploma equal to degree or post-graduate degree,6576,4460,2116,3330,2706,624,215,156,59,117,83,34,3031,1598,1433,1290,712,578
B0103,08,112,District - Nagaur,Total,Total,3307743,1696325,1611418,985927,696079,289848,439955,160952,279003,199055,96723,102332,1881861,839294,1042567,108250,53967,54283
B0103,08,112,District - Nagaur,Total,Illiterate,1549119,593575,955544,409726,198692,211034,247361,50787,196574,101437,28177,73260,892032,344096,547936,26396,5201,21195
B0103,08,112,District - Nagaur,Total,Literate,1758624,1102750,655874,576201,497387,78814,192594,110165,82429,97618,68546,29072,989829,495198,494631,81854,48766,33088
B0103,08,112,District - Nagaur,Total,Literate but below matric/secondary,1247091,733769,513322,352753,295658,57095,134191,70523,63668,65522,43366,22156,760147,367588,392559,33444,15815,17629
B0103,08,112,District - Nagaur,Total,Matric/secondary but below graduate,318598,235168,83430,125122,116677,8445,31518,23761,7757,18354,15316,3038,161958,94730,67228,32485,22592,9893
B0103,08,112,District - Nagaur,Total,Technical diploma or certificate not equal to degree,4221,3384,837,1757,1477,280,278,232,46,201,167,34,2186,1675,511,904,701,203
B0103,08,112,District - Nagaur,Total,Graduate and above other than technical degree,68747,53885,14862,40484,37207,3277,5633,4534,1099,3694,3153,541,22630,12144,10486,7907,5374,2533
B0103,08,112,District - Nagaur,Total,Technical degree or diploma equal to degree or post-graduate degree,19024,15210,3814,10554,9440,1114,1789,1361,428,1368,1080,288,6681,4409,2272,3458,2418,1040
B0103,08,112,District - Nagaur,Rural,Total,2670539,1368771,1301768,824159,552197,271962,414071,146844,267227,188047,89342,98705,1432309,669730,762579,81982,41497,40485
B0103,08,112,District - Nagaur,Rural,Illiterate,1295118,493534,801584,370789,169206,201583,236417,47173,189244,97398,26402,70996,687912,277155,410757,19402,3353,16049
B0103,08,112,District - Nagaur,Rural,Literate,1375421,875237,500184,453370,382991,70379,177654,99671,77983,90649,62940,27709,744397,392575,351822,62580,38144,24436
B0103,08,112,District - Nagaur,Rural,Literate but below matric/secondary,996612,594275,402337,288049,235182,52867,124435,63903,60532,61091,39832,21259,584128,295190,288938,24922,11605,13317
B0103,08,112,District - Nagaur,Rural,Matric/secondary but below graduate,237345,181301,56044,93338,86462,6876,28562,21446,7116,16926,14111,2815,115445,73393,42052,26301,18819,7482
B0103,08,112,District - Nagaur,Rural,Technical diploma or certificate not equal to degree,3073,2470,603,1187,999,188,243,203,40,180,150,30,1643,1268,375,727,567,160
B0103,08,112,District - Nagaur,Rural,Graduate and above other than technical degree,41088,34326,6762,24561,22770,1791,4700,3829,871,3230,2780,450,11827,7727,4100,5271,3848,1423
B0103,08,112,District - Nagaur,Rural,Technical degree or diploma equal to degree or post-graduate degree,13242,11084,2158,7489,6845,644,1554,1188,366,1222,972,250,4199,3051,1148,2517,1852,665
B0103,08,112,District - Nagaur,Urban,Total,637204,327554,309650,161768,143882,17886,25884,14108,11776,11008,7381,3627,449552,169564,279988,26268,12470,13798
B0103,08,112,District - Nagaur,Urban,Illiterate,254001,100041,153960,38937,29486,9451,10944,3614,7330,4039,1775,2264,204120,66941,137179,6994,1848,5146
B0103,08,112,District - Nagaur,Urban,Literate,383203,227513,155690,122831,114396,8435,14940,10494,4446,6969,5606,1363,245432,102623,142809,19274,10622,8652
B0103,08,112,District - Nagaur,Urban,Literate but below matric/secondary,250479,139494,110985,64704,60476,4228,9756,6620,3136,4431,3534,897,176019,72398,103621,8522,4210,4312
B0103,08,112,District - Nagaur,Urban,Matric/secondary but below graduate,81253,53867,27386,31784,30215,1569,2956,2315,641,1428,1205,223,46513,21337,25176,6184,3773,2411
B0103,08,112,District - Nagaur,Urban,Technical diploma or certificate not equal to degree,1148,914,234,570,478,92,35,29,6,21,17,4,543,407,136,177,134,43
B0103,08,112,District - Nagaur,Urban,Graduate and above other than technical degree,27659,19559,8100,15923,14437,1486,933,705,228,464,373,91,10803,4417,6386,2636,1526,1110
B0103,08,112,District - Nagaur,Urban,Technical degree or diploma equal to degree or post-graduate degree,5782,4126,1656,3065,2595,470,235,173,62,146,108,38,2482,1358,1124,941,566,375
B0103,08,113,District - Jodhpur,Total,Total,3687165,1923928,1763237,1056479,803328,253151,433262,161775,271487,192586,91869,100717,2197424,958825,1238599,111508,50747,60761
B0103,08,113,District - Jodhpur,Total,Illiterate,1655633,658175,997458,366665,195153,171512,251085,53340,197745,103507,29221,74286,1037883,409682,628201,29788,5510,24278
B0103,08,113,District - Jodhpur,Total,Literate,2031532,1265753,765779,689814,608175,81639,182177,108435,73742,89079,62648,26431,1159541,549143,610398,81720,45237,36483
B0103,08,113,District - Jodhpur,Total,Literate but below matric/secondary,1366025,814453,551572,383105,332394,50711,135147,74744,60403,64540,43265,21275,847773,407315,440458,34037,16467,17570
B0103,08,113,District - Jodhpur,Total,Matric/secondary but below graduate,380518,270987,109531,162566,153267,9299,27641,21526,6115,15200,12855,2345,190311,96194,94117,25937,17421,8516
B0103,08,113,District - Jodhpur,Total,Technical diploma or certificate not equal to degree,7864,6233,1631,4255,3652,603,332,273,59,193,166,27,3277,2308,969,898,678,220
B0103,08,113,District - Jodhpur,Total,Graduate and above other than technical degree,159706,102634,57072,87013,74980,12033,7024,5054,1970,3473,2618,855,65669,22600,43069,13427,6679,6748
B0103,08,113,District - Jodhpur,Total,Technical degree or diploma equal to degree or post-graduate degree,30988,22083,8905,17092,14066,3026,1437,1070,367,829,643,186,12459,6947,5512,3946,2428,1518
B0103,08,113,District - Jodhpur,Rural,Total,2422551,1260328,1162223,690911,486462,204449,388623,134680,253943,174848,79402,95446,1343017,639186,703831,59229,26544,32685
B0103,08,113,District - Jodhpur,Rural,Illiterate,1264211,494629,769582,307340,151737,155603,236988,46883,190105,98078,25945,72133,719883,296009,423874,20837,3090,17747
B0103,08,113,District - Jodhpur,Rural,Literate,1158340,765699,392641,383571,334725,48846,151635,87797,63838,76770,53457,23313,623134,343177,279957,38392,23454,14938
B0103,08,113,District - Jodhpur,Rural,Literate but below matric/secondary,921064,575962,345102,269225,229217,40008,119147,64039,55108,58082,38183,19899,532692,282706,249986,21113,10400,10713
B0103,08,113,District - Jodhpur,Rural,Matric/secondary but below graduate,160685,132738,27947,74201,70053,4148,20883,16593,4290,12417,10689,1728,65601,46092,19509,12020,9378,2642
B0103,08,113,District - Jodhpur,Rural,Technical diploma or certificate not equal to degree,2334,1974,360,1082,969,113,169,142,27,117,103,14,1083,863,220,393,322,71
B0103,08,113,District - Jodhpur,Rural,Graduate and above other than technical degree,27586,23635,3951,17041,16020,1021,2667,2224,443,1769,1578,191,7878,5391,2487,2662,2042,620
B0103,08,113,District - Jodhpur,Rural,Technical degree or diploma equal to degree or post-graduate degree,6843,6011,832,4444,4145,299,622,514,108,457,395,62,1777,1352,425,809,632,177
B0103,08,113,District - Jodhpur,Urban,Total,1264614,663600,601014,365568,316866,48702,44639,27095,17544,17738,12467,5271,854407,319639,534768,52279,24203,28076
B0103,08,113,District - Jodhpur,Urban,Illiterate,391422,163546,227876,59325,43416,15909,14097,6457,7640,5429,3276,2153,318000,113673,204327,8951,2420,6531
B0103,08,113,District - Jodhpur,Urban,Literate,873192,500054,373138,306243,273450,32793,30542,20638,9904,12309,9191,3118,536407,205966,330441,43328,21783,21545
B0103,08,113,District - Jodhpur,Urban,Literate but below matric/secondary,444961,238491,206470,113880,103177,10703,16000,10705,5295,6458,5082,1376,315081,124609,190472,12924,6067,6857
B0103,08,113,District - Jodhpur,Urban,Matric/secondary but below graduate,219833,138249,81584,88365,83214,5151,6758,4933,1825,2783,2166,617,124710,50102,74608,13917,8043,5874
B0103,08,113,District - Jodhpur,Urban,Technical diploma or certificate not equal to degree,5530,4259,1271,3173,2683,490,163,131,32,76,63,13,2194,1445,749,505,356,149
B0103,08,113,District - Jodhpur,Urban,Graduate and above other than technical degree,132120,78999,53121,69972,58960,11012,4357,2830,1527,1704,1040,664,57791,17209,40582,10765,4637,6128
B0103,08,113,District - Jodhpur,Urban,Technical degree or diploma equal to degree or post-graduate degree,24145,16072,8073,12648,9921,2727,815,556,259,372,248,124,10682,5595,5087,3137,1796,1341
B0103,08,114,District - Jaisalmer,Total,Total,669919,361708,308211,175383,137757,37626,113520,44808,68712,57619,28130,29489,381016,179143,201873,17830,6775,11055
B0103,08,114,District - Jaisalmer,Total,Illiterate,361266,151293,209973,70053,41836,28217,71537,17808,53729,34638,11049,23589,219676,91649,128027,7367,1024,6343
B0103,08,114,District - Jaisalmer,Total,Literate,308653,210415,98238,105330,95921,9409,41983,27000,14983,22981,17081,5900,161340,87494,73846,10463,5751,4712
B0103,08,114,District - Jaisalmer,Total,Literate but below matric/secondary,238486,155851,82635,66892,59917,6975,34561,21539,13022,18793,13753,5040,137033,74395,62638,6120,2960,3160
B0103,08,114,District - Jaisalmer,Total,Matric/secondary but below graduate,42072,34613,7459,23075,22214,861,3630,3033,597,2024,1804,220,15367,9366,6001,2484,1813,671
B0103,08,114,District - Jaisalmer,Total,Technical diploma or certificate not equal to degree,711,589,122,455,390,65,27,20,7,12,7,5,229,179,50,76,58,18
B0103,08,114,District - Jaisalmer,Total,Graduate and above other than technical degree,11191,8644,2547,7381,6798,583,671,557,114,395,345,50,3139,1289,1850,995,529,466
B0103,08,114,District - Jaisalmer,Total,Technical degree or diploma equal to degree or post-graduate degree,2135,1785,350,1350,1230,120,192,162,30,139,120,19,593,393,200,261,186,75
B0103,08,114,District - Jaisalmer,Rural,Total,580894,312447,268447,148023,112848,35175,110006,42671,67335,55966,27092,28874,322865,156928,165937,14249,5305,8944
B0103,08,114,District - Jaisalmer,Rural,Illiterate,331605,139094,192511,66169,38892,27277,70010,17182,52828,33924,10740,23184,195426,83020,112406,6528,889,5639
B0103,08,114,District - Jaisalmer,Rural,Literate,249289,173353,75936,81854,73956,7898,39996,25489,14507,22042,16352,5690,127439,73908,53531,7721,4416,3305
B0103,08,114,District - Jaisalmer,Rural,Literate but below matric/secondary,205953,137585,68368,58670,52198,6472,33376,20634,12742,18182,13265,4917,113907,64753,49154,5165,2500,2665
B0103,08,114,District - Jaisalmer,Rural,Matric/secondary but below graduate,25377,22425,2952,13610,13116,494,3191,2685,506,1849,1664,185,8576,6624,1952,1602,1319,283
B0103,08,114,District - Jaisalmer,Rural,Technical diploma or certificate not equal to degree,442,382,60,281,241,40,22,18,4,10,6,4,139,123,16,45,39,6
B0103,08,114,District - Jaisalmer,Rural,Graduate and above other than technical degree,5025,4492,533,3527,3376,151,484,426,58,318,296,22,1014,690,324,397,308,89
B0103,08,114,District - Jaisalmer,Rural,Technical degree or diploma equal to degree or post-graduate degree,1129,1030,99,740,706,34,147,131,16,116,105,11,242,193,49,119,99,20
B0103,08,114,District - Jaisalmer,Urban,Total,89025,49261,39764,27360,24909,2451,3514,2137,1377,1653,1038,615,58151,22215,35936,3581,1470,2111
B0103,08,114,District - Jaisalmer,Urban,Illiterate,29661,12199,17462,3884,2944,940,1527,626,901,714,309,405,24250,8629,15621,839,135,704
B0103,08,114,District - Jaisalmer,Urban,Literate,59364,37062,22302,23476,21965,1511,1987,1511,476,939,729,210,33901,13586,20315,2742,1335,1407
B0103,08,114,District - Jaisalmer,Urban,Literate but below matric/secondary,32533,18266,14267,8222,7719,503,1185,905,280,611,488,123,23126,9642,13484,955,460,495
B0103,08,114,District - Jaisalmer,Urban,Matric/secondary but below graduate,16695,12188,4507,9465,9098,367,439,348,91,175,140,35,6791,2742,4049,882,494,388
B0103,08,114,District - Jaisalmer,Urban,Technical diploma or certificate not equal to degree,269,207,62,174,149,25,5,2,3,2,1,1,90,56,34,31,19,12
B0103,08,114,District - Jaisalmer,Urban,Graduate and above other than technical degree,6166,4152,2014,3854,3422,432,187,131,56,77,49,28,2125,599,1526,598,221,377
B0103,08,114,District - Jaisalmer,Urban,Technical degree or diploma equal to degree or post-graduate degree,1006,755,251,610,524,86,45,31,14,23,15,8,351,200,151,142,87,55
B0103,08,115,District - Barmer,Total,Total,2603751,1369022,1234729,741367,526455,214912,461115,169785,291330,220670,104040,116630,1401269,672782,728487,57046,25301,31745
B0103,08,115,District - Barmer,Total,Illiterate,1415429,585561,829868,350605,185635,164970,283210,64722,218488,126568,38517,88051,781614,335204,446410,19266,3456,15810
B0103,08,115,District - Barmer,Total,Literate,1188322,783461,404861,390762,340820,49942,177905,105063,72842,94102,65523,28579,619655,337578,282077,37780,21845,15935
B0103,08,115,District - Barmer,Total,Literate but below matric/secondary,956003,612175,343828,277866,240378,37488,143599,82916,60683,73751,50932,22819,534538,288881,245657,21097,10975,10122
B0103,08,115,District - Barmer,Total,Matric/secondary but below graduate,131379,101406,29973,58441,54055,4386,15652,11699,3953,9805,7819,1986,57286,35652,21634,11245,7771,3474
B0103,08,115,District - Barmer,Total,Technical diploma or certificate not equal to degree,2491,1824,667,1305,1039,266,176,117,59,123,87,36,1010,668,342,380,244,136
B0103,08,115,District - Barmer,Total,Graduate and above other than technical degree,30125,23612,6513,19882,18051,1831,2322,1892,430,1621,1374,247,7921,3669,4252,2600,1537,1063
B0103,08,115,District - Barmer,Total,Technical degree or diploma equal to degree or post-graduate degree,7995,6741,1254,5267,4766,501,798,687,111,652,570,82,1930,1288,642,1026,722,304
B0103,08,115,District - Barmer,Rural,Total,2421914,1273249,1148665,690877,480080,210797,456487,166958,289529,218354,102387,115967,1274550,626211,648339,48701,21833,26868
B0103,08,115,District - Barmer,Rural,Illiterate,1355249,562374,792875,344335,180700,163635,281523,63955,217568,125794,38056,87738,729391,317719,411672,17519,3100,14419
B0103,08,115,District - Barmer,Rural,Literate,1066665,710875,355790,346542,299380,47162,174964,103003,71961,92560,64331,28229,545159,308492,236667,31182,18733,12449
B0103,08,115,District - Barmer,Rural,Literate but below matric/secondary,885569,573956,311613,259594,223125,36469,141857,81701,60156,72814,50177,22637,484118,269130,214988,18753,9945,8808
B0103,08,115,District - Barmer,Rural,Matric/secondary but below graduate,100128,80033,20095,43839,40001,3838,15043,11246,3797,9507,7588,1919,41246,28786,12460,8885,6496,2389
B0103,08,115,District - Barmer,Rural,Technical diploma or certificate not equal to degree,1881,1355,526,963,755,208,153,99,54,109,74,35,765,501,264,287,181,106
B0103,08,115,District - Barmer,Rural,Graduate and above other than technical degree,17811,15226,2585,12197,11123,1074,2028,1711,317,1464,1282,182,3586,2392,1194,1423,1083,340
B0103,08,115,District - Barmer,Rural,Technical degree or diploma equal to degree or post-graduate degree,5716,5114,602,3866,3604,262,730,632,98,600,528,72,1120,878,242,620,509,111
B0103,08,115,District - Barmer,Urban,Total,181837,95773,86064,50490,46375,4115,4628,2827,1801,2316,1653,663,126719,46571,80148,8345,3468,4877
B0103,08,115,District - Barmer,Urban,Illiterate,60180,23187,36993,6270,4935,1335,1687,767,920,774,461,313,52223,17485,34738,1747,356,1391
B0103,08,115,District - Barmer,Urban,Literate,121657,72586,49071,44220,41440,2780,2941,2060,881,1542,1192,350,74496,29086,45410,6598,3112,3486
B0103,08,115,District - Barmer,Urban,Literate but below matric/secondary,70434,38219,32215,18272,17253,1019,1742,1215,527,937,755,182,50420,19751,30669,2344,1030,1314
B0103,08,115,District - Barmer,Urban,Matric/secondary but below graduate,31251,21373,9878,14602,14054,548,609,453,156,298,231,67,16040,6866,9174,2360,1275,1085
B0103,08,115,District - Barmer,Urban,Technical diploma or certificate not equal to degree,610,469,141,342,284,58,23,18,5,14,13,1,245,167,78,93,63,30
B0103,08,115,District - Barmer,Urban,Graduate and above other than technical degree,12314,8386,3928,7685,6928,757,294,181,113,157,92,65,4335,1277,3058,1177,454,723
B0103,08,115,District - Barmer,Urban,Technical degree or diploma equal to degree or post-graduate degree,2279,1627,652,1401,1162,239,68,55,13,52,42,10,810,410,400,406,213,193
B0103,08,116,District - Jalor,Total,Total,1828730,936634,892096,660719,427864,232855,235925,67042,168883,75927,27979,47948,932086,441728,490358,36407,15039,21368
B0103,08,116,District - Jalor,Total,Illiterate,999148,392711,606437,342087,156739,185348,141587,20387,121200,45112,9436,35676,515474,215585,299889,12940,2073,10867
B0103,08,116,District - Jalor,Total,Literate,829582,543923,285659,318632,271125,47507,94338,46655,47683,30815,18543,12272,416612,226143,190469,23467,12966,10501
B0103,08,116,District - Jalor,Total,Literate but below matric/secondary,671837,428139,243698,235805,198202,37603,75792,35737,40055,22596,13063,9533,360240,194200,166040,13187,6189,6998
B0103,08,116,District - Jalor,Total,Matric/secondary but below graduate,79643,61196,18447,36916,34151,2765,8041,5666,2375,3460,2610,850,34686,21379,13307,6529,4517,2012
B0103,08,116,District - Jalor,Total,Technical diploma or certificate not equal to degree,1319,922,397,730,533,197,94,61,33,62,43,19,495,328,167,193,123,70
B0103,08,116,District - Jalor,Total,Graduate and above other than technical degree,16709,13630,3079,11452,10485,967,996,831,165,652,567,85,4261,2314,1947,1460,1012,448
B0103,08,116,District - Jalor,Total,Technical degree or diploma equal to degree or post-graduate degree,5287,4667,620,3746,3457,289,423,354,69,317,272,45,1118,856,262,578,453,125
B0103,08,116,District - Jalor,Rural,Total,1676975,857619,819356,617648,391398,226250,228840,64453,164387,72847,26507,46340,830487,401768,428719,30422,12505,17917
B0103,08,116,District - Jalor,Rural,Illiterate,939300,370212,569088,331890,150461,181429,137578,19535,118043,43372,8917,34455,469832,200216,269616,11376,1855,9521
B0103,08,116,District - Jalor,Rural,Literate,737675,487407,250268,285758,240937,44821,91262,44918,46344,29475,17590,11885,360655,201552,159103,19046,10650,8396
B0103,08,116,District - Jalor,Rural,Literate but below matric/secondary,612126,393640,218486,218459,182212,36247,73729,34670,39059,21708,12463,9245,319938,176758,143180,11356,5434,5922
B0103,08,116,District - Jalor,Rural,Matric/secondary but below graduate,61233,48466,12767,29140,26755,2385,7548,5306,2242,3236,2414,822,24545,16405,8140,4992,3568,1424
B0103,08,116,District - Jalor,Rural,Technical diploma or certificate not equal to degree,973,666,307,544,390,154,85,55,30,56,40,16,344,221,123,133,81,52
B0103,08,116,District - Jalor,Rural,Graduate and above other than technical degree,10311,9017,1294,7405,6911,494,841,718,123,573,508,65,2065,1388,677,868,674,194
B0103,08,116,District - Jalor,Rural,Technical degree or diploma equal to degree or post-graduate degree,3888,3560,328,2853,2687,166,381,321,60,296,255,41,654,552,102,382,321,61
B0103,08,116,District - Jalor,Urban,Total,151755,79015,72740,43071,36466,6605,7085,2589,4496,3080,1472,1608,101599,39960,61639,5985,2534,3451
B0103,08,116,District - Jalor,Urban,Illiterate,59848,22499,37349,10197,6278,3919,4009,852,3157,1740,519,1221,45642,15369,30273,1564,218,1346
B0103,08,116,District - Jalor,Urban,Literate,91907,56516,35391,32874,30188,2686,3076,1737,1339,1340,953,387,55957,24591,31366,4421,2316,2105
B0103,08,116,District - Jalor,Urban,Literate but below matric/secondary,59711,34499,25212,17346,15990,1356,2063,1067,996,888,600,288,40302,17442,22860,1831,755,1076
B0103,08,116,District - Jalor,Urban,Matric/secondary but below graduate,18410,12730,5680,7776,7396,380,493,360,133,224,196,28,10141,4974,5167,1537,949,588
B0103,08,116,District - Jalor,Urban,Technical diploma or certificate not equal to degree,346,256,90,186,143,43,9,6,3,6,3,3,151,107,44,60,42,18
B0103,08,116,District - Jalor,Urban,Graduate and above other than technical degree,6398,4613,1785,4047,3574,473,155,113,42,79,59,20,2196,926,1270,592,338,254
B0103,08,116,District - Jalor,Urban,Technical degree or diploma equal to degree or post-graduate degree,1399,1107,292,893,770,123,42,33,9,21,17,4,464,304,160,196,132,64
B0103,08,117,District - Sirohi,Total,Total,1036346,534231,502115,313292,239565,73727,106537,32631,73906,53090,18941,34149,616517,262035,354482,28001,9526,18475
B0103,08,117,District - Sirohi,Total,Illiterate,559540,224331,335209,145211,85358,59853,77238,14981,62257,38862,9210,29652,337091,123992,213099,12628,1668,10960
B0103,08,117,District - Sirohi,Total,Literate,476806,309900,166906,168081,154207,13874,29299,17650,11649,14228,9731,4497,279426,138043,141383,15373,7858,7515
B0103,08,117,District - Sirohi,Total,Literate but below matric/secondary,351978,221720,130258,106006,97019,8987,23333,13554,9779,11555,7722,3833,222639,111147,111492,8472,3691,4781
B0103,08,117,District - Sirohi,Total,Matric/secondary but below graduate,71840,52431,19409,32747,31379,1368,2547,2024,523,1115,963,152,36546,19028,17518,3580,2336,1244
B0103,08,117,District - Sirohi,Total,Technical diploma or certificate not equal to degree,1870,1522,348,1091,900,191,56,50,6,18,17,1,723,572,151,190,154,36
B0103,08,117,District - Sirohi,Total,Graduate and above other than technical degree,21211,14922,6289,13178,11643,1535,576,436,140,255,210,45,7457,2843,4614,1632,917,715
B0103,08,117,District - Sirohi,Total,Technical degree or diploma equal to degree or post-graduate degree,4277,3287,990,2703,2301,402,140,118,22,79,69,10,1434,868,566,505,314,191
B0103,08,117,District - Sirohi,Rural,Total,827692,424252,403440,253494,186965,66529,99076,28380,70696,50022,16928,33094,475122,208907,266215,21166,6255,14911
B0103,08,117,District - Sirohi,Rural,Illiterate,494683,200139,294544,136116,79403,56713,74059,13972,60087,37579,8685,28894,284508,106764,177744,11311,1424,9887
B0103,08,117,District - Sirohi,Rural,Literate,333009,224113,108896,117378,107562,9816,25017,14408,10609,12443,8243,4200,190614,102143,88471,9855,4831,5024
B0103,08,117,District - Sirohi,Rural,Literate but below matric/secondary,268290,174748,93542,83971,76326,7645,20629,11501,9128,10313,6674,3639,163690,86921,76769,6414,2605,3809
B0103,08,117,District - Sirohi,Rural,Matric/secondary but below graduate,37490,29682,7808,18026,17338,688,1794,1411,383,886,765,121,17670,10933,6737,1985,1356,629
B0103,08,117,District - Sirohi,Rural,Technical diploma or certificate not equal to degree,890,766,124,524,447,77,40,39,1,13,13,0,326,280,46,82,69,13
B0103,08,117,District - Sirohi,Rural,Graduate and above other than technical degree,7517,6112,1405,5023,4688,335,296,239,57,154,132,22,2198,1185,1013,567,406,161
B0103,08,117,District - Sirohi,Rural,Technical degree or diploma equal to degree or post-graduate degree,1728,1490,238,1129,1047,82,79,72,7,49,47,2,520,371,149,191,145,46
B0103,08,117,District - Sirohi,Urban,Total,208654,109979,98675,59798,52600,7198,7461,4251,3210,3068,2013,1055,141395,53128,88267,6835,3271,3564
B0103,08,117,District - Sirohi,Urban,Illiterate,64857,24192,40665,9095,5955,3140,3179,1009,2170,1283,525,758,52583,17228,35355,1317,244,1073
B0103,08,117,District - Sirohi,Urban,Literate,143797,85787,58010,50703,46645,4058,4282,3242,1040,1785,1488,297,88812,35900,52912,5518,3027,2491
B0103,08,117,District - Sirohi,Urban,Literate but below matric/secondary,83688,46972,36716,22035,20693,1342,2704,2053,651,1242,1048,194,58949,24226,34723,2058,1086,972
B0103,08,117,District - Sirohi,Urban,Matric/secondary but below graduate,34350,22749,11601,14721,14041,680,753,613,140,229,198,31,18876,8095,10781,1595,980,615
B0103,08,117,District - Sirohi,Urban,Technical diploma or certificate not equal to degree,980,756,224,567,453,114,16,11,5,5,4,1,397,292,105,108,85,23
B0103,08,117,District - Sirohi,Urban,Graduate and above other than technical degree,13694,8810,4884,8155,6955,1200,280,197,83,101,78,23,5259,1658,3601,1065,511,554
B0103,08,117,District - Sirohi,Urban,Technical degree or diploma equal to degree or post-graduate degree,2549,1797,752,1574,1254,320,61,46,15,30,22,8,914,497,417,314,169,145
B0103,08,118,District - Pali,Total,Total,2037573,1025422,1012151,605288,443714,161574,237039,79363,157676,118189,47474,70715,1195246,502345,692901,57417,21238,36179
B0103,08,118,District - Pali,Total,Illiterate,951880,358041,593839,242976,124880,118096,141439,26631,114808,66211,14628,51583,567465,206530,360935,18491,2293,16198
B0103,08,118,District - Pali,Total,Literate,1085693,667381,418312,362312,318834,43478,95600,52732,42868,51978,32846,19132,627781,295815,331966,38926,18945,19981
B0103,08,118,District - Pali,Total,Literate but below matric/secondary,810337,475952,334385,234676,202700,31976,74835,39006,35829,40495,24465,16030,500826,234246,266580,21892,8549,13343
B0103,08,118,District - Pali,Total,Matric/secondary but below graduate,165542,118353,47189,69067,65366,3701,10397,7845,2552,5736,4697,1039,86078,45142,40936,10145,6511,3634
B0103,08,118,District - Pali,Total,Technical diploma or certificate not equal to degree,2576,2080,496,1247,1054,193,103,84,19,59,52,7,1226,942,284,312,248,64
B0103,08,118,District - Pali,Total,Graduate and above other than technical degree,45961,33932,12029,28238,25676,2562,2119,1694,425,1255,1072,183,15604,6562,9042,3541,2153,1388
B0103,08,118,District - Pali,Total,Technical degree or diploma equal to degree or post-graduate degree,9287,7286,2001,5533,4877,656,496,419,77,345,299,46,3258,1990,1268,1248,837,411
B0103,08,118,District - Pali,Rural,Total,1577567,787559,790008,472255,328643,143612,220168,71643,148525,110931,43529,67402,885144,387273,497871,43815,15463,28352
B0103,08,118,District - Pali,Rural,Illiterate,793779,298662,495117,216839,108415,108424,134135,24826,109309,63163,13688,49475,442805,165421,277384,15515,1800,13715
B0103,08,118,District - Pali,Rural,Literate,783788,488897,294891,255416,220228,35188,86033,46817,39216,47768,29841,17927,442339,221852,220487,28300,13663,14637
B0103,08,118,District - Pali,Rural,Literate but below matric/secondary,619969,370202,249767,179942,152271,27671,68186,35119,33067,37574,22434,15140,371841,182812,189029,17289,6688,10601
B0103,08,118,District - Pali,Rural,Matric/secondary but below graduate,97231,73174,24057,40343,37929,2414,8809,6658,2151,5081,4151,930,48079,28587,19492,6838,4512,2326
B0103,08,118,District - Pali,Rural,Technical diploma or certificate not equal to degree,1537,1272,265,723,622,101,85,69,16,50,44,6,729,581,148,207,169,38
B0103,08,118,District - Pali,Rural,Graduate and above other than technical degree,21338,17338,4000,13595,12547,1048,1593,1326,267,1011,896,115,6150,3465,2685,1914,1278,636
B0103,08,118,District - Pali,Rural,Technical degree or diploma equal to degree or post-graduate degree,5286,4450,836,3275,2991,284,395,346,49,285,257,28,1616,1113,503,729,532,197
B0103,08,118,District - Pali,Urban,Total,460006,237863,222143,133033,115071,17962,16871,7720,9151,7258,3945,3313,310102,115072,195030,13602,5775,7827
B0103,08,118,District - Pali,Urban,Illiterate,158101,59379,98722,26137,16465,9672,7304,1805,5499,3048,940,2108,124660,41109,83551,2976,493,2483
B0103,08,118,District - Pali,Urban,Literate,301905,178484,123421,106896,98606,8290,9567,5915,3652,4210,3005,1205,185442,73963,111479,10626,5282,5344
B0103,08,118,District - Pali,Urban,Literate but below matric/secondary,190368,105750,84618,54734,50429,4305,6649,3887,2762,2921,2031,890,128985,51434,77551,4603,1861,2742
B0103,08,118,District - Pali,Urban,Matric/secondary but below graduate,68311,45179,23132,28724,27437,1287,1588,1187,401,655,546,109,37999,16555,21444,3307,1999,1308
B0103,08,118,District - Pali,Urban,Technical diploma or certificate not equal to degree,1039,808,231,524,432,92,18,15,3,9,8,1,497,361,136,105,79,26
B0103,08,118,District - Pali,Urban,Graduate and above other than technical degree,24623,16594,8029,14643,13129,1514,526,368,158,244,176,68,9454,3097,6357,1627,875,752
B0103,08,118,District - Pali,Urban,Technical degree or diploma equal to degree or post-graduate degree,4001,2836,1165,2258,1886,372,101,73,28,60,42,18,1642,877,765,519,305,214
B0103,08,119,District - Ajmer,Total,Total,2583052,1324085,1258967,827181,601564,225617,226541,84585,141956,99081,43686,55395,1529330,637936,891394,75052,33536,41516
B0103,08,119,District - Ajmer,Total,Illiterate,1056379,397817,658562,276861,124602,152259,123887,21316,102571,51682,10680,41002,655631,251899,403732,16340,3017,13323
B0103,08,119,District - Ajmer,Total,Literate,1526673,926268,600405,550320,476962,73358,102654,63269,39385,47399,33006,14393,873699,386037,487662,58712,30519,28193
B0103,08,119,District - Ajmer,Total,Literate but below matric/secondary,898076,531102,366974,267626,229742,37884,64964,37595,27369,30750,20651,10099,565486,263765,301721,22098,10970,11128
B0103,08,119,District - Ajmer,Total,Matric/secondary but below graduate,264447,174820,89627,109379,101794,7585,12235,9627,2608,5818,4862,956,142833,63399,79434,14986,9002,5984
B0103,08,119,District - Ajmer,Total,Technical diploma or certificate not equal to degree,7049,5244,1805,3273,2621,652,232,194,38,112,99,13,3544,2429,1115,845,611,234
B0103,08,119,District - Ajmer,Total,Graduate and above other than technical degree,120980,71741,49239,64325,53645,10680,3526,2633,893,1597,1221,376,53129,15463,37666,10119,4564,5555
B0103,08,119,District - Ajmer,Total,Technical degree or diploma equal to degree or post-graduate degree,18645,11490,7155,9718,7218,2500,609,428,181,330,243,87,8318,3844,4474,2767,1453,1314
B0103,08,119,District - Ajmer,Rural,Total,1547642,789397,758245,516038,340913,175125,197421,65592,131829,87659,35119,52540,834183,382892,451291,36891,15289,21602
B0103,08,119,District - Ajmer,Rural,Illiterate,782620,287627,494993,236387,100421,135966,116157,18258,97899,48882,9202,39680,430076,168948,261128,12068,1780,10288
B0103,08,119,District - Ajmer,Rural,Literate,765022,501770,263252,279651,240492,39159,81264,47334,33930,38777,25917,12860,404107,213944,190163,24823,13509,11314
B0103,08,119,District - Ajmer,Rural,Literate but below matric/secondary,534205,337791,196414,171209,144733,26476,54539,30052,24487,26246,16887,9359,308457,163006,145451,12619,6030,6589
B0103,08,119,District - Ajmer,Rural,Matric/secondary but below graduate,88387,68304,20083,40264,37494,2770,8249,6454,1795,4225,3519,706,39874,24356,15518,5800,3951,1849
B0103,08,119,District - Ajmer,Rural,Technical diploma or certificate not equal to degree,2468,2001,467,1009,849,160,148,125,23,76,67,9,1311,1027,284,352,289,63
B0103,08,119,District - Ajmer,Rural,Graduate and above other than technical degree,18316,13956,4360,11104,9952,1152,1461,1167,294,824,682,142,5751,2837,2914,1663,1009,654
B0103,08,119,District - Ajmer,Rural,Technical degree or diploma equal to degree or post-graduate degree,3519,2671,848,1928,1683,245,288,220,68,190,153,37,1303,768,535,554,347,207
B0103,08,119,District - Ajmer,Urban,Total,1035410,534688,500722,311143,260651,50492,29120,18993,10127,11422,8567,2855,695147,255044,440103,38161,18247,19914
B0103,08,119,District - Ajmer,Urban,Illiterate,273759,110190,163569,40474,24181,16293,7730,3058,4672,2800,1478,1322,225555,82951,142604,4272,1237,3035
B0103,08,119,District - Ajmer,Urban,Literate,761651,424498,337153,270669,236470,34199,21390,15935,5455,8622,7089,1533,469592,172093,297499,33889,17010,16879
B0103,08,119,District - Ajmer,Urban,Literate but below matric/secondary,363871,193311,170560,96417,85009,11408,10425,7543,2882,4504,3764,740,257029,100759,156270,9479,4940,4539
B0103,08,119,District - Ajmer,Urban,Matric/secondary but below graduate,176060,106516,69544,69115,64300,4815,3986,3173,813,1593,1343,250,102959,39043,63916,9186,5051,4135
B0103,08,119,District - Ajmer,Urban,Technical diploma or certificate not equal to degree,4581,3243,1338,2264,1772,492,84,69,15,36,32,4,2233,1402,831,493,322,171
B0103,08,119,District - Ajmer,Urban,Graduate and above other than technical degree,102664,57785,44879,53221,43693,9528,2065,1466,599,773,539,234,47378,12626,34752,8456,3555,4901
B0103,08,119,District - Ajmer,Urban,Technical degree or diploma equal to degree or post-graduate degree,15126,8819,6307,7790,5535,2255,321,208,113,140,90,50,7015,3076,3939,2213,1106,1107
B0103,08,120,District - Tonk,Total,Total,1421326,728136,693190,495797,318276,177521,153364,53572,99792,77733,33750,43983,772165,356288,415877,50184,23541,26643
B0103,08,120,District - Tonk,Total,Illiterate,671667,249807,421860,234468,95456,139012,90424,15828,74596,43149,9542,33607,346775,138523,208252,12112,1840,10272
B0103,08,120,District - Tonk,Total,Literate,749659,478329,271330,261329,222820,38509,62940,37744,25196,34584,24208,10376,425390,217765,207625,38072,21701,16371
B0103,08,120,District - Tonk,Total,Literate but below matric/secondary,519310,317930,201380,160192,133427,26765,44601,24858,19743,23648,15703,7945,314517,159645,154872,14802,6617,8185
B0103,08,120,District - Tonk,Total,Matric/secondary but below graduate,135950,96727,39223,50792,47288,3504,9234,7087,2147,5467,4560,907,75924,42352,33572,13094,8862,4232
B0103,08,120,District - Tonk,Total,Technical diploma or certificate not equal to degree,3058,2314,744,1045,836,209,165,139,26,111,96,15,1848,1339,509,690,526,164
B0103,08,120,District - Tonk,Total,Graduate and above other than technical degree,42299,30291,12008,23958,21209,2749,2605,2168,437,1774,1546,228,15736,6914,8822,5447,3321,2126
B0103,08,120,District - Tonk,Total,Technical degree or diploma equal to degree or post-graduate degree,11076,8124,2952,5428,4636,792,962,817,145,768,680,88,4686,2671,2015,2374,1622,752
B0103,08,120,District - Tonk,Rural,Total,1103603,568045,535558,404379,246870,157509,138662,45560,93102,70500,29263,41237,560562,275615,284947,34229,17008,17221
B0103,08,120,District - Tonk,Rural,Illiterate,556901,203514,353387,208531,81263,127268,83457,13384,70073,39795,8121,31674,264913,108867,156046,8576,1132,7444
B0103,08,120,District - Tonk,Rural,Literate,546702,364531,182171,195848,165607,30241,55205,32176,23029,30705,21142,9563,295649,166748,128901,25653,15876,9777
B0103,08,120,District - Tonk,Rural,Literate but below matric/secondary,404781,255401,149380,130851,108034,22817,39658,21415,18243,21074,13690,7384,234272,125952,108320,10479,4885,5594
B0103,08,120,District - Tonk,Rural,Matric/secondary but below graduate,86213,67977,18236,33725,31324,2401,7871,5985,1886,4803,3998,805,44617,30668,13949,9237,6775,2462
B0103,08,120,District - Tonk,Rural,Technical diploma or certificate not equal to degree,1882,1465,417,537,445,92,142,118,24,100,86,14,1203,902,301,506,392,114
B0103,08,120,District - Tonk,Rural,Graduate and above other than technical degree,19947,16980,2967,12102,11211,891,2029,1722,307,1506,1334,172,5816,4047,1769,2920,2176,744
B0103,08,120,District - Tonk,Rural,Technical degree or diploma equal to degree or post-graduate degree,6126,5235,891,3065,2826,239,815,705,110,681,610,71,2246,1704,542,1464,1138,326
B0103,08,120,District - Tonk,Urban,Total,317723,160091,157632,91418,71406,20012,14702,8012,6690,7233,4487,2746,211603,80673,130930,15955,6533,9422
B0103,08,120,District - Tonk,Urban,Illiterate,114766,46293,68473,25937,14193,11744,6967,2444,4523,3354,1421,1933,81862,29656,52206,3536,708,2828
B0103,08,120,District - Tonk,Urban,Literate,202957,113798,89159,65481,57213,8268,7735,5568,2167,3879,3066,813,129741,51017,78724,12419,5825,6594
B0103,08,120,District - Tonk,Urban,Literate but below matric/secondary,114529,62529,52000,29341,25393,3948,4943,3443,1500,2574,2013,561,80245,33693,46552,4323,1732,2591
B0103,08,120,District - Tonk,Urban,Matric/secondary but below graduate,49737,28750,20987,17067,15964,1103,1363,1102,261,664,562,102,31307,11684,19623,3857,2087,1770
B0103,08,120,District - Tonk,Urban,Technical diploma or certificate not equal to degree,1176,849,327,508,391,117,23,21,2,11,10,1,645,437,208,184,134,50
B0103,08,120,District - Tonk,Urban,Graduate and above other than technical degree,22352,13311,9041,11856,9998,1858,576,446,130,268,212,56,9920,2867,7053,2527,1145,1382
B0103,08,120,District - Tonk,Urban,Technical degree or diploma equal to degree or post-graduate degree,4950,2889,2061,2363,1810,553,147,112,35,87,70,17,2440,967,1473,910,484,426
B0103,08,121,District - Bundi,Total,Total,1110906,577160,533746,361070,259200,101870,165021,55606,109415,80791,33247,47544,584815,262354,322461,40893,18029,22864
B0103,08,121,District - Bundi,Total,Illiterate,525862,205455,320407,161332,83470,77862,94068,15292,78776,45778,9436,36342,270462,106693,163769,10037,1499,8538
B0103,08,121,District - Bundi,Total,Literate,585044,371705,213339,199738,175730,24008,70953,40314,30639,35013,23811,11202,314353,155661,158692,30856,16530,14326
B0103,08,121,District - Bundi,Total,Literate but below matric/secondary,430847,264418,166429,133509,116495,17014,55311,29476,25835,26168,16948,9220,242027,118447,123580,14255,6477,7778
B0103,08,121,District - Bundi,Total,Matric/secondary but below graduate,91850,64923,26927,34271,31935,2336,8529,6392,2137,4504,3745,759,49050,26596,22454,9010,5688,3322
B0103,08,121,District - Bundi,Total,Technical diploma or certificate not equal to degree,2662,2086,576,891,701,190,191,165,26,133,118,15,1580,1220,360,611,496,115
B0103,08,121,District - Bundi,Total,Graduate and above other than technical degree,30193,21056,9137,16428,14458,1970,2080,1665,415,1413,1192,221,11685,4933,6752,4332,2357,1975
B0103,08,121,District - Bundi,Total,Technical degree or diploma equal to degree or post-graduate degree,7170,5451,1719,3466,3011,455,702,602,100,551,491,60,3002,1838,1164,1605,1059,546
B0103,08,121,District - Bundi,Rural,Total,888205,461734,426471,297740,206247,91493,152815,49071,103744,74573,29210,45363,437650,206416,231234,27712,12342,15370
B0103,08,121,District - Bundi,Rural,Illiterate,454687,178162,276525,148529,75867,72662,89295,13916,75379,43584,8598,34986,216863,88379,128484,8037,1139,6898
B0103,08,121,District - Bundi,Rural,Literate,433518,283572,149946,149211,130380,18831,63520,35155,28365,30989,20612,10377,220787,118037,102750,19675,11203,8472
B0103,08,121,District - Bundi,Rural,Literate but below matric/secondary,339738,213723,126015,108552,93822,14730,50242,26094,24148,23416,14783,8633,180944,93807,87137,10024,4685,5339
B0103,08,121,District - Bundi,Rural,Matric/secondary but below graduate,57418,43447,13971,21894,20344,1550,7246,5372,1874,3832,3162,670,28278,17731,10547,5761,3904,1857
B0103,08,121,District - Bundi,Rural,Technical diploma or certificate not equal to degree,1421,1199,222,381,322,59,163,143,20,114,101,13,877,734,143,346,297,49
B0103,08,121,District - Bundi,Rural,Graduate and above other than technical degree,13024,10471,2553,7246,6652,594,1502,1244,258,1087,948,139,4276,2575,1701,1943,1322,621
B0103,08,121,District - Bundi,Rural,Technical degree or diploma equal to degree or post-graduate degree,3826,3225,601,1742,1611,131,578,508,70,474,431,43,1506,1106,400,900,686,214
B0103,08,121,District - Bundi,Urban,Total,222701,115426,107275,63330,52953,10377,12206,6535,5671,6218,4037,2181,147165,55938,91227,13181,5687,7494
B0103,08,121,District - Bundi,Urban,Illiterate,71175,27293,43882,12803,7603,5200,4773,1376,3397,2194,838,1356,53599,18314,35285,2000,360,1640
B0103,08,121,District - Bundi,Urban,Literate,151526,88133,63393,50527,45350,5177,7433,5159,2274,4024,3199,825,93566,37624,55942,11181,5327,5854
B0103,08,121,District - Bundi,Urban,Literate but below matric/secondary,91109,50695,40414,24957,22673,2284,5069,3382,1687,2752,2165,587,61083,24640,36443,4231,1792,2439
B0103,08,121,District - Bundi,Urban,Matric/secondary but below graduate,34432,21476,12956,12377,11591,786,1283,1020,263,672,583,89,20772,8865,11907,3249,1784,1465
B0103,08,121,District - Bundi,Urban,Technical diploma or certificate not equal to degree,1241,887,354,510,379,131,28,22,6,19,17,2,703,486,217,265,199,66
B0103,08,121,District - Bundi,Urban,Graduate and above other than technical degree,17169,10585,6584,9182,7806,1376,578,421,157,326,244,82,7409,2358,5051,2389,1035,1354
B0103,08,121,District - Bundi,Urban,Technical degree or diploma equal to degree or post-graduate degree,3344,2226,1118,1724,1400,324,124,94,30,77,60,17,1496,732,764,705,373,332
B0103,08,122,District - Bhilwara,Total,Total,2408523,1220736,1187787,883329,581039,302290,264836,93550,171286,109028,46017,63011,1260358,546147,714211,55057,21395,33662
B0103,08,122,District - Bhilwara,Total,Illiterate,1152397,443154,709243,391678,173624,218054,155068,30730,124338,61019,14570,46449,605651,238800,366851,16771,2735,14036
B0103,08,122,District - Bhilwara,Total,Literate,1256126,777582,478544,491651,407415,84236,109768,62820,46948,48009,31447,16562,654707,307347,347360,38286,18660,19626
B0103,08,122,District - Bhilwara,Total,Literate but below matric/secondary,866934,527040,339894,298688,244302,54386,79470,44421,35049,35012,22851,12161,488776,238317,250459,19049,8503,10546
B0103,08,122,District - Bhilwara,Total,Matric/secondary but below graduate,180702,121751,58951,78973,71755,7218,10861,7756,3105,4893,3828,1065,90868,42240,48628,9654,5573,4081
B0103,08,122,District - Bhilwara,Total,Technical diploma or certificate not equal to degree,4095,2987,1108,2007,1578,429,146,109,37,59,44,15,1942,1300,642,472,318,154
B0103,08,122,District - Bhilwara,Total,Graduate and above other than technical degree,68427,44394,24033,40822,34704,6118,2833,2020,813,1178,867,311,24772,7670,17102,4384,2044,2340
B0103,08,122,District - Bhilwara,Total,Technical degree or diploma equal to degree or post-graduate degree,11600,7625,3975,6515,5102,1413,645,441,204,377,273,104,4440,2082,2358,1397,722,675
B0103,08,122,District - Bhilwara,Rural,Total,1895869,955378,940491,722541,448804,273737,243925,82503,161422,102451,42227,60224,929403,424071,505332,40144,15482,24662
B0103,08,122,District - Bhilwara,Rural,Illiterate,998932,382483,616449,364576,158538,206038,146925,28415,118510,58521,13721,44800,487431,195530,291901,14028,2205,11823
B0103,08,122,District - Bhilwara,Rural,Literate,896937,572895,324042,357965,290266,67699,97000,54088,42912,43930,28506,15424,441972,228541,213431,26116,13277,12839
B0103,08,122,District - Bhilwara,Rural,Literate but below matric/secondary,684723,427833,256890,248365,199836,48529,72804,39945,32859,32616,21054,11562,363554,188052,175502,14727,6711,8016
B0103,08,122,District - Bhilwara,Rural,Matric/secondary but below graduate,100848,73113,27735,46218,41588,4630,8612,6078,2534,4236,3334,902,46018,25447,20571,6251,3806,2445
B0103,08,122,District - Bhilwara,Rural,Technical diploma or certificate not equal to degree,2298,1742,556,1056,857,199,104,81,23,48,37,11,1138,804,334,320,227,93
B0103,08,122,District - Bhilwara,Rural,Graduate and above other than technical degree,22635,16760,5875,14283,12426,1857,1538,1127,411,835,659,176,6814,3207,3607,1990,1138,852
B0103,08,122,District - Bhilwara,Rural,Technical degree or diploma equal to degree or post-graduate degree,4687,3513,1174,2658,2281,377,408,288,120,277,214,63,1621,944,677,680,404,276
B0103,08,122,District - Bhilwara,Urban,Total,512654,265358,247296,160788,132235,28553,20911,11047,9864,6577,3790,2787,330955,122076,208879,14913,5913,9000
B0103,08,122,District - Bhilwara,Urban,Illiterate,153465,60671,92794,27102,15086,12016,8143,2315,5828,2498,849,1649,118220,43270,74950,2743,530,2213
B0103,08,122,District - Bhilwara,Urban,Literate,359189,204687,154502,133686,117149,16537,12768,8732,4036,4079,2941,1138,212735,78806,133929,12170,5383,6787
B0103,08,122,District - Bhilwara,Urban,Literate but below matric/secondary,182211,99207,83004,50323,44466,5857,6666,4476,2190,2396,1797,599,125222,50265,74957,4322,1792,2530
B0103,08,122,District - Bhilwara,Urban,Matric/secondary but below graduate,79854,48638,31216,32755,30167,2588,2249,1678,571,657,494,163,44850,16793,28057,3403,1767,1636
B0103,08,122,District - Bhilwara,Urban,Technical diploma or certificate not equal to degree,1797,1245,552,951,721,230,42,28,14,11,7,4,804,496,308,152,91,61
B0103,08,122,District - Bhilwara,Urban,Graduate and above other than technical degree,45792,27634,18158,26539,22278,4261,1295,893,402,343,208,135,17958,4463,13495,2394,906,1488
B0103,08,122,District - Bhilwara,Urban,Technical degree or diploma equal to degree or post-graduate degree,6913,4112,2801,3857,2821,1036,237,153,84,100,59,41,2819,1138,1681,717,318,399
B0103,08,123,District - Rajsamand,Total,Total,1156597,581339,575258,362584,257930,104654,188247,61604,126643,82208,33995,48213,605766,261805,343961,28921,9956,18965
B0103,08,123,District - Rajsamand,Total,Illiterate,537458,198005,339453,141427,66160,75267,106334,17653,88681,43855,9179,34676,289697,114192,175505,8635,909,7726
B0103,08,123,District - Rajsamand,Total,Literate,619139,383334,235805,221157,191770,29387,81913,43951,37962,38353,24816,13537,316069,147613,168456,20286,9047,11239
B0103,08,123,District - Rajsamand,Total,Literate but below matric/secondary,472845,285602,187243,150466,129098,21368,66724,34771,31953,30835,19522,11313,255655,121733,133922,11590,4586,7004
B0103,08,123,District - Rajsamand,Total,Matric/secondary but below graduate,92785,63619,29166,40864,37793,3071,9458,6238,3220,4621,3542,1079,42463,19588,22875,5135,2884,2251
B0103,08,123,District - Rajsamand,Total,Technical diploma or certificate not equal to degree,2015,1521,494,1039,835,204,107,83,24,52,41,11,869,603,266,220,160,60
B0103,08,123,District - Rajsamand,Total,Graduate and above other than technical degree,26134,17320,8814,15801,13624,2177,1353,862,491,762,548,214,8980,2834,6146,2099,900,1199
B0103,08,123,District - Rajsamand,Total,Technical degree or diploma equal to degree or post-graduate degree,4826,3318,1508,2941,2371,570,283,186,97,178,117,61,1602,761,841,618,290,328
B0103,08,123,District - Rajsamand,Rural,Total,972777,486960,485817,307258,211611,95647,178689,57845,120844,78211,32003,46208,486830,217504,269326,22173,7326,14847
B0103,08,123,District - Rajsamand,Rural,Illiterate,485372,178522,306850,133135,61853,71282,102107,16792,85315,42209,8724,33485,250130,99877,150253,7644,796,6848
B0103,08,123,District - Rajsamand,Rural,Literate,487405,308438,178967,174123,149758,24365,76582,41053,35529,36002,23279,12723,236700,117627,119073,14529,6530,7999
B0103,08,123,District - Rajsamand,Rural,Literate but below matric/secondary,398688,245752,152936,130448,111236,19212,63165,32951,30214,29267,18520,10747,205075,101565,103510,9504,3764,5740
B0103,08,123,District - Rajsamand,Rural,Matric/secondary but below graduate,57666,41986,15680,26176,24021,2155,8347,5532,2815,4152,3196,956,23143,12433,10710,3288,1916,1372
B0103,08,123,District - Rajsamand,Rural,Technical diploma or certificate not equal to degree,1123,865,258,594,471,123,87,69,18,43,34,9,442,325,117,128,96,32
B0103,08,123,District - Rajsamand,Rural,Graduate and above other than technical degree,10727,7939,2788,6857,5983,874,996,655,341,582,442,140,2874,1301,1573,889,439,450
B0103,08,123,District - Rajsamand,Rural,Technical degree or diploma equal to degree or post-graduate degree,2415,1817,598,1566,1327,239,224,146,78,145,94,51,625,344,281,262,142,120
B0103,08,123,District - Rajsamand,Urban,Total,183820,94379,89441,55326,46319,9007,9558,3759,5799,3997,1992,2005,118936,44301,74635,6748,2630,4118
B0103,08,123,District - Rajsamand,Urban,Illiterate,52086,19483,32603,8292,4307,3985,4227,861,3366,1646,455,1191,39567,14315,25252,991,113,878
B0103,08,123,District - Rajsamand,Urban,Literate,131734,74896,56838,47034,42012,5022,5331,2898,2433,2351,1537,814,79369,29986,49383,5757,2517,3240
B0103,08,123,District - Rajsamand,Urban,Literate but below matric/secondary,74157,39850,34307,20018,17862,2156,3559,1820,1739,1568,1002,566,50580,20168,30412,2086,822,1264
B0103,08,123,District - Rajsamand,Urban,Matric/secondary but below graduate,35119,21633,13486,14688,13772,916,1111,706,405,469,346,123,19320,7155,12165,1847,968,879
B0103,08,123,District - Rajsamand,Urban,Technical diploma or certificate not equal to degree,892,656,236,445,364,81,20,14,6,9,7,2,427,278,149,92,64,28
B0103,08,123,District - Rajsamand,Urban,Graduate and above other than technical degree,15407,9381,6026,8944,7641,1303,357,207,150,180,106,74,6106,1533,4573,1210,461,749
B0103,08,123,District - Rajsamand,Urban,Technical degree or diploma equal to degree or post-graduate degree,2411,1501,910,1375,1044,331,59,40,19,33,23,10,977,417,560,356,148,208
B0103,08,124,District - Dungarpur,Total,Total,1388552,696532,692020,216411,170920,45491,425104,175704,249400,288185,131433,156752,747037,349908,397129,53986,19274,34712
B0103,08,124,District - Dungarpur,Total,Illiterate,706961,280712,426249,80965,52955,28010,253196,66306,186890,166835,48891,117944,372800,161451,211349,18059,2803,15256
B0103,08,124,District - Dungarpur,Total,Literate,681591,415820,265771,135446,117965,17481,171908,109398,62510,121350,82542,38808,374237,188457,185780,35927,16471,19456
B0103,08,124,District - Dungarpur,Total,Literate but below matric/secondary,509499,304824,204675,81042,71979,9063,130319,82442,47877,92537,62729,29808,298138,150403,147735,18726,7768,10958
B0103,08,124,District - Dungarpur,Total,Matric/secondary but below graduate,98944,62690,36254,25818,22377,3441,20306,13517,6789,14000,9848,4152,52820,26796,26024,10097,5212,4885
B0103,08,124,District - Dungarpur,Total,Technical diploma or certificate not equal to degree,3157,1942,1215,1539,1012,527,331,208,123,228,141,87,1287,722,565,485,254,231
B0103,08,124,District - Dungarpur,Total,Graduate and above other than technical degree,24753,17160,7593,12898,10648,2250,3585,2710,875,2605,2035,570,8270,3802,4468,3295,1598,1697
B0103,08,124,District - Dungarpur,Total,Technical degree or diploma equal to degree or post-graduate degree,8962,6491,2471,4348,3553,795,1672,1241,431,1394,1056,338,2942,1697,1245,1587,898,689
B0103,08,124,District - Dungarpur,Rural,Total,1299809,651046,648763,192853,151424,41429,418899,172403,246496,284501,129415,155086,688057,327219,360838,47391,16805,30586
B0103,08,124,District - Dungarpur,Rural,Illiterate,683958,271475,412483,78266,51275,26991,250871,65621,185250,165430,48477,116953,354821,154579,200242,17113,2668,14445
B0103,08,124,District - Dungarpur,Rural,Literate,615851,379571,236280,114587,100149,14438,168028,106782,61246,119071,80938,38133,333236,172640,160596,30278,14137,16141
B0103,08,124,District - Dungarpur,Rural,Literate but below matric/secondary,473617,285904,187713,73076,64862,8214,127885,80810,47075,91031,61671,29360,272656,140232,132424,16595,6991,9604
B0103,08,124,District - Dungarpur,Rural,Matric/secondary but below graduate,82139,53014,29125,19898,17107,2791,19531,12957,6574,13589,9541,4048,42710,22950,19760,8235,4327,3908
B0103,08,124,District - Dungarpur,Rural,Technical diploma or certificate not equal to degree,2548,1565,983,1213,789,424,315,197,118,218,135,83,1020,579,441,394,209,185
B0103,08,124,District - Dungarpur,Rural,Graduate and above other than technical degree,16999,12494,4505,8387,7112,1275,3286,2517,769,2439,1926,513,5326,2865,2461,2295,1199,1096
B0103,08,124,District - Dungarpur,Rural,Technical degree or diploma equal to degree or post-graduate degree,6982,5293,1689,3232,2746,486,1589,1185,404,1339,1021,318,2161,1362,799,1212,741,471
B0103,08,124,District - Dungarpur,Urban,Total,88743,45486,43257,23558,19496,4062,6205,3301,2904,3684,2018,1666,58980,22689,36291,6595,2469,4126
B0103,08,124,District - Dungarpur,Urban,Illiterate,23003,9237,13766,2699,1680,1019,2325,685,1640,1405,414,991,17979,6872,11107,946,135,811
B0103,08,124,District - Dungarpur,Urban,Literate,65740,36249,29491,20859,17816,3043,3880,2616,1264,2279,1604,675,41001,15817,25184,5649,2334,3315
B0103,08,124,District - Dungarpur,Urban,Literate but below matric/secondary,35882,18920,16962,7966,7117,849,2434,1632,802,1506,1058,448,25482,10171,15311,2131,777,1354
B0103,08,124,District - Dungarpur,Urban,Matric/secondary but below graduate,16805,9676,7129,5920,5270,650,775,560,215,411,307,104,10110,3846,6264,1862,885,977
B0103,08,124,District - Dungarpur,Urban,Technical diploma or certificate not equal to degree,609,377,232,326,223,103,16,11,5,10,6,4,267,143,124,91,45,46
B0103,08,124,District - Dungarpur,Urban,Graduate and above other than technical degree,7754,4666,3088,4511,3536,975,299,193,106,166,109,57,2944,937,2007,1000,399,601
B0103,08,124,District - Dungarpur,Urban,Technical degree or diploma equal to degree or post-graduate degree,1980,1198,782,1116,807,309,83,56,27,55,35,20,781,335,446,375,157,218
B0103,08,125,District - Banswara,Total,Total,1797485,907754,889731,542983,361194,181789,373591,121042,252549,199350,73750,125600,880911,425518,455393,35692,15616,20076
B0103,08,125,District - Banswara,Total,Illiterate,968142,393900,574242,281210,142374,138836,224858,41118,183740,121781,26597,95184,462074,210408,251666,9158,2171,6987
B0103,08,125,District - Banswara,Total,Literate,829343,513854,315489,261773,218820,42953,148733,79924,68809,77569,47153,30416,418837,215110,203727,26534,13445,13089
B0103,08,125,District - Banswara,Total,Literate but below matric/secondary,614458,374885,239573,167148,141003,26145,110876,58957,51919,56987,34390,22597,336434,174925,161509,13198,6367,6831
B0103,08,125,District - Banswara,Total,Matric/secondary but below graduate,114133,73665,40468,40126,34353,5773,18877,11200,7677,9143,6027,3116,55130,28112,27018,7495,4198,3297
B0103,08,125,District - Banswara,Total,Technical diploma or certificate not equal to degree,3896,2632,1264,2185,1582,603,461,289,172,304,199,105,1250,761,489,402,233,169
B0103,08,125,District - Banswara,Total,Graduate and above other than technical degree,31441,20916,10525,18171,14870,3301,3259,2246,1013,2074,1527,547,10011,3800,6211,2755,1253,1502
B0103,08,125,District - Banswara,Total,Technical degree or diploma equal to degree or post-graduate degree,12018,9064,2954,7163,5965,1198,1993,1472,521,1566,1225,341,2862,1627,1235,1267,742,525
B0103,08,125,District - Banswara,Rural,Total,1669864,842767,827097,504803,330866,173937,367377,117644,249733,196717,72130,124587,797684,394257,403427,29112,13093,16019
B0103,08,125,District - Banswara,Rural,Illiterate,935934,380442,555492,276740,139755,136985,222922,40514,182408,120991,26315,94676,436272,200173,236099,8187,1955,6232
B0103,08,125,District - Banswara,Rural,Literate,733930,462325,271605,228063,191111,36952,144455,77130,67325,75726,45815,29911,361412,194084,167328,20925,11138,9787
B0103,08,125,District - Banswara,Rural,Literate but below matric/secondary,567260,350646,216614,155595,131239,24356,108414,57330,51084,55892,33585,22307,303251,162077,141174,11211,5552,5659
B0103,08,125,District - Banswara,Rural,Matric/secondary but below graduate,89052,59512,29540,30408,25967,4441,18022,10639,7383,8827,5786,3041,40622,22906,17716,5822,3400,2422
B0103,08,125,District - Banswara,Rural,Technical diploma or certificate not equal to degree,2913,1978,935,1602,1171,431,430,273,157,285,187,98,881,534,347,309,182,127
B0103,08,125,District - Banswara,Rural,Graduate and above other than technical degree,18262,13471,4791,10614,9071,1543,2883,2011,872,1928,1437,491,4765,2389,2376,1662,890,772
B0103,08,125,District - Banswara,Rural,Technical degree or diploma equal to degree or post-graduate degree,9116,7316,1800,5404,4726,678,1898,1416,482,1516,1194,322,1814,1174,640,909,594,315
B0103,08,125,District - Banswara,Urban,Total,127621,64987,62634,38180,30328,7852,6214,3398,2816,2633,1620,1013,83227,31261,51966,6580,2523,4057
B0103,08,125,District - Banswara,Urban,Illiterate,32208,13458,18750,4470,2619,1851,1936,604,1332,790,282,508,25802,10235,15567,971,216,755
B0103,08,125,District - Banswara,Urban,Literate,95413,51529,43884,33710,27709,6001,4278,2794,1484,1843,1338,505,57425,21026,36399,5609,2307,3302
B0103,08,125,District - Banswara,Urban,Literate but below matric/secondary,47198,24239,22959,11553,9764,1789,2462,1627,835,1095,805,290,33183,12848,20335,1987,815,1172
B0103,08,125,District - Banswara,Urban,Matric/secondary but below graduate,25081,14153,10928,9718,8386,1332,855,561,294,316,241,75,14508,5206,9302,1673,798,875
B0103,08,125,District - Banswara,Urban,Technical diploma or certificate not equal to degree,983,654,329,583,411,172,31,16,15,19,12,7,369,227,142,93,51,42
B0103,08,125,District - Banswara,Urban,Graduate and above other than technical degree,13179,7445,5734,7557,5799,1758,376,235,141,146,90,56,5246,1411,3835,1093,363,730
B0103,08,125,District - Banswara,Urban,Technical degree or diploma equal to degree or post-graduate degree,2902,1748,1154,1759,1239,520,95,56,39,50,31,19,1048,453,595,358,148,210
B0103,08,126,District - Chittaurgarh,Total,Total,1544338,783171,761167,656904,409334,247570,145851,47298,98553,49431,22993,26438,741583,326539,415044,33501,13844,19657
B0103,08,126,District - Chittaurgarh,Total,Illiterate,722513,268320,454193,295378,113944,181434,83932,14228,69704,25722,6497,19225,343203,140148,203055,7298,1305,5993
B0103,08,126,District - Chittaurgarh,Total,Literate,821825,514851,306974,361526,295390,66136,61919,33070,28849,23709,16496,7213,398380,186391,211989,26203,12539,13664
B0103,08,126,District - Chittaurgarh,Total,Literate but below matric/secondary,590569,362477,228092,241130,192390,48740,47680,24347,23333,17720,12144,5576,301759,145740,156019,12089,5435,6654
B0103,08,126,District - Chittaurgarh,Total,Matric/secondary but below graduate,123603,83990,39613,57702,52207,5495,6904,4537,2367,2837,2207,630,58997,27246,31751,7232,3913,3319
B0103,08,126,District - Chittaurgarh,Total,Technical diploma or certificate not equal to degree,5500,4600,900,3173,2786,387,248,219,29,134,119,15,2079,1595,484,578,451,127
B0103,08,126,District - Chittaurgarh,Total,Graduate and above other than technical degree,45001,28772,16229,26852,22995,3857,1845,1230,615,933,659,274,16304,4547,11757,3719,1503,2216
B0103,08,126,District - Chittaurgarh,Total,Technical degree or diploma equal to degree or post-graduate degree,9114,6378,2736,5515,4510,1005,356,251,105,211,152,59,3243,1617,1626,1119,579,540
B0103,08,126,District - Chittaurgarh,Rural,Total,1259074,636415,622659,566901,336356,230545,133335,40806,92529,44019,19535,24484,558838,259253,299585,20059,8764,11295
B0103,08,126,District - Chittaurgarh,Rural,Illiterate,644095,237903,406192,280624,106697,173927,79699,13118,66581,24177,5951,18226,283772,118088,165684,5614,1026,4588
B0103,08,126,District - Chittaurgarh,Rural,Literate,614979,398512,216467,286277,229659,56618,53636,27688,25948,19842,13584,6258,275066,141165,133901,14445,7738,6707
B0103,08,126,District - Chittaurgarh,Rural,Literate but below matric/secondary,481225,303731,177494,211368,166309,45059,42676,21099,21577,15391,10332,5059,227181,116323,110858,7807,3777,4030
B0103,08,126,District - Chittaurgarh,Rural,Matric/secondary but below graduate,75745,55174,20571,38766,34660,4106,5392,3477,1915,2091,1621,470,31587,17037,14550,3757,2267,1490
B0103,08,126,District - Chittaurgarh,Rural,Technical diploma or certificate not equal to degree,2398,2022,376,1135,985,150,158,142,16,84,75,9,1105,895,210,309,246,63
B0103,08,126,District - Chittaurgarh,Rural,Graduate and above other than technical degree,18178,13478,4700,11842,10533,1309,1170,822,348,611,474,137,5166,2123,3043,1411,770,641
B0103,08,126,District - Chittaurgarh,Rural,Technical degree or diploma equal to degree or post-graduate degree,3667,2853,814,2292,1996,296,235,183,52,152,119,33,1140,674,466,452,290,162
B0103,08,126,District - Chittaurgarh,Urban,Total,285264,146756,138508,90003,72978,17025,12516,6492,6024,5412,3458,1954,182745,67286,115459,13442,5080,8362
B0103,08,126,District - Chittaurgarh,Urban,Illiterate,78418,30417,48001,14754,7247,7507,4233,1110,3123,1545,546,999,59431,22060,37371,1684,279,1405
B0103,08,126,District - Chittaurgarh,Urban,Literate,206846,116339,90507,75249,65731,9518,8283,5382,2901,3867,2912,955,123314,45226,78088,11758,4801,6957
B0103,08,126,District - Chittaurgarh,Urban,Literate but below matric/secondary,109344,58746,50598,29762,26081,3681,5004,3248,1756,2329,1812,517,74578,29417,45161,4282,1658,2624
B0103,08,126,District - Chittaurgarh,Urban,Matric/secondary but below graduate,47858,28816,19042,18936,17547,1389,1512,1060,452,746,586,160,27410,10209,17201,3475,1646,1829
B0103,08,126,District - Chittaurgarh,Urban,Technical diploma or certificate not equal to degree,3102,2578,524,2038,1801,237,90,77,13,50,44,6,974,700,274,269,205,64
B0103,08,126,District - Chittaurgarh,Urban,Graduate and above other than technical degree,26823,15294,11529,15010,12462,2548,675,408,267,322,185,137,11138,2424,8714,2308,733,1575
B0103,08,126,District - Chittaurgarh,Urban,Technical degree or diploma equal to degree or post-graduate degree,5447,3525,1922,3223,2514,709,121,68,53,59,33,26,2103,943,1160,667,289,378
B0103,08,127,District - Kota,Total,Total,1951014,1021161,929853,577548,467365,110183,171263,67285,103978,80209,41135,39074,1202203,486511,715692,82909,39588,43321
B0103,08,127,District - Kota,Total,Illiterate,652669,255765,396904,130932,73302,57630,78059,15224,62835,33834,9152,24682,443678,167239,276439,13455,2666,10789
B0103,08,127,District - Kota,Total,Literate,1298345,765396,532949,446616,394063,52553,93204,52061,41143,46375,31983,14392,758525,319272,439253,69454,36922,32532
B0103,08,127,District - Kota,Total,Literate but below matric/secondary,796690,448596,348094,236690,207321,29369,68825,36054,32771,33724,22456,11268,491175,205221,285954,26227,11841,14386
B0103,08,127,District - Kota,Total,Matric/secondary but below graduate,294028,191899,102129,108371,101761,6610,13036,9575,3461,6699,5541,1158,172621,80563,92058,21919,13834,8085
B0103,08,127,District - Kota,Total,Technical diploma or certificate not equal to degree,11181,9263,1918,5291,4731,560,382,330,52,240,210,30,5508,4202,1306,1627,1333,294
B0103,08,127,District - Kota,Total,Graduate and above other than technical degree,128320,74846,53474,64925,54637,10288,4449,2974,1475,2595,1908,687,58946,17235,41711,13248,6222,7026
B0103,08,127,District - Kota,Total,Technical degree or diploma equal to degree or post-graduate degree,28203,19292,8911,14633,11861,2772,1068,782,286,725,561,164,12502,6649,5853,4625,2852,1773
B0103,08,127,District - Kota,Rural,Total,774410,401331,373079,231253,175201,56052,126067,40773,85294,58041,26381,31660,417090,185357,231733,28177,13244,14933
B0103,08,127,District - Kota,Rural,Illiterate,318030,118253,199777,72802,37280,35522,63067,9903,53164,26935,6155,20780,182161,71070,111091,6196,897,5299
B0103,08,127,District - Kota,Rural,Literate,456380,283078,173302,158451,137921,20530,63000,30870,32130,31106,20226,10880,234929,114287,120642,21981,12347,9634
B0103,08,127,District - Kota,Rural,Literate but below matric/secondary,350653,206961,143692,113401,96777,16624,50606,23287,27319,24457,15222,9235,186646,86897,99749,10615,4527,6088
B0103,08,127,District - Kota,Rural,Matric/secondary but below graduate,67964,50002,17962,26847,25246,1601,6550,4614,1936,3455,2881,574,34567,20142,14425,6690,4612,2078
B0103,08,127,District - Kota,Rural,Technical diploma or certificate not equal to degree,2170,1861,309,821,746,75,127,114,13,90,84,6,1222,1001,221,529,436,93
B0103,08,127,District - Kota,Rural,Graduate and above other than technical degree,15033,11724,3309,8041,7467,574,1489,1163,326,1042,895,147,5503,3094,2409,2441,1682,759
B0103,08,127,District - Kota,Rural,Technical degree or diploma equal to degree or post-graduate degree,4188,3501,687,2014,1877,137,441,367,74,351,305,46,1733,1257,476,1060,804,256
B0103,08,127,District - Kota,Urban,Total,1176604,619830,556774,346295,292164,54131,45196,26512,18684,22168,14754,7414,785113,301154,483959,54732,26344,28388
B0103,08,127,District - Kota,Urban,Illiterate,334639,137512,197127,58130,36022,22108,14992,5321,9671,6899,2997,3902,261517,96169,165348,7259,1769,5490
B0103,08,127,District - Kota,Urban,Literate,841965,482318,359647,288165,256142,32023,30204,21191,9013,15269,11757,3512,523596,204985,318611,47473,24575,22898
B0103,08,127,District - Kota,Urban,Literate but below matric/secondary,446037,241635,204402,123289,110544,12745,18219,12767,5452,9267,7234,2033,304529,118324,186205,15612,7314,8298
B0103,08,127,District - Kota,Urban,Matric/secondary but below graduate,226064,141897,84167,81524,76515,5009,6486,4961,1525,3244,2660,584,138054,60421,77633,15229,9222,6007
B0103,08,127,District - Kota,Urban,Technical diploma or certificate not equal to degree,9011,7402,1609,4470,3985,485,255,216,39,150,126,24,4286,3201,1085,1098,897,201
B0103,08,127,District - Kota,Urban,Graduate and above other than technical degree,113287,63122,50165,56884,47170,9714,2960,1811,1149,1553,1013,540,53443,14141,39302,10807,4540,6267
B0103,08,127,District - Kota,Urban,Technical degree or diploma equal to degree or post-graduate degree,24015,15791,8224,12619,9984,2635,627,415,212,374,256,118,10769,5392,5377,3565,2048,1517
B0103,08,128,District - Baran,Total,Total,1222755,633945,588810,359785,262557,97228,192798,67197,125601,95301,44278,51023,670172,304191,365981,45104,22309,22795
B0103,08,128,District - Baran,Total,Illiterate,529448,201338,328110,128633,62772,65861,103260,18809,84451,48406,12263,36143,297555,119757,177798,9655,1682,7973
B0103,08,128,District - Baran,Total,Literate,693307,432607,260700,231152,199785,31367,89538,48388,41150,46895,32015,14880,372617,184434,188183,35449,20627,14822
B0103,08,128,District - Baran,Total,Literate but below matric/secondary,510719,304332,206387,153439,129871,23568,69450,35300,34150,35801,23454,12347,287830,139161,148669,16761,8210,8551
B0103,08,128,District - Baran,Total,Matric/secondary but below graduate,104407,74675,29732,39172,36579,2593,9037,6598,2439,5038,4199,839,56198,31498,24700,10353,7106,3247
B0103,08,128,District - Baran,Total,Technical diploma or certificate not equal to degree,2786,2282,504,1049,862,187,136,127,9,85,80,5,1601,1293,308,611,494,117
B0103,08,128,District - Baran,Total,Graduate and above other than technical degree,31878,23120,8758,17249,15603,1646,2410,1918,492,1562,1342,220,12219,5599,6620,4416,2796,1620
B0103,08,128,District - Baran,Total,Technical degree or diploma equal to degree or post-graduate degree,7858,6203,1655,4249,3796,453,652,549,103,498,437,61,2957,1858,1099,1603,1102,501
B0103,08,128,District - Baran,Rural,Total,968541,502228,466313,290513,205041,85472,177561,59106,118455,87251,39153,48098,500467,238081,262386,30061,15175,14886
B0103,08,128,District - Baran,Rural,Illiterate,447118,169637,277481,115140,54980,60160,96912,17047,79865,45257,11169,34088,235066,97610,137456,6894,1120,5774
B0103,08,128,District - Baran,Rural,Literate,521423,332591,188832,175373,150061,25312,80649,42059,38590,41994,27984,14010,265401,140471,124930,23167,14055,9112
B0103,08,128,District - Baran,Rural,Literate but below matric/secondary,405381,246537,158844,125548,105448,20100,63548,31251,32297,32537,20798,11739,216285,109838,106447,11641,5714,5927
B0103,08,128,District - Baran,Rural,Matric/secondary but below graduate,65587,50082,15505,25052,23282,1770,7483,5370,2113,4197,3463,734,33052,21430,11622,6705,4905,1800
B0103,08,128,District - Baran,Rural,Technical diploma or certificate not equal to degree,1641,1408,233,531,445,86,111,103,8,71,66,5,999,860,139,404,343,61
B0103,08,128,District - Baran,Rural,Graduate and above other than technical degree,15395,12625,2770,8584,7970,614,1828,1478,350,1230,1074,156,4983,3177,1806,2205,1661,544
B0103,08,128,District - Baran,Rural,Technical degree or diploma equal to degree or post-graduate degree,4413,3777,636,2316,2155,161,540,467,73,419,373,46,1557,1155,402,969,751,218
B0103,08,128,District - Baran,Urban,Total,254214,131717,122497,69272,57516,11756,15237,8091,7146,8050,5125,2925,169705,66110,103595,15043,7134,7909
B0103,08,128,District - Baran,Urban,Illiterate,82330,31701,50629,13493,7792,5701,6348,1762,4586,3149,1094,2055,62489,22147,40342,2761,562,2199
B0103,08,128,District - Baran,Urban,Literate,171884,100016,71868,55779,49724,6055,8889,6329,2560,4901,4031,870,107216,43963,63253,12282,6572,5710
B0103,08,128,District - Baran,Urban,Literate but below matric/secondary,105338,57795,47543,27891,24423,3468,5902,4049,1853,3264,2656,608,71545,29323,42222,5120,2496,2624
B0103,08,128,District - Baran,Urban,Matric/secondary but below graduate,38820,24593,14227,14120,13297,823,1554,1228,326,841,736,105,23146,10068,13078,3648,2201,1447
B0103,08,128,District - Baran,Urban,Technical diploma or certificate not equal to degree,1145,874,271,518,417,101,25,24,1,14,14,0,602,433,169,207,151,56
B0103,08,128,District - Baran,Urban,Graduate and above other than technical degree,16483,10495,5988,8665,7633,1032,582,440,142,332,268,64,7236,2422,4814,2211,1135,1076
B0103,08,128,District - Baran,Urban,Technical degree or diploma equal to degree or post-graduate degree,3445,2426,1019,1933,1641,292,112,82,30,79,64,15,1400,703,697,634,351,283
B0103,08,129,District - Jhalawar,Total,Total,1411129,725143,685986,475653,338321,137332,210297,64504,145793,82864,36193,46671,725179,322318,402861,35085,16265,18820
B0103,08,129,District - Jhalawar,Total,Illiterate,671337,258328,413009,202262,101676,100586,123632,19434,104198,44849,10593,34256,345443,137218,208225,8231,1407,6824
B0103,08,129,District - Jhalawar,Total,Literate,739792,466815,272977,273391,236645,36746,86665,45070,41595,38015,25600,12415,379736,185100,194636,26854,14858,11996
B0103,08,129,District - Jhalawar,Total,Literate but below matric/secondary,567825,347894,219931,194830,166571,28259,70281,34325,35956,29590,19117,10473,302714,146998,155716,12901,6114,6787
B0103,08,129,District - Jhalawar,Total,Matric/secondary but below graduate,102321,72068,30253,40814,37716,3098,8833,6256,2577,4339,3520,819,52674,28096,24578,7886,5160,2726
B0103,08,129,District - Jhalawar,Total,Technical diploma or certificate not equal to degree,2425,1944,481,1131,916,215,130,105,25,79,69,10,1164,923,241,383,324,59
B0103,08,129,District - Jhalawar,Total,Graduate and above other than technical degree,32211,22454,9757,18468,16317,2151,2050,1647,403,1291,1126,165,11693,4490,7203,3404,1907,1497
B0103,08,129,District - Jhalawar,Total,Technical degree or diploma equal to degree or post-graduate degree,7558,5886,1672,4222,3666,556,696,592,104,530,464,66,2640,1628,1012,1287,846,441
B0103,08,129,District - Jhalawar,Rural,Total,1181838,606533,575305,411455,283456,127999,200167,58830,141337,77654,32865,44789,570216,264247,305969,22999,11041,11958
B0103,08,129,District - Jhalawar,Rural,Illiterate,602972,231291,371681,192002,95396,96606,119937,18371,101566,43036,9900,33136,291033,117524,173509,6254,1072,5182
B0103,08,129,District - Jhalawar,Rural,Literate,578866,375242,203624,219453,188060,31393,80230,40459,39771,34618,22965,11653,279183,146723,132460,16745,9969,6776
B0103,08,129,District - Jhalawar,Rural,Literate but below matric/secondary,473690,296931,176759,169897,143751,26146,65948,31322,34626,27294,17368,9926,237845,121858,115987,8939,4399,4540
B0103,08,129,District - Jhalawar,Rural,Matric/secondary but below graduate,64588,48957,15631,27024,24793,2231,7656,5317,2339,3720,3008,712,29908,18847,11061,4840,3472,1368
B0103,08,129,District - Jhalawar,Rural,Technical diploma or certificate not equal to degree,1379,1153,226,589,504,85,105,84,21,66,57,9,685,565,120,249,214,35
B0103,08,129,District - Jhalawar,Rural,Graduate and above other than technical degree,13717,11198,2519,8284,7663,621,1577,1274,303,1037,914,123,3856,2261,1595,1418,1019,399
B0103,08,129,District - Jhalawar,Rural,Technical degree or diploma equal to degree or post-graduate degree,3940,3411,529,2113,1958,155,612,531,81,473,425,48,1215,922,293,665,525,140
B0103,08,129,District - Jhalawar,Urban,Total,229291,118610,110681,64198,54865,9333,10130,5674,4456,5210,3328,1882,154963,58071,96892,12086,5224,6862
B0103,08,129,District - Jhalawar,Urban,Illiterate,68365,27037,41328,10260,6280,3980,3695,1063,2632,1813,693,1120,54410,19694,34716,1977,335,1642
B0103,08,129,District - Jhalawar,Urban,Literate,160926,91573,69353,53938,48585,5353,6435,4611,1824,3397,2635,762,100553,38377,62176,10109,4889,5220
B0103,08,129,District - Jhalawar,Urban,Literate but below matric/secondary,94135,50963,43172,24933,22820,2113,4333,3003,1330,2296,1749,547,64869,25140,39729,3962,1715,2247
B0103,08,129,District - Jhalawar,Urban,Matric/secondary but below graduate,37733,23111,14622,13790,12923,867,1177,939,238,619,512,107,22766,9249,13517,3046,1688,1358
B0103,08,129,District - Jhalawar,Urban,Technical diploma or certificate not equal to degree,1046,791,255,542,412,130,25,21,4,13,12,1,479,358,121,134,110,24
B0103,08,129,District - Jhalawar,Urban,Graduate and above other than technical degree,18494,11256,7238,10184,8654,1530,473,373,100,254,212,42,7837,2229,5608,1986,888,1098
B0103,08,129,District - Jhalawar,Urban,Technical degree or diploma equal to degree or post-graduate degree,3618,2475,1143,2109,1708,401,84,61,23,57,39,18,1425,706,719,622,321,301
B0103,08,130,District - Udaipur,Total,Total,3068420,1566801,1501619,822355,623397,198958,543428,212442,330986,268321,128869,139452,1702637,730962,971675,95389,36779,58610
B0103,08,130,District - Udaipur,Total,Illiterate,1485791,593357,892434,310982,177328,133654,328246,77720,250526,151367,44969,106398,846563,338309,508254,29967,4584,25383
B0103,08,130,District - Udaipur,Total,Literate,1582629,973444,609185,511373,446069,65304,215182,134722,80460,116954,83900,33054,856074,392653,463421,65422,32195,33227
B0103,08,130,District - Udaipur,Total,Literate but below matric/secondary,1065717,646313,419404,286286,252538,33748,158983,98947,60036,86228,62176,24052,620448,294828,325620,31577,14688,16889
B0103,08,130,District - Udaipur,Total,Matric/secondary but below graduate,253402,163419,89983,96160,88404,7756,20499,14710,5789,11182,8811,2371,136743,60305,76438,16564,9579,6985
B0103,08,130,District - Udaipur,Total,Technical diploma or certificate not equal to degree,6429,4522,1907,3651,2815,836,238,162,76,129,90,39,2540,1545,995,575,347,228
B0103,08,130,District - Udaipur,Total,Graduate and above other than technical degree,116551,69767,46784,64777,52701,12076,4481,3175,1306,2485,1886,599,47293,13891,33402,8952,3831,5121
B0103,08,130,District - Udaipur,Total,Technical degree or diploma equal to degree or post-graduate degree,26048,17040,9008,14667,11028,3639,1276,948,328,910,690,220,10105,5064,5041,3116,1627,1489
B0103,08,130,District - Udaipur,Rural,Total,2459994,1251316,1208678,629000,463211,165789,527103,203508,323595,261625,124621,137004,1303891,584597,719294,70393,26429,43964
B0103,08,130,District - Udaipur,Rural,Illiterate,1351148,538937,812211,291764,166275,125489,323404,76302,247102,149534,44288,105246,735980,296360,439620,27527,4183,23344
B0103,08,130,District - Udaipur,Rural,Literate,1108846,712379,396467,337236,296936,40300,203699,127206,76493,112091,80333,31758,567911,288237,279674,42866,22246,20620
B0103,08,130,District - Udaipur,Rural,Literate but below matric/secondary,848588,532924,315664,230163,202831,27332,152850,94994,57856,83599,60169,23430,465575,235099,230476,25251,11899,13352
B0103,08,130,District - Udaipur,Rural,Matric/secondary but below graduate,123486,87417,36069,46660,42867,3793,17873,12783,5090,10127,7985,2142,58953,31767,27186,9461,5903,3558
B0103,08,130,District - Udaipur,Rural,Technical diploma or certificate not equal to degree,2392,1707,685,1274,974,300,173,112,61,102,68,34,945,621,324,302,189,113
B0103,08,130,District - Udaipur,Rural,Graduate and above other than technical degree,26730,19742,6988,15327,13384,1943,2933,2227,706,1880,1525,355,8470,4131,4339,2766,1667,1099
B0103,08,130,District - Udaipur,Rural,Technical degree or diploma equal to degree or post-graduate degree,7091,5397,1694,3773,3173,600,950,747,203,735,586,149,2368,1477,891,1128,714,414
B0103,08,130,District - Udaipur,Urban,Total,608426,315485,292941,193355,160186,33169,16325,8934,7391,6696,4248,2448,398746,146365,252381,24996,10350,14646
B0103,08,130,District - Udaipur,Urban,Illiterate,134643,54420,80223,19218,11053,8165,4842,1418,3424,1833,681,1152,110583,41949,68634,2440,401,2039
B0103,08,130,District - Udaipur,Urban,Literate,473783,261065,212718,174137,149133,25004,11483,7516,3967,4863,3567,1296,288163,104416,183747,22556,9949,12607
B0103,08,130,District - Udaipur,Urban,Literate but below matric/secondary,217129,113389,103740,56123,49707,6416,6133,3953,2180,2629,2007,622,154873,59729,95144,6326,2789,3537
B0103,08,130,District - Udaipur,Urban,Matric/secondary but below graduate,129916,76002,53914,49500,45537,3963,2626,1927,699,1055,826,229,77790,28538,49252,7103,3676,3427
B0103,08,130,District - Udaipur,Urban,Technical diploma or certificate not equal to degree,4037,2815,1222,2377,1841,536,65,50,15,27,22,5,1595,924,671,273,158,115
B0103,08,130,District - Udaipur,Urban,Graduate and above other than technical degree,89821,50025,39796,49450,39317,10133,1548,948,600,605,361,244,38823,9760,29063,6186,2164,4022
B0103,08,130,District - Udaipur,Urban,Technical degree or diploma equal to degree or post-graduate degree,18957,11643,7314,10894,7855,3039,326,201,125,175,104,71,7737,3587,4150,1988,913,1075
B0103,08,131,District - Pratapgarh,Total,Total,867848,437744,430104,327445,204151,123294,153849,47540,106309,59271,23134,36137,386554,186053,200501,9951,4593,5358
B0103,08,131,District - Pratapgarh,Total,Illiterate,466333,187622,278711,166255,76334,89921,88879,14100,74779,35500,8165,27335,211199,97188,114011,2275,605,1670
B0103,08,131,District - Pratapgarh,Total,Literate,401515,250122,151393,161190,127817,33373,64970,33440,31530,23771,14969,8802,175355,88865,86490,7676,3988,3688
B0103,08,131,District - Pratapgarh,Total,Literate but below matric/secondary,317333,193609,123724,118407,92236,26171,52615,26263,26352,18345,11401,6944,146311,75110,71201,3663,1756,1907
B0103,08,131,District - Pratapgarh,Total,Matric/secondary but below graduate,50163,34121,16042,22093,19326,2767,7436,4584,2852,2660,1904,756,20634,10211,10423,2394,1365,1029
B0103,08,131,District - Pratapgarh,Total,Technical diploma or certificate not equal to degree,1302,1016,286,737,585,152,142,113,29,100,84,16,423,318,105,128,97,31
B0103,08,131,District - Pratapgarh,Total,Graduate and above other than technical degree,13103,9281,3822,8167,7170,997,1036,766,270,610,487,123,3900,1345,2555,910,454,456
B0103,08,131,District - Pratapgarh,Total,Technical degree or diploma equal to degree or post-graduate degree,2884,2266,618,1774,1532,242,288,239,49,207,181,26,822,495,327,300,182,118
B0103,08,131,District - Pratapgarh,Rural,Total,796041,401171,394870,304356,185554,118802,150571,46166,104405,58047,22491,35556,341114,169451,171663,7269,3563,3706
B0103,08,131,District - Pratapgarh,Rural,Illiterate,447969,180510,267459,163038,74829,88209,87688,13853,73835,35048,8027,27021,197243,91828,105415,1975,561,1414
B0103,08,131,District - Pratapgarh,Rural,Literate,348072,220661,127411,141318,110725,30593,62883,32313,30570,22999,14464,8535,143871,77623,66248,5294,3002,2292
B0103,08,131,District - Pratapgarh,Rural,Literate but below matric/secondary,287347,178083,109264,109844,84961,24883,51183,25528,25655,17822,11068,6754,126320,67594,58726,2770,1439,1331
B0103,08,131,District - Pratapgarh,Rural,Matric/secondary but below graduate,36152,25883,10269,16220,13999,2221,7028,4338,2690,2524,1808,716,12904,7546,5358,1678,1026,652
B0103,08,131,District - Pratapgarh,Rural,Technical diploma or certificate not equal to degree,959,778,181,528,440,88,137,108,29,95,79,16,294,230,64,93,72,21
B0103,08,131,District - Pratapgarh,Rural,Graduate and above other than technical degree,6595,5304,1291,4248,3854,394,894,676,218,544,443,101,1453,774,679,423,270,153
B0103,08,131,District - Pratapgarh,Rural,Technical degree or diploma equal to degree or post-graduate degree,1741,1507,234,1107,1014,93,273,229,44,199,176,23,361,264,97,141,104,37
B0103,08,131,District - Pratapgarh,Urban,Total,71807,36573,35234,23089,18597,4492,3278,1374,1904,1224,643,581,45440,16602,28838,2682,1030,1652
B0103,08,131,District - Pratapgarh,Urban,Illiterate,18364,7112,11252,3217,1505,1712,1191,247,944,452,138,314,13956,5360,8596,300,44,256
B0103,08,131,District - Pratapgarh,Urban,Literate,53443,29461,23982,19872,17092,2780,2087,1127,960,772,505,267,31484,11242,20242,2382,986,1396
B0103,08,131,District - Pratapgarh,Urban,Literate but below matric/secondary,29986,15526,14460,8563,7275,1288,1432,735,697,523,333,190,19991,7516,12475,893,317,576
B0103,08,131,District - Pratapgarh,Urban,Matric/secondary but below graduate,14011,8238,5773,5873,5327,546,408,246,162,136,96,40,7730,2665,5065,716,339,377
B0103,08,131,District - Pratapgarh,Urban,Technical diploma or certificate not equal to degree,343,238,105,209,145,64,5,5,0,5,5,0,129,88,41,35,25,10
B0103,08,131,District - Pratapgarh,Urban,Graduate and above other than technical degree,6508,3977,2531,3919,3316,603,142,90,52,66,44,22,2447,571,1876,487,184,303
B0103,08,131,District - Pratapgarh,Urban,Technical degree or diploma equal to degree or post-graduate degree,1143,759,384,667,518,149,15,10,5,8,5,3,461,231,230,159,78,81
B0103,09,132,District - Saharanpur,Total,Total,3466382,1834106,1632276,882701,801589,81112,154643,109547,45096,67830,55513,12317,2429038,922970,1506068,103839,54094,49745
B0103,09,132,District - Saharanpur,Total,Illiterate,1389274,613992,775282,253826,214112,39714,60808,35117,25691,24469,17803,6666,1074640,364763,709877,21629,6603,15026
B0103,09,132,District - Saharanpur,Total,Literate,2077108,1220114,856994,628875,587477,41398,93835,74430,19405,43361,37710,5651,1354398,558207,796191,82210,47491,34719
B0103,09,132,District - Saharanpur,Total,Literate but below matric/secondary,1378335,793244,585091,347692,328075,19617,62343,49664,12679,28950,25687,3263,968300,415505,552795,35031,20486,14545
B0103,09,132,District - Saharanpur,Total,Matric/secondary but below graduate,424945,263801,161144,160074,152159,7915,18076,14686,3390,8350,7223,1127,246795,96956,149839,27559,16557,11002
B0103,09,132,District - Saharanpur,Total,Technical diploma or certificate not equal to degree,4157,3722,435,1658,1590,68,148,136,12,85,79,6,2351,1996,355,698,637,61
B0103,09,132,District - Saharanpur,Total,Graduate and above other than technical degree,149685,86340,63345,72486,63683,8803,5930,4273,1657,2785,2079,706,71269,18384,52885,12454,5984,6470
B0103,09,132,District - Saharanpur,Total,Technical degree or diploma equal to degree or post-graduate degree,20044,14507,5537,10386,8857,1529,836,627,209,416,310,106,8822,5023,3799,2514,1687,827
B0103,09,132,District - Saharanpur,Rural,Total,2399856,1269803,1130053,605269,550895,54374,113110,79019,34091,49572,40918,8654,1681477,639889,1041588,61902,31602,30300
B0103,09,132,District - Saharanpur,Rural,Illiterate,1009810,436743,573067,186296,154909,31387,47254,25948,21306,18659,13307,5352,776260,255886,520374,13868,3157,10711
B0103,09,132,District - Saharanpur,Rural,Literate,1390046,833060,556986,418973,395986,22987,65856,53071,12785,30913,27611,3302,905217,384003,521214,48034,28445,19589
B0103,09,132,District - Saharanpur,Rural,Literate but below matric/secondary,1002262,579691,422571,257194,243150,14044,47140,37705,9435,22023,19806,2217,697928,298836,399092,22543,12738,9805
B0103,09,132,District - Saharanpur,Rural,Matric/secondary but below graduate,256062,168263,87799,102316,98232,4084,11552,9674,1878,5460,4898,562,142194,60357,81837,16423,10231,6192
B0103,09,132,District - Saharanpur,Rural,Technical diploma or certificate not equal to degree,2591,2432,159,923,906,17,77,74,3,52,50,2,1591,1452,139,493,465,28
B0103,09,132,District - Saharanpur,Rural,Graduate and above other than technical degree,60736,40352,20384,32435,29581,2854,2598,2089,509,1415,1190,225,25703,8682,17021,5635,3191,2444
B0103,09,132,District - Saharanpur,Rural,Technical degree or diploma equal to degree or post-graduate degree,7280,6111,1169,3836,3597,239,283,245,38,161,137,24,3161,2269,892,1076,852,224
B0103,09,132,District - Saharanpur,Urban,Total,1066526,564303,502223,277432,250694,26738,41533,30528,11005,18258,14595,3663,747561,283081,464480,41937,22492,19445
B0103,09,132,District - Saharanpur,Urban,Illiterate,379464,177249,202215,67530,59203,8327,13554,9169,4385,5810,4496,1314,298380,108877,189503,7761,3446,4315
B0103,09,132,District - Saharanpur,Urban,Literate,687062,387054,300008,209902,191491,18411,27979,21359,6620,12448,10099,2349,449181,174204,274977,34176,19046,15130
B0103,09,132,District - Saharanpur,Urban,Literate but below matric/secondary,376073,213553,162520,90498,84925,5573,15203,11959,3244,6927,5881,1046,270372,116669,153703,12488,7748,4740
B0103,09,132,District - Saharanpur,Urban,Matric/secondary but below graduate,168883,95538,73345,57758,53927,3831,6524,5012,1512,2890,2325,565,104601,36599,68002,11136,6326,4810
B0103,09,132,District - Saharanpur,Urban,Technical diploma or certificate not equal to degree,1566,1290,276,735,684,51,71,62,9,33,29,4,760,544,216,205,172,33
B0103,09,132,District - Saharanpur,Urban,Graduate and above other than technical degree,88949,45988,42961,40051,34102,5949,3332,2184,1148,1370,889,481,45566,9702,35864,6819,2793,4026
B0103,09,132,District - Saharanpur,Urban,Technical degree or diploma equal to degree or post-graduate degree,12764,8396,4368,6550,5260,1290,553,382,171,255,173,82,5661,2754,2907,1438,835,603
B0103,09,133,District - Muzaffarnagar,Total,Total,4143512,2193434,1950078,1085491,962213,123278,206153,119356,86797,65644,51859,13785,2851868,1111865,1740003,108131,61143,46988
B0103,09,133,District - Muzaffarnagar,Total,Illiterate,1726173,744906,981267,315178,248333,66845,85273,36818,48455,22458,15348,7110,1325722,459755,865967,20821,7065,13756
B0103,09,133,District - Muzaffarnagar,Total,Literate,2417339,1448528,968811,770313,713880,56433,120880,82538,38342,43186,36511,6675,1526146,652110,874036,87310,54078,33232
B0103,09,133,District - Muzaffarnagar,Total,Literate but below matric/secondary,1594240,935547,658693,420667,390736,29931,80855,55403,25452,27968,24201,3767,1092718,489408,603310,35328,22227,13101
B0103,09,133,District - Muzaffarnagar,Total,Matric/secondary but below graduate,546984,348031,198953,220425,208178,12247,26901,18613,8288,10077,8362,1715,299658,121240,178418,33249,21496,11753
B0103,09,133,District - Muzaffarnagar,Total,Technical diploma or certificate not equal to degree,4871,4322,549,2345,2240,105,225,198,27,122,111,11,2301,1884,417,621,557,64
B0103,09,133,District - Muzaffarnagar,Total,Graduate and above other than technical degree,165544,96548,68996,82074,72823,9251,6047,3821,2226,2687,1913,774,77423,19904,57519,13063,6619,6444
B0103,09,133,District - Muzaffarnagar,Total,Technical degree or diploma equal to degree or post-graduate degree,22119,16179,5940,11946,10325,1621,831,642,189,454,355,99,9342,5212,4130,2565,1709,856
B0103,09,133,District - Muzaffarnagar,Rural,Total,2952200,1565004,1387196,777086,680350,96736,166370,91712,74658,51021,40252,10769,2008744,792942,1215802,68890,38910,29980
B0103,09,133,District - Muzaffarnagar,Rural,Illiterate,1256806,532459,724347,235629,179187,56442,70227,27502,42725,17609,11667,5942,950950,325770,625180,13567,3642,9925
B0103,09,133,District - Muzaffarnagar,Rural,Literate,1695394,1032545,662849,541457,501163,40294,96143,64210,31933,33412,28585,4827,1057794,467172,590622,55323,35268,20055
B0103,09,133,District - Muzaffarnagar,Rural,Literate but below matric/secondary,1183856,698310,485546,317339,292610,24729,66200,44120,22080,22352,19329,3023,800317,361580,438737,23252,14433,8819
B0103,09,133,District - Muzaffarnagar,Rural,Matric/secondary but below graduate,365222,241693,123529,155003,146131,8872,20860,14217,6643,7720,6518,1202,189359,81345,108014,22137,14860,7277
B0103,09,133,District - Muzaffarnagar,Rural,Technical diploma or certificate not equal to degree,2731,2437,294,1131,1077,54,167,148,19,99,92,7,1433,1212,221,424,391,33
B0103,09,133,District - Muzaffarnagar,Rural,Graduate and above other than technical degree,74062,48164,25898,39195,35388,3807,3745,2443,1302,1641,1291,350,31122,10333,20789,6759,3789,2970
B0103,09,133,District - Muzaffarnagar,Rural,Technical degree or diploma equal to degree or post-graduate degree,8284,6749,1535,4501,4136,365,401,332,69,228,192,36,3382,2281,1101,1075,797,278
B0103,09,133,District - Muzaffarnagar,Urban,Total,1191312,628430,562882,308405,281863,26542,39783,27644,12139,14623,11607,3016,843124,318923,524201,39241,22233,17008
B0103,09,133,District - Muzaffarnagar,Urban,Illiterate,469367,212447,256920,79549,69146,10403,15046,9316,5730,4849,3681,1168,374772,133985,240787,7254,3423,3831
B0103,09,133,District - Muzaffarnagar,Urban,Literate,721945,415983,305962,228856,212717,16139,24737,18328,6409,9774,7926,1848,468352,184938,283414,31987,18810,13177
B0103,09,133,District - Muzaffarnagar,Urban,Literate but below matric/secondary,410384,237237,173147,103328,98126,5202,14655,11283,3372,5616,4872,744,292401,127828,164573,12076,7794,4282
B0103,09,133,District - Muzaffarnagar,Urban,Matric/secondary but below graduate,181762,106338,75424,65422,62047,3375,6041,4396,1645,2357,1844,513,110299,39895,70404,11112,6636,4476
B0103,09,133,District - Muzaffarnagar,Urban,Technical diploma or certificate not equal to degree,2140,1885,255,1214,1163,51,58,50,8,23,19,4,868,672,196,197,166,31
B0103,09,133,District - Muzaffarnagar,Urban,Graduate and above other than technical degree,91482,48384,43098,42879,37435,5444,2302,1378,924,1046,622,424,46301,9571,36730,6304,2830,3474
B0103,09,133,District - Muzaffarnagar,Urban,Technical degree or diploma equal to degree or post-graduate degree,13835,9430,4405,7445,6189,1256,430,310,120,226,163,63,5960,2931,3029,1490,912,578
B0103,09,134,District - Bijnor,Total,Total,3682713,1921215,1761498,839778,749729,90049,248258,171768,76490,107571,88905,18666,2594677,999718,1594959,139213,69096,70117
B0103,09,134,District - Bijnor,Total,Illiterate,1547320,679744,867576,261608,215786,45822,101483,57595,43888,39031,28882,10149,1184229,406363,777866,33255,9309,23946
B0103,09,134,District - Bijnor,Total,Literate,2135393,1241471,893922,578170,533943,44227,146775,114173,32602,68540,60023,8517,1410448,593355,817093,105958,59787,46171
B0103,09,134,District - Bijnor,Total,Literate but below matric/secondary,1444942,821696,623246,320438,298634,21804,98375,76631,21744,45997,40942,5055,1026129,446431,579698,49913,27636,22277
B0103,09,134,District - Bijnor,Total,Matric/secondary but below graduate,399003,244292,154711,131750,123686,8064,25394,20083,5311,12073,10323,1750,241859,100523,141336,34206,20567,13639
B0103,09,134,District - Bijnor,Total,Technical diploma or certificate not equal to degree,3617,3241,376,1790,1704,86,171,155,16,85,77,8,1656,1382,274,529,471,58
B0103,09,134,District - Bijnor,Total,Graduate and above other than technical degree,134837,80701,54136,65647,57121,8526,7812,5883,1929,3834,3025,809,61378,17697,43681,13102,6437,6665
B0103,09,134,District - Bijnor,Total,Technical degree or diploma equal to degree or post-graduate degree,16184,12023,4161,8442,7212,1230,802,636,166,344,282,62,6940,4175,2765,2183,1518,665
B0103,09,134,District - Bijnor,Rural,Total,2757401,1438412,1318989,624535,554375,70160,203001,136227,66774,88676,73018,15658,1929865,747810,1182055,100633,48660,51973
B0103,09,134,District - Bijnor,Rural,Illiterate,1161227,495476,665751,193621,155546,38075,83192,43843,39349,31880,22865,9015,884414,296087,588327,23924,5215,18709
B0103,09,134,District - Bijnor,Rural,Literate,1596174,942936,653238,430914,398829,32085,119809,92384,27425,56796,50153,6643,1045451,451723,593728,76709,43445,33264
B0103,09,134,District - Bijnor,Rural,Literate but below matric/secondary,1121557,640735,480822,249114,231235,17879,82329,63260,19069,38824,34547,4277,790114,346240,443874,36843,19826,17017
B0103,09,134,District - Bijnor,Rural,Matric/secondary but below graduate,282931,182126,100805,97888,92146,5742,19916,15764,4152,9644,8433,1211,165127,74216,90911,25224,15665,9559
B0103,09,134,District - Bijnor,Rural,Technical diploma or certificate not equal to degree,2449,2243,206,1135,1096,39,121,113,8,58,57,1,1193,1034,159,420,388,32
B0103,09,134,District - Bijnor,Rural,Graduate and above other than technical degree,79338,51622,27716,40986,36392,4594,5448,4251,1197,2871,2415,456,32904,10979,21925,8492,4312,4180
B0103,09,134,District - Bijnor,Rural,Technical degree or diploma equal to degree or post-graduate degree,8282,6651,1631,4319,3819,500,458,385,73,218,188,30,3505,2447,1058,1309,992,317
B0103,09,134,District - Bijnor,Urban,Total,925312,482803,442509,215243,195354,19889,45257,35541,9716,18895,15887,3008,664812,251908,412904,38580,20436,18144
B0103,09,134,District - Bijnor,Urban,Illiterate,386093,184268,201825,67987,60240,7747,18291,13752,4539,7151,6017,1134,299815,110276,189539,9331,4094,5237
B0103,09,134,District - Bijnor,Urban,Literate,539219,298535,240684,147256,135114,12142,26966,21789,5177,11744,9870,1874,364997,141632,223365,29249,16342,12907
B0103,09,134,District - Bijnor,Urban,Literate but below matric/secondary,323385,180961,142424,71324,67399,3925,16046,13371,2675,7173,6395,778,236015,100191,135824,13070,7810,5260
B0103,09,134,District - Bijnor,Urban,Matric/secondary but below graduate,116072,62166,53906,33862,31540,2322,5478,4319,1159,2429,1890,539,76732,26307,50425,8982,4902,4080
B0103,09,134,District - Bijnor,Urban,Technical diploma or certificate not equal to degree,1168,998,170,655,608,47,50,42,8,27,20,7,463,348,115,109,83,26
B0103,09,134,District - Bijnor,Urban,Graduate and above other than technical degree,55499,29079,26420,24661,20729,3932,2364,1632,732,963,610,353,28474,6718,21756,4610,2125,2485
B0103,09,134,District - Bijnor,Urban,Technical degree or diploma equal to degree or post-graduate degree,7902,5372,2530,4123,3393,730,344,251,93,126,94,32,3435,1728,1707,874,526,348
B0103,09,135,District - Moradabad,Total,Total,4772006,2503186,2268820,1104968,988949,116019,312843,204490,108353,130797,106073,24724,3354195,1309747,2044448,151137,79524,71613
B0103,09,135,District - Moradabad,Total,Illiterate,2508158,1145751,1362407,496127,425401,70726,166983,93456,73527,65547,49839,15708,1845048,626894,1218154,49082,17893,31189
B0103,09,135,District - Moradabad,Total,Literate,2263848,1357435,906413,608841,563548,45293,145860,111034,34826,65250,56234,9016,1509147,682853,826294,102055,61631,40424
B0103,09,135,District - Moradabad,Total,Literate but below matric/secondary,1483474,876735,606739,314820,295305,19515,90959,69940,21019,40530,35835,4695,1077695,511490,566205,43152,26726,16426
B0103,09,135,District - Moradabad,Total,Matric/secondary but below graduate,435631,271225,164406,145536,136657,8879,27899,21374,6525,12845,10735,2110,262196,113194,149002,34966,21785,13181
B0103,09,135,District - Moradabad,Total,Technical diploma or certificate not equal to degree,2693,2250,443,1317,1231,86,167,125,42,85,65,20,1209,894,315,289,235,54
B0103,09,135,District - Moradabad,Total,Graduate and above other than technical degree,170318,100557,69761,81034,70699,10335,9716,6730,2986,4368,3244,1124,79568,23128,56440,15355,7895,7460
B0103,09,135,District - Moradabad,Total,Technical degree or diploma equal to degree or post-graduate degree,17301,12003,5298,8845,7218,1627,938,669,269,454,326,128,7518,4116,3402,2145,1446,699
B0103,09,135,District - Moradabad,Rural,Total,3198383,1680022,1518361,716119,638781,77338,234415,147771,86644,96166,78205,17961,2247849,893470,1354379,86360,44796,41564
B0103,09,135,District - Moradabad,Rural,Illiterate,1791241,800028,991213,351507,297444,54063,132206,68607,63599,49853,36923,12930,1307528,433977,873551,31763,9381,22382
B0103,09,135,District - Moradabad,Rural,Literate,1407142,879994,527148,364612,341337,23275,102209,79164,23045,46313,41282,5031,940321,459493,480828,54597,35415,19182
B0103,09,135,District - Moradabad,Rural,Literate but below matric/secondary,1026426,619504,406922,216417,202926,13491,69456,53214,16242,30952,27638,3314,740553,363364,377189,26953,16901,10052
B0103,09,135,District - Moradabad,Rural,Matric/secondary but below graduate,222731,153789,68942,79240,74998,4242,17120,13725,3395,8091,7139,952,126371,65066,61305,18040,12340,5700
B0103,09,135,District - Moradabad,Rural,Technical diploma or certificate not equal to degree,869,775,94,336,317,19,54,50,4,27,27,0,479,408,71,123,114,9
B0103,09,135,District - Moradabad,Rural,Graduate and above other than technical degree,51368,37584,13784,27942,25445,2497,3874,3220,654,2010,1784,226,19552,8919,10633,5236,3422,1814
B0103,09,135,District - Moradabad,Rural,Technical degree or diploma equal to degree or post-graduate degree,4278,3528,750,2132,1935,197,240,209,31,140,125,15,1906,1384,522,600,471,129
B0103,09,135,District - Moradabad,Urban,Total,1573623,823164,750459,388849,350168,38681,78428,56719,21709,34631,27868,6763,1106346,416277,690069,64777,34728,30049
B0103,09,135,District - Moradabad,Urban,Illiterate,716917,345723,371194,144620,127957,16663,34777,24849,9928,15694,12916,2778,537520,192917,344603,17319,8512,8807
B0103,09,135,District - Moradabad,Urban,Literate,856706,477441,379265,244229,222211,22018,43651,31870,11781,18937,14952,3985,568826,223360,345466,47458,26216,21242
B0103,09,135,District - Moradabad,Urban,Literate but below matric/secondary,457048,257231,199817,98403,92379,6024,21503,16726,4777,9578,8197,1381,337142,148126,189016,16199,9825,6374
B0103,09,135,District - Moradabad,Urban,Matric/secondary but below graduate,212900,117436,95464,66296,61659,4637,10779,7649,3130,4754,3596,1158,135825,48128,87697,16926,9445,7481
B0103,09,135,District - Moradabad,Urban,Technical diploma or certificate not equal to degree,1824,1475,349,981,914,67,113,75,38,58,38,20,730,486,244,166,121,45
B0103,09,135,District - Moradabad,Urban,Graduate and above other than technical degree,118950,62973,55977,53092,45254,7838,5842,3510,2332,2358,1460,898,60016,14209,45807,10119,4473,5646
B0103,09,135,District - Moradabad,Urban,Technical degree or diploma equal to degree or post-graduate degree,13023,8475,4548,6713,5283,1430,698,460,238,314,201,113,5612,2732,2880,1545,975,570
B0103,09,136,District - Rampur,Total,Total,2335819,1223889,1111930,564266,502124,62142,172995,107569,65426,73465,57467,15998,1598558,614196,984362,75226,35354,39872
B0103,09,136,District - Rampur,Total,Illiterate,1292153,593481,698672,285393,245047,40346,96988,50812,46176,37987,27103,10884,909772,297622,612150,29398,8418,20980
B0103,09,136,District - Rampur,Total,Literate,1043666,630408,413258,278873,257077,21796,76007,56757,19250,35478,30364,5114,688786,316574,372212,45828,26936,18892
B0103,09,136,District - Rampur,Total,Literate but below matric/secondary,745319,442166,303153,162307,150951,11356,53939,39280,14659,24608,20972,3636,529073,251935,277138,23388,13559,9829
B0103,09,136,District - Rampur,Total,Matric/secondary but below graduate,171598,108903,62695,60086,56292,3794,12037,9730,2307,5986,5188,798,99475,42881,56594,13637,8436,5201
B0103,09,136,District - Rampur,Total,Technical diploma or certificate not equal to degree,1034,881,153,549,494,55,41,39,2,23,21,2,444,348,96,130,110,20
B0103,09,136,District - Rampur,Total,Graduate and above other than technical degree,60679,36601,24078,29150,25079,4071,3183,2500,683,1612,1358,254,28346,9022,19324,5756,3105,2651
B0103,09,136,District - Rampur,Total,Technical degree or diploma equal to degree or post-graduate degree,5957,4263,1694,3109,2591,518,269,207,62,155,127,28,2579,1465,1114,728,488,240
B0103,09,136,District - Rampur,Rural,Total,1747172,916878,830294,406223,360953,45270,148735,89853,58882,63000,49142,13858,1192214,466072,726142,51792,23092,28700
B0103,09,136,District - Rampur,Rural,Illiterate,988193,446272,541921,211424,180529,30895,84060,41837,42223,32459,22848,9611,692709,223906,468803,21832,4994,16838
B0103,09,136,District - Rampur,Rural,Literate,758979,470606,288373,194799,180424,14375,64675,48016,16659,30541,26294,4247,499505,242166,257339,29960,18098,11862
B0103,09,136,District - Rampur,Rural,Literate but below matric/secondary,587230,353042,234188,125807,116934,8873,47800,34510,13290,21829,18595,3234,413623,201598,212025,17723,10140,7583
B0103,09,136,District - Rampur,Rural,Matric/secondary but below graduate,101829,70040,31789,37273,34985,2288,9264,7569,1695,4855,4302,553,55292,27486,27806,8063,5364,2699
B0103,09,136,District - Rampur,Rural,Technical diploma or certificate not equal to degree,429,378,51,194,179,15,25,23,2,13,11,2,210,176,34,53,48,5
B0103,09,136,District - Rampur,Rural,Graduate and above other than technical degree,24593,17377,7216,13086,11447,1639,1965,1621,344,1098,975,123,9542,4309,5233,2407,1503,904
B0103,09,136,District - Rampur,Rural,Technical degree or diploma equal to degree or post-graduate degree,2120,1681,439,1118,987,131,141,117,24,86,76,10,861,577,284,259,192,67
B0103,09,136,District - Rampur,Urban,Total,588647,307011,281636,158043,141171,16872,24260,17716,6544,10465,8325,2140,406344,148124,258220,23434,12262,11172
B0103,09,136,District - Rampur,Urban,Illiterate,303960,147209,156751,73969,64518,9451,12928,8975,3953,5528,4255,1273,217063,73716,143347,7566,3424,4142
B0103,09,136,District - Rampur,Urban,Literate,284687,159802,124885,84074,76653,7421,11332,8741,2591,4937,4070,867,189281,74408,114873,15868,8838,7030
B0103,09,136,District - Rampur,Urban,Literate but below matric/secondary,158089,89124,68965,36500,34017,2483,6139,4770,1369,2779,2377,402,115450,50337,65113,5665,3419,2246
B0103,09,136,District - Rampur,Urban,Matric/secondary but below graduate,69769,38863,30906,22813,21307,1506,2773,2161,612,1131,886,245,44183,15395,28788,5574,3072,2502
B0103,09,136,District - Rampur,Urban,Technical diploma or certificate not equal to degree,605,503,102,355,315,40,16,16,0,10,10,0,234,172,62,77,62,15
B0103,09,136,District - Rampur,Urban,Graduate and above other than technical degree,36086,19224,16862,16064,13632,2432,1218,879,339,514,383,131,18804,4713,14091,3349,1602,1747
B0103,09,136,District - Rampur,Urban,Technical degree or diploma equal to degree or post-graduate degree,3837,2582,1255,1991,1604,387,128,90,38,69,51,18,1718,888,830,469,296,173
B0103,09,137,District - Jyotiba Phule Nagar,Total,Total,1840221,963449,876772,453567,386571,66996,145522,72466,73056,49430,38136,11294,1241132,504412,736720,58888,31150,27738
B0103,09,137,District - Jyotiba Phule Nagar,Total,Illiterate,857111,362908,494203,170908,128896,42012,73966,24570,49396,19806,12910,6896,612237,209442,402795,15266,4261,11005
B0103,09,137,District - Jyotiba Phule Nagar,Total,Literate,983110,600541,382569,282659,257675,24984,71556,47896,23660,29624,25226,4398,628895,294970,333925,43622,26889,16733
B0103,09,137,District - Jyotiba Phule Nagar,Total,Literate but below matric/secondary,685120,406700,278420,162242,147858,14384,49405,32655,16750,19609,16904,2705,473473,226187,247286,19325,11535,7790
B0103,09,137,District - Jyotiba Phule Nagar,Total,Matric/secondary but below graduate,184030,119867,64163,66558,61955,4603,12960,8935,4025,5647,4726,921,104512,48977,55535,14902,9703,5199
B0103,09,137,District - Jyotiba Phule Nagar,Total,Technical diploma or certificate not equal to degree,1408,1262,146,653,621,32,57,56,1,34,34,0,698,585,113,219,204,15
B0103,09,137,District - Jyotiba Phule Nagar,Total,Graduate and above other than technical degree,63027,40805,22222,31618,27964,3654,4048,2781,1267,2070,1639,431,27361,10060,17301,6373,3693,2680
B0103,09,137,District - Jyotiba Phule Nagar,Total,Technical degree or diploma equal to degree or post-graduate degree,6998,5415,1583,3583,3115,468,376,292,84,210,172,38,3039,2008,1031,954,714,240
B0103,09,137,District - Jyotiba Phule Nagar,Rural,Total,1381508,724539,656969,341948,288467,53481,122000,55718,66282,37402,28643,8759,917560,380354,537206,41157,21664,19493
B0103,09,137,District - Jyotiba Phule Nagar,Rural,Illiterate,652301,268256,384045,130897,95693,35204,63194,17444,45750,14612,8868,5744,458210,155119,303091,10304,2184,8120
B0103,09,137,District - Jyotiba Phule Nagar,Rural,Literate,729207,456283,272924,211051,192774,18277,58806,38274,20532,22790,19775,3015,459350,225235,234115,30853,19480,11373
B0103,09,137,District - Jyotiba Phule Nagar,Rural,Literate but below matric/secondary,529022,317890,211132,126800,115335,11465,41317,26468,14849,15254,13318,1936,360905,176087,184818,13652,7996,5656
B0103,09,137,District - Jyotiba Phule Nagar,Rural,Matric/secondary but below graduate,129032,88989,40043,49184,45858,3326,10485,7093,3392,4356,3730,626,69363,36038,33325,11076,7550,3526
B0103,09,137,District - Jyotiba Phule Nagar,Rural,Technical diploma or certificate not equal to degree,804,735,69,320,309,11,34,33,1,23,23,0,450,393,57,157,146,11
B0103,09,137,District - Jyotiba Phule Nagar,Rural,Graduate and above other than technical degree,37186,26744,10442,19970,17965,2005,3046,2101,945,1541,1303,238,14170,6678,7492,4240,2661,1579
B0103,09,137,District - Jyotiba Phule Nagar,Rural,Technical degree or diploma equal to degree or post-graduate degree,3473,2917,556,1729,1582,147,248,193,55,140,121,19,1496,1142,354,561,452,109
B0103,09,137,District - Jyotiba Phule Nagar,Urban,Total,458713,238910,219803,111619,98104,13515,23522,16748,6774,12028,9493,2535,323572,124058,199514,17731,9486,8245
B0103,09,137,District - Jyotiba Phule Nagar,Urban,Illiterate,204810,94652,110158,40011,33203,6808,10772,7126,3646,5194,4042,1152,154027,54323,99704,4962,2077,2885
B0103,09,137,District - Jyotiba Phule Nagar,Urban,Literate,253903,144258,109645,71608,64901,6707,12750,9622,3128,6834,5451,1383,169545,69735,99810,12769,7409,5360
B0103,09,137,District - Jyotiba Phule Nagar,Urban,Literate but below matric/secondary,156098,88810,67288,35442,32523,2919,8088,6187,1901,4355,3586,769,112568,50100,62468,5673,3539,2134
B0103,09,137,District - Jyotiba Phule Nagar,Urban,Matric/secondary but below graduate,54998,30878,24120,17374,16097,1277,2475,1842,633,1291,996,295,35149,12939,22210,3826,2153,1673
B0103,09,137,District - Jyotiba Phule Nagar,Urban,Technical diploma or certificate not equal to degree,604,527,77,333,312,21,23,23,0,11,11,0,248,192,56,62,58,4
B0103,09,137,District - Jyotiba Phule Nagar,Urban,Graduate and above other than technical degree,25841,14061,11780,11648,9999,1649,1002,680,322,529,336,193,13191,3382,9809,2133,1032,1101
B0103,09,137,District - Jyotiba Phule Nagar,Urban,Technical degree or diploma equal to degree or post-graduate degree,3525,2498,1027,1854,1533,321,128,99,29,70,51,19,1543,866,677,393,262,131
B0103,09,138,District - Meerut,Total,Total,3443689,1825743,1617946,890810,775053,115757,199729,123757,75972,71220,54262,16958,2353150,926933,1426217,127277,68466,58811
B0103,09,138,District - Meerut,Total,Illiterate,1302201,571223,730978,218410,168892,49518,67467,32276,35191,21298,14402,6896,1016324,370055,646269,23842,8273,15569
B0103,09,138,District - Meerut,Total,Literate,2141488,1254520,886968,672400,606161,66239,132262,91481,40781,49922,39860,10062,1336826,556878,779948,103435,60193,43242
B0103,09,138,District - Meerut,Total,Literate but below matric/secondary,1178979,674720,504259,280641,255409,25232,70558,49210,21348,26482,22116,4366,827780,370101,457679,36320,21718,14602
B0103,09,138,District - Meerut,Total,Matric/secondary but below graduate,547293,338315,208978,205891,191473,14418,33878,23915,9963,13097,10370,2727,307524,122927,184597,39451,24257,15194
B0103,09,138,District - Meerut,Total,Technical diploma or certificate not equal to degree,4117,3556,561,2063,1927,136,268,233,35,136,123,13,1786,1396,390,402,362,40
B0103,09,138,District - Meerut,Total,Graduate and above other than technical degree,234230,131954,102276,109592,93510,16082,13160,8339,4821,5021,3257,1764,111478,30105,81373,17006,8208,8798
B0103,09,138,District - Meerut,Total,Technical degree or diploma equal to degree or post-graduate degree,37290,25273,12017,18501,14855,3646,2321,1587,734,989,672,317,16468,8831,7637,3939,2546,1393
B0103,09,138,District - Meerut,Rural,Total,1684507,894920,789587,429083,369254,59829,114283,65942,48341,39514,30827,8687,1141141,459724,681417,53644,31221,22423
B0103,09,138,District - Meerut,Rural,Illiterate,681839,288160,393679,115501,83534,31967,42296,17234,25062,12095,7796,4299,524042,187392,336650,9523,3070,6453
B0103,09,138,District - Meerut,Rural,Literate,1002668,606760,395908,313582,285720,27862,71987,48708,23279,27419,23031,4388,617099,272332,344767,44121,28151,15970
B0103,09,138,District - Meerut,Rural,Literate but below matric/secondary,631769,365409,266360,155508,140260,15248,43139,28983,14156,16085,13696,2389,433122,196166,236956,17464,10999,6465
B0103,09,138,District - Meerut,Rural,Matric/secondary but below graduate,246341,161816,84525,100654,94014,6640,18025,12552,5473,7043,5912,1131,127662,55250,72412,18028,11855,6173
B0103,09,138,District - Meerut,Rural,Technical diploma or certificate not equal to degree,1539,1406,133,621,607,14,129,117,12,79,74,5,789,682,107,250,237,13
B0103,09,138,District - Meerut,Rural,Graduate and above other than technical degree,55770,37015,18755,28851,26281,2570,3804,2596,1208,1686,1286,400,23115,8138,14977,5237,3023,2214
B0103,09,138,District - Meerut,Rural,Technical degree or diploma equal to degree or post-graduate degree,6373,5146,1227,3167,2870,297,467,380,87,249,219,30,2739,1896,843,939,744,195
B0103,09,138,District - Meerut,Urban,Total,1759182,930823,828359,461727,405799,55928,85446,57815,27631,31706,23435,8271,1212009,467209,744800,73633,37245,36388
B0103,09,138,District - Meerut,Urban,Illiterate,620362,283063,337299,102909,85358,17551,25171,15042,10129,9203,6606,2597,492282,182663,309619,14319,5203,9116
B0103,09,138,District - Meerut,Urban,Literate,1138820,647760,491060,358818,320441,38377,60275,42773,17502,22503,16829,5674,719727,284546,435181,59314,32042,27272
B0103,09,138,District - Meerut,Urban,Literate but below matric/secondary,547210,309311,237899,125133,115149,9984,27419,20227,7192,10397,8420,1977,394658,173935,220723,18856,10719,8137
B0103,09,138,District - Meerut,Urban,Matric/secondary but below graduate,300952,176499,124453,105237,97459,7778,15853,11363,4490,6054,4458,1596,179862,67677,112185,21423,12402,9021
B0103,09,138,District - Meerut,Urban,Technical diploma or certificate not equal to degree,2578,2150,428,1442,1320,122,139,116,23,57,49,8,997,714,283,152,125,27
B0103,09,138,District - Meerut,Urban,Graduate and above other than technical degree,178460,94939,83521,80741,67229,13512,9356,5743,3613,3335,1971,1364,88363,21967,66396,11769,5185,6584
B0103,09,138,District - Meerut,Urban,Technical degree or diploma equal to degree or post-graduate degree,30917,20127,10790,15334,11985,3349,1854,1207,647,740,453,287,13729,6935,6794,3000,1802,1198
B0103,09,139,District - Baghpat,Total,Total,1303048,700070,602978,334519,292657,41862,82176,49947,32229,28917,23867,5050,886353,357466,528887,44419,26032,18387
B0103,09,139,District - Baghpat,Total,Illiterate,505078,210212,294866,80941,58885,22056,31510,13531,17979,8640,5917,2723,392627,137796,254831,6755,2097,4658
B0103,09,139,District - Baghpat,Total,Literate,797970,489858,308112,253578,233772,19806,50666,36416,14250,20277,17950,2327,493726,219670,274056,37664,23935,13729
B0103,09,139,District - Baghpat,Total,Literate but below matric/secondary,461175,268338,192837,106134,96662,9472,29317,21139,8178,11424,10275,1149,325724,150537,175187,11856,7375,4481
B0103,09,139,District - Baghpat,Total,Matric/secondary but below graduate,223087,149062,74025,94356,89141,5215,13759,9994,3765,5709,5015,694,114972,49927,65045,16595,11128,5467
B0103,09,139,District - Baghpat,Total,Technical diploma or certificate not equal to degree,1170,981,189,504,471,33,53,43,10,29,26,3,613,467,146,217,186,31
B0103,09,139,District - Baghpat,Total,Graduate and above other than technical degree,58689,37891,20798,29593,26741,2852,2788,1945,843,1348,1078,270,26308,9205,17103,6188,3483,2705
B0103,09,139,District - Baghpat,Total,Technical degree or diploma equal to degree or post-graduate degree,7455,5626,1829,3948,3464,484,299,234,65,163,137,26,3208,1928,1280,991,666,325
B0103,09,139,District - Baghpat,Rural,Total,1028023,553807,474216,266268,230661,35607,71295,42264,29031,24759,20407,4352,690460,280882,409578,34314,20186,14128
B0103,09,139,District - Baghpat,Rural,Illiterate,401766,165326,236440,66199,46795,19404,27323,11072,16251,7342,4973,2369,308244,107459,200785,5027,1390,3637
B0103,09,139,District - Baghpat,Rural,Literate,626257,388481,237776,200069,183866,16203,43972,31192,12780,17417,15434,1983,382216,173423,208793,29287,18796,10491
B0103,09,139,District - Baghpat,Rural,Literate but below matric/secondary,367362,214208,153154,84968,76678,8290,25433,18017,7416,9736,8725,1011,256961,119513,137448,9074,5534,3540
B0103,09,139,District - Baghpat,Rural,Matric/secondary but below graduate,175014,119503,55511,75950,71592,4358,12004,8661,3343,5010,4408,602,87060,39250,47810,13398,9098,4300
B0103,09,139,District - Baghpat,Rural,Technical diploma or certificate not equal to degree,765,660,105,302,279,23,43,38,5,27,24,3,420,343,77,164,147,17
B0103,09,139,District - Baghpat,Rural,Graduate and above other than technical degree,38076,26108,11968,19753,18028,1725,2240,1549,691,1082,888,194,16083,6531,9552,4422,2618,1804
B0103,09,139,District - Baghpat,Rural,Technical degree or diploma equal to degree or post-graduate degree,4325,3426,899,2299,2078,221,221,179,42,128,113,15,1805,1169,636,630,439,191
B0103,09,139,District - Baghpat,Urban,Total,275025,146263,128762,68251,61996,6255,10881,7683,3198,4158,3460,698,195893,76584,119309,10105,5846,4259
B0103,09,139,District - Baghpat,Urban,Illiterate,103312,44886,58426,14742,12090,2652,4187,2459,1728,1298,944,354,84383,30337,54046,1728,707,1021
B0103,09,139,District - Baghpat,Urban,Literate,171713,101377,70336,53509,49906,3603,6694,5224,1470,2860,2516,344,111510,46247,65263,8377,5139,3238
B0103,09,139,District - Baghpat,Urban,Literate but below matric/secondary,93813,54130,39683,21166,19984,1182,3884,3122,762,1688,1550,138,68763,31024,37739,2782,1841,941
B0103,09,139,District - Baghpat,Urban,Matric/secondary but below graduate,48073,29559,18514,18406,17549,857,1755,1333,422,699,607,92,27912,10677,17235,3197,2030,1167
B0103,09,139,District - Baghpat,Urban,Technical diploma or certificate not equal to degree,405,321,84,202,192,10,10,5,5,2,2,0,193,124,69,53,39,14
B0103,09,139,District - Baghpat,Urban,Graduate and above other than technical degree,20613,11783,8830,9840,8713,1127,548,396,152,266,190,76,10225,2674,7551,1766,865,901
B0103,09,139,District - Baghpat,Urban,Technical degree or diploma equal to degree or post-graduate degree,3130,2200,930,1649,1386,263,78,55,23,35,24,11,1403,759,644,361,227,134
B0103,09,140,District - Ghaziabad,Total,Total,4681645,2488834,2192811,1252911,1071029,181882,267627,160586,107041,98024,70027,27997,3161107,1257219,1903888,168942,86432,82510
B0103,09,140,District - Ghaziabad,Total,Illiterate,1558381,677437,880944,224937,165467,59470,77873,35109,42764,26058,15705,10353,1255571,476861,778710,29959,9617,20342
B0103,09,140,District - Ghaziabad,Total,Literate,3123264,1811397,1311867,1027974,905562,122412,189754,125477,64277,71966,54322,17644,1905536,780358,1125178,138983,76815,62168
B0103,09,140,District - Ghaziabad,Total,Literate but below matric/secondary,1623055,914094,708961,372830,334430,38400,97333,65003,32330,37595,29662,7933,1152892,514661,638231,52149,29784,22365
B0103,09,140,District - Ghaziabad,Total,Matric/secondary but below graduate,820108,506596,313512,321506,295973,25533,49749,34492,15257,19672,15111,4561,448853,176131,272722,50392,30076,20316
B0103,09,140,District - Ghaziabad,Total,Technical diploma or certificate not equal to degree,9863,8065,1798,6072,5489,583,530,423,107,208,172,36,3261,2153,1108,652,533,119
B0103,09,140,District - Ghaziabad,Total,Graduate and above other than technical degree,408064,225605,182459,210627,172628,37999,21646,12353,9293,7255,4233,3022,175791,40624,135167,22377,9260,13117
B0103,09,140,District - Ghaziabad,Total,Technical degree or diploma equal to degree or post-graduate degree,79871,54623,25248,49259,39427,9832,4473,2912,1561,1511,926,585,26139,12284,13855,5006,2879,2127
B0103,09,140,District - Ghaziabad,Rural,Total,1519098,808222,710876,385408,326150,59258,110669,62605,48064,40482,30630,9852,1023021,419467,603554,49072,26945,22127
B0103,09,140,District - Ghaziabad,Rural,Illiterate,596788,249867,346921,92355,62645,29710,40358,15520,24838,12463,7341,5122,464075,171702,292373,10096,2878,7218
B0103,09,140,District - Ghaziabad,Rural,Literate,922310,558355,363955,293053,263505,29548,70311,47085,23226,28019,23289,4730,558946,247765,311181,38976,24067,14909
B0103,09,140,District - Ghaziabad,Rural,Literate but below matric/secondary,608171,351590,256581,154228,136761,17467,46178,30618,15560,18179,15104,3075,407765,184211,223554,18076,10790,7286
B0103,09,140,District - Ghaziabad,Rural,Matric/secondary but below graduate,225154,150710,74444,97814,90764,7050,16523,11555,4968,6695,5690,1005,110817,48391,62426,14842,9742,5100
B0103,09,140,District - Ghaziabad,Rural,Technical diploma or certificate not equal to degree,1283,1111,172,575,537,38,107,97,10,53,50,3,601,477,124,179,167,12
B0103,09,140,District - Ghaziabad,Rural,Graduate and above other than technical degree,45670,30146,15524,24550,21985,2565,3061,2007,1054,1396,1103,293,18059,6154,11905,3774,2150,1624
B0103,09,140,District - Ghaziabad,Rural,Technical degree or diploma equal to degree or post-graduate degree,5204,4150,1054,2770,2478,292,316,246,70,157,128,29,2118,1426,692,625,465,160
B0103,09,140,District - Ghaziabad,Urban,Total,3162547,1680612,1481935,867503,744879,122624,156958,97981,58977,57542,39397,18145,2138086,837752,1300334,119870,59487,60383
B0103,09,140,District - Ghaziabad,Urban,Illiterate,961593,427570,534023,132582,102822,29760,37515,19589,17926,13595,8364,5231,791496,305159,486337,19863,6739,13124
B0103,09,140,District - Ghaziabad,Urban,Literate,2200954,1253042,947912,734921,642057,92864,119443,78392,41051,43947,31033,12914,1346590,532593,813997,100007,52748,47259
B0103,09,140,District - Ghaziabad,Urban,Literate but below matric/secondary,1014884,562504,452380,218602,197669,20933,51155,34385,16770,19416,14558,4858,745127,330450,414677,34073,18994,15079
B0103,09,140,District - Ghaziabad,Urban,Matric/secondary but below graduate,594954,355886,239068,223692,205209,18483,33226,22937,10289,12977,9421,3556,338036,127740,210296,35550,20334,15216
B0103,09,140,District - Ghaziabad,Urban,Technical diploma or certificate not equal to degree,8580,6954,1626,5497,4952,545,423,326,97,155,122,33,2660,1676,984,473,366,107
B0103,09,140,District - Ghaziabad,Urban,Graduate and above other than technical degree,362394,195459,166935,186077,150643,35434,18585,10346,8239,5859,3130,2729,157732,34470,123262,18603,7110,11493
B0103,09,140,District - Ghaziabad,Urban,Technical degree or diploma equal to degree or post-graduate degree,74667,50473,24194,46489,36949,9540,4157,2666,1491,1354,798,556,24021,10858,13163,4381,2414,1967
B0103,09,141,District - Gautam Buddha Nagar,Total,Total,1648115,890214,757901,458492,377875,80617,110617,65509,45108,38627,27538,11089,1079006,446830,632176,57465,29571,27894
B0103,09,141,District - Gautam Buddha Nagar,Total,Illiterate,525168,224149,301019,71242,46408,24834,31162,12326,18836,10276,5690,4586,422764,165415,257349,10184,2706,7478
B0103,09,141,District - Gautam Buddha Nagar,Total,Literate,1122947,666065,456882,387250,331467,55783,79455,53183,26272,28351,21848,6503,656242,281415,374827,47281,26865,20416
B0103,09,141,District - Gautam Buddha Nagar,Total,Literate but below matric/secondary,537737,301460,236277,115456,99816,15640,37666,24259,13407,13768,10625,3143,384615,177385,207230,16657,9085,7572
B0103,09,141,District - Gautam Buddha Nagar,Total,Matric/secondary but below graduate,302112,197409,104703,123753,113979,9774,23320,17244,6076,8588,7114,1474,155039,66186,88853,18082,11622,6460
B0103,09,141,District - Gautam Buddha Nagar,Total,Technical diploma or certificate not equal to degree,7059,5824,1235,4732,4202,530,389,315,74,145,122,23,1938,1307,631,346,271,75
B0103,09,141,District - Gautam Buddha Nagar,Total,Graduate and above other than technical degree,157918,87888,70030,84398,66001,18397,8744,5342,3402,2810,1795,1015,64776,16545,48231,7483,3306,4177
B0103,09,141,District - Gautam Buddha Nagar,Total,Technical degree or diploma equal to degree or post-graduate degree,43859,30433,13426,29218,23004,6214,2204,1513,691,782,515,267,12437,5916,6521,2052,1246,806
B0103,09,141,District - Gautam Buddha Nagar,Rural,Total,673806,359605,314201,156310,129770,26540,60363,33333,27030,20816,14824,5992,457133,196502,260631,25433,14616,10817
B0103,09,141,District - Gautam Buddha Nagar,Rural,Illiterate,251878,100945,150933,32350,19342,13008,19911,6396,13515,5780,2875,2905,199617,75207,124410,4880,1219,3661
B0103,09,141,District - Gautam Buddha Nagar,Rural,Literate,421928,258660,163268,123960,110428,13532,40452,26937,13515,15036,11949,3087,257516,121295,136221,20553,13397,7156
B0103,09,141,District - Gautam Buddha Nagar,Rural,Literate but below matric/secondary,252988,142337,110651,53883,46411,7472,22189,13729,8460,8096,6170,1926,176916,82197,94719,8616,4915,3701
B0103,09,141,District - Gautam Buddha Nagar,Rural,Matric/secondary but below graduate,117262,82314,34948,48424,45021,3403,12356,9309,3047,4857,4162,695,56482,27984,28498,8624,6272,2352
B0103,09,141,District - Gautam Buddha Nagar,Rural,Technical diploma or certificate not equal to degree,776,718,58,344,335,9,79,72,7,44,44,0,353,311,42,96,91,5
B0103,09,141,District - Gautam Buddha Nagar,Rural,Graduate and above other than technical degree,18614,13470,5144,9460,8574,886,1820,1382,438,702,563,139,7334,3514,3820,1649,1132,517
B0103,09,141,District - Gautam Buddha Nagar,Rural,Technical degree or diploma equal to degree or post-graduate degree,2254,1879,375,1048,951,97,205,178,27,108,90,18,1001,750,251,313,260,53
B0103,09,141,District - Gautam Buddha Nagar,Urban,Total,974309,530609,443700,302182,248105,54077,50254,32176,18078,17811,12714,5097,621873,250328,371545,32032,14955,17077
B0103,09,141,District - Gautam Buddha Nagar,Urban,Illiterate,273290,123204,150086,38892,27066,11826,11251,5930,5321,4496,2815,1681,223147,90208,132939,5304,1487,3817
B0103,09,141,District - Gautam Buddha Nagar,Urban,Literate,701019,407405,293614,263290,221039,42251,39003,26246,12757,13315,9899,3416,398726,160120,238606,26728,13468,13260
B0103,09,141,District - Gautam Buddha Nagar,Urban,Literate but below matric/secondary,284749,159123,125626,61573,53405,8168,15477,10530,4947,5672,4455,1217,207699,95188,112511,8041,4170,3871
B0103,09,141,District - Gautam Buddha Nagar,Urban,Matric/secondary but below graduate,184850,115095,69755,75329,68958,6371,10964,7935,3029,3731,2952,779,98557,38202,60355,9458,5350,4108
B0103,09,141,District - Gautam Buddha Nagar,Urban,Technical diploma or certificate not equal to degree,6283,5106,1177,4388,3867,521,310,243,67,101,78,23,1585,996,589,250,180,70
B0103,09,141,District - Gautam Buddha Nagar,Urban,Graduate and above other than technical degree,139304,74418,64886,74938,57427,17511,6924,3960,2964,2108,1232,876,57442,13031,44411,5834,2174,3660
B0103,09,141,District - Gautam Buddha Nagar,Urban,Technical degree or diploma equal to degree or post-graduate degree,41605,28554,13051,28170,22053,6117,1999,1335,664,674,425,249,11436,5166,6270,1739,986,753
B0103,09,142,District - Bulandshahr ,Total,Total,3499171,1845260,1653911,885216,748292,136924,288044,149523,138521,101888,79977,21911,2325911,947445,1378466,95328,54703,40625
B0103,09,142,District - Bulandshahr ,Total,Illiterate,1467515,591946,875569,246127,165863,80264,126032,41881,84151,36489,22713,13776,1095356,384202,711154,21907,6784,15123
B0103,09,142,District - Bulandshahr ,Total,Literate,2031656,1253314,778342,639089,582429,56660,162012,107642,54370,65399,57264,8135,1230555,563243,667312,73421,47919,25502
B0103,09,142,District - Bulandshahr ,Total,Literate but below matric/secondary,1303843,764419,539424,314334,282301,32033,106785,68933,37852,42320,37023,5297,882724,413185,469539,29916,18978,10938
B0103,09,142,District - Bulandshahr ,Total,Matric/secondary but below graduate,502151,342521,159630,215770,202817,12953,39655,28266,11389,16686,14878,1808,246726,111438,135288,28068,19500,8568
B0103,09,142,District - Bulandshahr ,Total,Technical diploma or certificate not equal to degree,4696,4377,319,2325,2250,75,294,277,17,183,174,9,2077,1850,227,601,538,63
B0103,09,142,District - Bulandshahr ,Total,Graduate and above other than technical degree,135566,87232,48334,69574,62223,7351,6876,4827,2049,3074,2523,551,59116,20182,38934,10485,5978,4507
B0103,09,142,District - Bulandshahr ,Total,Technical degree or diploma equal to degree or post-graduate degree,17986,13930,4056,9332,8138,1194,773,610,163,406,333,73,7881,5182,2699,2072,1526,546
B0103,09,142,District - Bulandshahr ,Rural,Total,2631742,1390490,1241252,666615,553938,112677,252858,125579,127279,87804,68639,19165,1712269,710973,1001296,64372,37712,26660
B0103,09,142,District - Bulandshahr ,Rural,Illiterate,1113763,436380,677383,186151,117049,69102,111452,33547,77905,31021,18667,12354,816160,285784,530376,14211,3755,10456
B0103,09,142,District - Bulandshahr ,Rural,Literate,1517979,954110,563869,480464,436889,43575,141406,92032,49374,56783,49972,6811,896109,425189,470920,50161,33957,16204
B0103,09,142,District - Bulandshahr ,Rural,Literate but below matric/secondary,1019232,599500,419732,246835,219515,27320,94686,59579,35107,37367,32691,4676,677711,320406,357305,21354,13476,7878
B0103,09,142,District - Bulandshahr ,Rural,Matric/secondary but below graduate,371440,265471,105969,169414,159210,10204,34760,24549,10211,14513,13051,1462,167266,81712,85554,20266,14634,5632
B0103,09,142,District - Bulandshahr ,Rural,Technical diploma or certificate not equal to degree,3018,2893,125,1387,1370,17,232,224,8,147,142,5,1399,1299,100,433,399,34
B0103,09,142,District - Bulandshahr ,Rural,Graduate and above other than technical degree,69609,50502,19107,38807,35336,3471,5012,3543,1469,2299,1959,340,25790,11623,14167,5692,3713,1979
B0103,09,142,District - Bulandshahr ,Rural,Technical degree or diploma equal to degree or post-graduate degree,7868,6826,1042,4076,3801,275,470,397,73,249,220,29,3322,2628,694,982,818,164
B0103,09,142,District - Bulandshahr ,Urban,Total,867429,454770,412659,218601,194354,24247,35186,23944,11242,14084,11338,2746,613642,236472,377170,30956,16991,13965
B0103,09,142,District - Bulandshahr ,Urban,Illiterate,353752,155566,198186,59976,48814,11162,14580,8334,6246,5468,4046,1422,279196,98418,180778,7696,3029,4667
B0103,09,142,District - Bulandshahr ,Urban,Literate,513677,299204,214473,158625,145540,13085,20606,15610,4996,8616,7292,1324,334446,138054,196392,23260,13962,9298
B0103,09,142,District - Bulandshahr ,Urban,Literate but below matric/secondary,284611,164919,119692,67499,62786,4713,12099,9354,2745,4953,4332,621,205013,92779,112234,8562,5502,3060
B0103,09,142,District - Bulandshahr ,Urban,Matric/secondary but below graduate,130711,77050,53661,46356,43607,2749,4895,3717,1178,2173,1827,346,79460,29726,49734,7802,4866,2936
B0103,09,142,District - Bulandshahr ,Urban,Technical diploma or certificate not equal to degree,1678,1484,194,938,880,58,62,53,9,36,32,4,678,551,127,168,139,29
B0103,09,142,District - Bulandshahr ,Urban,Graduate and above other than technical degree,65957,36730,29227,30767,26887,3880,1864,1284,580,775,564,211,33326,8559,24767,4793,2265,2528
B0103,09,142,District - Bulandshahr ,Urban,Technical degree or diploma equal to degree or post-graduate degree,10118,7104,3014,5256,4337,919,303,213,90,157,113,44,4559,2554,2005,1090,708,382
B0103,09,143,District - Aligarh,Total,Total,3673889,1951996,1721893,865799,747491,118308,308562,181846,126716,118388,94267,24121,2499528,1022659,1476869,122663,67057,55606
B0103,09,143,District - Aligarh,Total,Illiterate,1581322,668616,912706,254705,189937,64768,130606,54363,76243,42677,28373,14304,1196011,424316,771695,31919,10378,21541
B0103,09,143,District - Aligarh,Total,Literate,2092567,1283380,809187,611094,557554,53540,177956,127483,50473,75711,65894,9817,1303517,598343,705174,90744,56679,34065
B0103,09,143,District - Aligarh,Total,Literate but below matric/secondary,1271080,741222,529858,273510,248201,25309,105362,73205,32157,44101,38475,5626,892208,419816,472392,35735,21234,14501
B0103,09,143,District - Aligarh,Total,Matric/secondary but below graduate,534069,361776,172293,210787,197827,12960,48458,37132,11326,21506,19112,2394,274824,126817,148007,35113,23759,11354
B0103,09,143,District - Aligarh,Total,Technical diploma or certificate not equal to degree,7204,6500,704,3374,3236,138,528,495,33,272,261,11,3302,2769,533,866,761,105
B0103,09,143,District - Aligarh,Total,Graduate and above other than technical degree,160633,99585,61048,76267,67145,9122,10824,7807,3017,4540,3605,935,73542,24633,48909,12214,6691,5523
B0103,09,143,District - Aligarh,Total,Technical degree or diploma equal to degree or post-graduate degree,25446,18716,6730,12499,10530,1969,1566,1225,341,745,620,125,11381,6961,4420,2817,2069,748
B0103,09,143,District - Aligarh,Rural,Total,2456698,1308923,1147775,575723,491875,83848,239793,132989,106804,91221,72735,18486,1641182,684059,957123,71285,40293,30992
B0103,09,143,District - Aligarh,Rural,Illiterate,1073703,432607,641096,168156,117714,50442,103182,36727,66455,31878,20188,11690,802365,278166,524199,18304,4822,13482
B0103,09,143,District - Aligarh,Rural,Literate,1382995,876316,506679,407567,374161,33406,136611,96262,40349,59343,52547,6796,838817,405893,432924,52981,35471,17510
B0103,09,143,District - Aligarh,Rural,Literate but below matric/secondary,925317,546170,379147,202208,182590,19618,86267,58532,27735,36331,31942,4389,636842,305048,331794,23806,14387,9419
B0103,09,143,District - Aligarh,Rural,Matric/secondary but below graduate,336555,245993,90562,147529,139278,8251,36386,27892,8494,16688,15160,1528,152640,78823,73817,21449,15797,5652
B0103,09,143,District - Aligarh,Rural,Technical diploma or certificate not equal to degree,3129,2992,137,1366,1339,27,278,266,12,170,167,3,1485,1387,98,468,446,22
B0103,09,143,District - Aligarh,Rural,Graduate and above other than technical degree,56495,42089,14406,31683,28918,2765,5284,4004,1280,2541,2181,360,19528,9167,10361,4494,3044,1450
B0103,09,143,District - Aligarh,Rural,Technical degree or diploma equal to degree or post-graduate degree,6432,5549,883,3484,3195,289,496,433,63,260,242,18,2452,1921,531,758,644,114
B0103,09,143,District - Aligarh,Urban,Total,1217191,643073,574118,290076,255616,34460,68769,48857,19912,27167,21532,5635,858346,338600,519746,51378,26764,24614
B0103,09,143,District - Aligarh,Urban,Illiterate,507619,236009,271610,86549,72223,14326,27424,17636,9788,10799,8185,2614,393646,146150,247496,13615,5556,8059
B0103,09,143,District - Aligarh,Urban,Literate,709572,407064,302508,203527,183393,20134,41345,31221,10124,16368,13347,3021,464700,192450,272250,37763,21208,16555
B0103,09,143,District - Aligarh,Urban,Literate but below matric/secondary,345763,195052,150711,71302,65611,5691,19095,14673,4422,7770,6533,1237,255366,114768,140598,11929,6847,5082
B0103,09,143,District - Aligarh,Urban,Matric/secondary but below graduate,197514,115783,81731,63258,58549,4709,12072,9240,2832,4818,3952,866,122184,47994,74190,13664,7962,5702
B0103,09,143,District - Aligarh,Urban,Technical diploma or certificate not equal to degree,4075,3508,567,2008,1897,111,250,229,21,102,94,8,1817,1382,435,398,315,83
B0103,09,143,District - Aligarh,Urban,Graduate and above other than technical degree,104138,57496,46642,44584,38227,6357,5540,3803,1737,1999,1424,575,54014,15466,38548,7720,3647,4073
B0103,09,143,District - Aligarh,Urban,Technical degree or diploma equal to degree or post-graduate degree,19014,13167,5847,9015,7335,1680,1070,792,278,485,378,107,8929,5040,3889,2059,1425,634
B0103,09,144,District - Mahamaya Nagar,Total,Total,1564708,836127,728581,337295,299433,37862,146820,98693,48127,70586,58777,11809,1080593,438001,642592,54588,31330,23258
B0103,09,144,District - Mahamaya Nagar,Total,Illiterate,622136,256970,365166,80410,60599,19811,54866,26168,28698,22272,15330,6942,486860,170203,316657,12050,3723,8327
B0103,09,144,District - Mahamaya Nagar,Total,Literate,942572,579157,363415,256885,238834,18051,91954,72525,19429,48314,43447,4867,593733,267798,325935,42538,27607,14931
B0103,09,144,District - Mahamaya Nagar,Total,Literate but below matric/secondary,587205,335915,251290,113133,103884,9249,54001,41172,12829,28091,25060,3031,420071,190859,229212,17154,10052,7102
B0103,09,144,District - Mahamaya Nagar,Total,Matric/secondary but below graduate,254448,176650,77798,97551,93119,4432,28468,23953,4515,15441,14215,1226,128429,59578,68851,17904,12785,5119
B0103,09,144,District - Mahamaya Nagar,Total,Technical diploma or certificate not equal to degree,2378,2123,255,1078,1033,45,206,191,15,134,128,6,1094,899,195,333,302,31
B0103,09,144,District - Mahamaya Nagar,Total,Graduate and above other than technical degree,63778,42660,21118,31723,28964,2759,5005,4082,923,2607,2299,308,27050,9614,17436,5192,3188,2004
B0103,09,144,District - Mahamaya Nagar,Total,Technical degree or diploma equal to degree or post-graduate degree,7386,5625,1761,3937,3326,611,447,377,70,221,202,19,3002,1922,1080,833,631,202
B0103,09,144,District - Mahamaya Nagar,Rural,Total,1232015,659814,572201,264161,232694,31467,123875,81409,42466,60825,50600,10225,843979,345711,498268,40767,23496,17271
B0103,09,144,District - Mahamaya Nagar,Rural,Illiterate,494047,198693,295354,63361,45927,17434,45974,20243,25731,18507,12363,6144,384712,132523,252189,8455,2159,6296
B0103,09,144,District - Mahamaya Nagar,Rural,Literate,737968,461121,276847,200800,186767,14033,77901,61166,16735,42318,38237,4081,459267,213188,246079,32312,21337,10975
B0103,09,144,District - Mahamaya Nagar,Rural,Literate but below matric/secondary,482873,277402,205471,93353,85257,8096,47101,35545,11556,24892,22236,2656,342419,156600,185819,13722,8015,5707
B0103,09,144,District - Mahamaya Nagar,Rural,Matric/secondary but below graduate,195082,141263,53819,78775,75285,3490,24082,20336,3746,13684,12676,1008,92225,45642,46583,13889,10144,3745
B0103,09,144,District - Mahamaya Nagar,Rural,Technical diploma or certificate not equal to degree,1794,1630,164,811,785,26,174,164,10,118,115,3,809,681,128,269,248,21
B0103,09,144,District - Mahamaya Nagar,Rural,Graduate and above other than technical degree,35180,26052,9128,18931,17477,1454,3412,2847,565,2026,1837,189,12837,5728,7109,3227,2107,1120
B0103,09,144,District - Mahamaya Nagar,Rural,Technical degree or diploma equal to degree or post-graduate degree,3769,3129,640,2024,1803,221,279,244,35,154,145,9,1466,1082,384,458,368,90
B0103,09,144,District - Mahamaya Nagar,Urban,Total,332693,176313,156380,73134,66739,6395,22945,17284,5661,9761,8177,1584,236614,92290,144324,13821,7834,5987
B0103,09,144,District - Mahamaya Nagar,Urban,Illiterate,128089,58277,69812,17049,14672,2377,8892,5925,2967,3765,2967,798,102148,37680,64468,3595,1564,2031
B0103,09,144,District - Mahamaya Nagar,Urban,Literate,204604,118036,86568,56085,52067,4018,14053,11359,2694,5996,5210,786,134466,54610,79856,10226,6270,3956
B0103,09,144,District - Mahamaya Nagar,Urban,Literate but below matric/secondary,104332,58513,45819,19780,18627,1153,6900,5627,1273,3199,2824,375,77652,34259,43393,3432,2037,1395
B0103,09,144,District - Mahamaya Nagar,Urban,Matric/secondary but below graduate,59366,35387,23979,18776,17834,942,4386,3617,769,1757,1539,218,36204,13936,22268,4015,2641,1374
B0103,09,144,District - Mahamaya Nagar,Urban,Technical diploma or certificate not equal to degree,584,493,91,267,248,19,32,27,5,16,13,3,285,218,67,64,54,10
B0103,09,144,District - Mahamaya Nagar,Urban,Graduate and above other than technical degree,28598,16608,11990,12792,11487,1305,1593,1235,358,581,462,119,14213,3886,10327,1965,1081,884
B0103,09,144,District - Mahamaya Nagar,Urban,Technical degree or diploma equal to degree or post-graduate degree,3617,2496,1121,1913,1523,390,168,133,35,67,57,10,1536,840,696,375,263,112
B0103,09,145,District - Mathura,Total,Total,2547184,1367125,1180059,594799,506317,88482,246140,128825,117315,87897,65063,22834,1706245,731983,974262,96544,55716,40828
B0103,09,145,District - Mathura,Total,Illiterate,1039438,423779,615659,155044,105070,49974,105409,32122,73287,29968,16083,13885,778985,286587,492398,22808,6812,15996
B0103,09,145,District - Mathura,Total,Literate,1507746,943346,564400,439755,401247,38508,140731,96703,44028,57929,48980,8949,927260,445396,481864,73736,48904,24832
B0103,09,145,District - Mathura,Total,Literate but below matric/secondary,871803,502762,369041,173861,155665,18196,75451,47472,27979,28881,23822,5059,622491,299625,322866,26003,15177,10826
B0103,09,145,District - Mathura,Total,Matric/secondary but below graduate,407338,291623,115715,163866,155063,8803,41823,32879,8944,19544,17351,2193,201649,103681,97968,32253,23838,8415
B0103,09,145,District - Mathura,Total,Technical diploma or certificate not equal to degree,4859,4469,390,2286,2189,97,488,449,39,281,267,14,2085,1831,254,712,664,48
B0103,09,145,District - Mathura,Total,Graduate and above other than technical degree,109663,72969,36694,55157,49503,5654,8188,6303,1885,3638,2966,672,46318,17163,29155,8895,5414,3481
B0103,09,145,District - Mathura,Total,Technical degree or diploma equal to degree or post-graduate degree,14819,11205,3614,7801,6689,1112,994,803,191,462,388,74,6024,3713,2311,1673,1228,445
B0103,09,145,District - Mathura,Rural,Total,1791191,962028,829163,414059,345877,68182,201412,96726,104686,68787,50084,18703,1175720,519425,656295,59285,34872,24413
B0103,09,145,District - Mathura,Rural,Illiterate,769522,303543,465979,116493,74476,42017,90534,23290,67244,23750,11735,12015,562495,205777,356718,13699,3159,10540
B0103,09,145,District - Mathura,Rural,Literate,1021669,658485,363184,297566,271401,26165,110878,73436,37442,45037,38349,6688,613225,313648,299577,45586,31713,13873
B0103,09,145,District - Mathura,Rural,Literate but below matric/secondary,644334,376213,268121,130956,116321,14635,62442,37460,24982,23159,19005,4154,450936,222432,228504,17544,10184,7360
B0103,09,145,District - Mathura,Rural,Matric/secondary but below graduate,265238,203645,61593,114776,108839,5937,32758,25580,7178,15525,14006,1519,117704,69226,48478,21202,16590,4612
B0103,09,145,District - Mathura,Rural,Technical diploma or certificate not equal to degree,2861,2763,98,1203,1186,17,343,333,10,225,220,5,1315,1244,71,503,490,13
B0103,09,145,District - Mathura,Rural,Graduate and above other than technical degree,41253,31985,9268,23332,21339,1993,4395,3448,947,2193,1891,302,13526,7198,6328,3478,2540,938
B0103,09,145,District - Mathura,Rural,Technical degree or diploma equal to degree or post-graduate degree,5634,4788,846,3107,2819,288,472,408,64,246,221,25,2055,1561,494,673,553,120
B0103,09,145,District - Mathura,Urban,Total,755993,405097,350896,180740,160440,20300,44728,32099,12629,19110,14979,4131,530525,212558,317967,37259,20844,16415
B0103,09,145,District - Mathura,Urban,Illiterate,269916,120236,149680,38551,30594,7957,14875,8832,6043,6218,4348,1870,216490,80810,135680,9109,3653,5456
B0103,09,145,District - Mathura,Urban,Literate,486077,284861,201216,142189,129846,12343,29853,23267,6586,12892,10631,2261,314035,131748,182287,28150,17191,10959
B0103,09,145,District - Mathura,Urban,Literate but below matric/secondary,227469,126549,100920,42905,39344,3561,13009,10012,2997,5722,4817,905,171555,77193,94362,8459,4993,3466
B0103,09,145,District - Mathura,Urban,Matric/secondary but below graduate,142100,87978,54122,49090,46224,2866,9065,7299,1766,4019,3345,674,83945,34455,49490,11051,7248,3803
B0103,09,145,District - Mathura,Urban,Technical diploma or certificate not equal to degree,1998,1706,292,1083,1003,80,145,116,29,56,47,9,770,587,183,209,174,35
B0103,09,145,District - Mathura,Urban,Graduate and above other than technical degree,68410,40984,27426,31825,28164,3661,3793,2855,938,1445,1075,370,32792,9965,22827,5417,2874,2543
B0103,09,145,District - Mathura,Urban,Technical degree or diploma equal to degree or post-graduate degree,9185,6417,2768,4694,3870,824,522,395,127,216,167,49,3969,2152,1817,1000,675,325
B0103,09,146,District - Agra,Total,Total,4418797,2364953,2053844,1050562,912621,137941,339282,207080,132202,132081,99048,33033,3028953,1245252,1783701,189214,100945,88269
B0103,09,146,District - Agra,Total,Illiterate,1738287,750359,987928,263274,202292,60982,118649,52611,66038,38758,24016,14742,1356364,495456,860908,45922,15038,30884
B0103,09,146,District - Agra,Total,Literate,2680510,1614594,1065916,787288,710329,76959,220633,154469,66164,93323,75032,18291,1672589,749796,922793,143292,85907,57385
B0103,09,146,District - Agra,Total,Literate but below matric/secondary,1535963,881196,654767,336926,304984,31942,116211,79308,36903,48252,39313,8939,1082826,496904,585922,53813,30009,23804
B0103,09,146,District - Agra,Total,Matric/secondary but below graduate,683191,452580,230611,257083,238379,18704,60361,45515,14846,27751,22960,4791,365747,168686,197061,56940,37189,19751
B0103,09,146,District - Agra,Total,Technical diploma or certificate not equal to degree,4036,3495,541,1925,1762,163,321,271,50,148,122,26,1790,1462,328,514,457,57
B0103,09,146,District - Agra,Total,Graduate and above other than technical degree,244425,149309,95116,113565,99166,14399,19669,13030,6639,7962,5696,2266,111191,37113,74078,19087,10531,8556
B0103,09,146,District - Agra,Total,Technical degree or diploma equal to degree or post-graduate degree,33713,23569,10144,16583,13702,2881,2759,1943,816,1151,835,316,14371,7924,6447,3310,2273,1037
B0103,09,146,District - Agra,Rural,Total,2394602,1285184,1109418,545001,478783,66218,195407,115696,79711,79475,62458,17017,1654194,690705,963489,85922,48816,37106
B0103,09,146,District - Agra,Rural,Illiterate,993493,402943,590550,139352,103361,35991,72405,26384,46021,23281,13969,9312,781736,273198,508538,20174,4870,15304
B0103,09,146,District - Agra,Rural,Literate,1401109,882241,518868,405649,375422,30227,123002,89312,33690,56194,48489,7705,872458,417507,454951,65748,43946,21802
B0103,09,146,District - Agra,Rural,Literate but below matric/secondary,954137,558926,395211,213996,196348,17648,77086,53154,23932,33126,28097,5029,663055,309424,353631,29566,17237,12329
B0103,09,146,District - Agra,Rural,Matric/secondary but below graduate,319247,235555,83692,132857,126340,6517,32024,26122,5902,16309,14683,1626,154366,83093,71273,26831,20229,6602
B0103,09,146,District - Agra,Rural,Technical diploma or certificate not equal to degree,1375,1303,72,514,501,13,123,116,7,72,66,6,738,686,52,249,243,6
B0103,09,146,District - Agra,Rural,Graduate and above other than technical degree,56409,43246,13163,30805,28294,2511,5093,4165,928,2847,2510,337,20511,10787,9724,5548,4119,1429
B0103,09,146,District - Agra,Rural,Technical degree or diploma equal to degree or post-graduate degree,6236,5336,900,3459,3203,256,423,367,56,249,218,31,2354,1766,588,731,619,112
B0103,09,146,District - Agra,Urban,Total,2024195,1079769,944426,505561,433838,71723,143875,91384,52491,52606,36590,16016,1374759,554547,820212,103292,52129,51163
B0103,09,146,District - Agra,Urban,Illiterate,744794,347416,397378,123922,98931,24991,46244,26227,20017,15477,10047,5430,574628,222258,352370,25748,10168,15580
B0103,09,146,District - Agra,Urban,Literate,1279401,732353,547048,381639,334907,46732,97631,65157,32474,37129,26543,10586,800131,332289,467842,77544,41961,35583
B0103,09,146,District - Agra,Urban,Literate but below matric/secondary,581826,322270,259556,122930,108636,14294,39125,26154,12971,15126,11216,3910,419771,187480,232291,24247,12772,11475
B0103,09,146,District - Agra,Urban,Matric/secondary but below graduate,363944,217025,146919,124226,112039,12187,28337,19393,8944,11442,8277,3165,211381,85593,125788,30109,16960,13149
B0103,09,146,District - Agra,Urban,Technical diploma or certificate not equal to degree,2661,2192,469,1411,1261,150,198,155,43,76,56,20,1052,776,276,265,214,51
B0103,09,146,District - Agra,Urban,Graduate and above other than technical degree,188016,106063,81953,82760,70872,11888,14576,8865,5711,5115,3186,1929,90680,26326,64354,13539,6412,7127
B0103,09,146,District - Agra,Urban,Technical degree or diploma equal to degree or post-graduate degree,27477,18233,9244,13124,10499,2625,2336,1576,760,902,617,285,12017,6158,5859,2579,1654,925
B0103,09,147,District - Firozabad,Total,Total,2498156,1332046,1166110,573649,497247,76402,187872,124593,63279,77210,61810,15400,1736635,710206,1026429,103918,57323,46595
B0103,09,147,District - Firozabad,Total,Illiterate,976350,419732,556618,151946,113235,38711,63262,31199,32063,21688,14651,7037,761142,275298,485844,21456,7150,14306
B0103,09,147,District - Firozabad,Total,Literate,1521806,912314,609492,421703,384012,37691,124610,93394,31216,55522,47159,8363,975493,434908,540585,82462,50173,32289
B0103,09,147,District - Firozabad,Total,Literate but below matric/secondary,928881,523500,405381,191445,171985,19460,67847,48736,19111,29019,24465,4554,669589,302779,366810,32348,18526,13822
B0103,09,147,District - Firozabad,Total,Matric/secondary but below graduate,399772,266436,133336,149286,139976,9310,38291,30897,7394,18412,16107,2305,212195,95563,116632,33542,21796,11746
B0103,09,147,District - Firozabad,Total,Technical diploma or certificate not equal to degree,1325,1216,109,605,588,17,119,111,8,65,61,4,601,517,84,197,179,18
B0103,09,147,District - Firozabad,Total,Graduate and above other than technical degree,107257,69179,38078,49056,44033,5023,8947,6831,2116,4206,3412,794,49254,18315,30939,11223,6552,4671
B0103,09,147,District - Firozabad,Total,Technical degree or diploma equal to degree or post-graduate degree,11497,8670,2827,5712,4998,714,862,665,197,430,337,93,4923,3007,1916,1574,1135,439
B0103,09,147,District - Firozabad,Rural,Total,1664987,891872,773115,362737,324187,38550,128815,88115,40700,54681,46337,8344,1173435,479570,693865,58442,33974,24468
B0103,09,147,District - Firozabad,Rural,Illiterate,648743,268790,379953,89976,69624,20352,42581,20616,21965,14527,10468,4059,516186,178550,337636,11561,3371,8190
B0103,09,147,District - Firozabad,Rural,Literate,1016244,623082,393162,272761,254563,18198,86234,67499,18735,40154,35869,4285,657249,301020,356229,46881,30603,16278
B0103,09,147,District - Firozabad,Rural,Literate but below matric/secondary,670780,381506,289274,134425,123772,10653,49981,37260,12721,22285,19585,2700,486374,220474,265900,20542,12160,8382
B0103,09,147,District - Firozabad,Rural,Matric/secondary but below graduate,254709,179472,75237,98874,94562,4312,26503,22361,4142,13352,12241,1111,129332,62549,66783,19327,13616,5711
B0103,09,147,District - Firozabad,Rural,Technical diploma or certificate not equal to degree,708,666,42,304,299,5,73,70,3,45,44,1,331,297,34,100,94,6
B0103,09,147,District - Firozabad,Rural,Graduate and above other than technical degree,47592,34646,12946,23280,21451,1829,4531,3810,721,2337,2092,245,19781,9385,10396,4886,3364,1522
B0103,09,147,District - Firozabad,Rural,Technical degree or diploma equal to degree or post-graduate degree,4231,3530,701,2235,2051,184,323,272,51,174,153,21,1673,1207,466,543,439,104
B0103,09,147,District - Firozabad,Urban,Total,833169,440174,392995,210912,173060,37852,59057,36478,22579,22529,15473,7056,563200,230636,332564,45476,23349,22127
B0103,09,147,District - Firozabad,Urban,Illiterate,327607,150942,176665,61970,43611,18359,20681,10583,10098,7161,4183,2978,244956,96748,148208,9895,3779,6116
B0103,09,147,District - Firozabad,Urban,Literate,505562,289232,216330,148942,129449,19493,38376,25895,12481,15368,11290,4078,318244,133888,184356,35581,19570,16011
B0103,09,147,District - Firozabad,Urban,Literate but below matric/secondary,258101,141994,116107,57020,48213,8807,17866,11476,6390,6734,4880,1854,183215,82305,100910,11806,6366,5440
B0103,09,147,District - Firozabad,Urban,Matric/secondary but below graduate,145063,86964,58099,50412,45414,4998,11788,8536,3252,5060,3866,1194,82863,33014,49849,14215,8180,6035
B0103,09,147,District - Firozabad,Urban,Technical diploma or certificate not equal to degree,617,550,67,301,289,12,46,41,5,20,17,3,270,220,50,97,85,12
B0103,09,147,District - Firozabad,Urban,Graduate and above other than technical degree,59665,34533,25132,25776,22582,3194,4416,3021,1395,1869,1320,549,29473,8930,20543,6337,3188,3149
B0103,09,147,District - Firozabad,Urban,Technical degree or diploma equal to degree or post-graduate degree,7266,5140,2126,3477,2947,530,539,393,146,256,184,72,3250,1800,1450,1031,696,335
B0103,09,148,District - Mainpuri,Total,Total,1868529,993377,875152,424782,383292,41490,136058,82775,53283,55633,44029,11604,1307689,527310,780379,69409,37218,32191
B0103,09,148,District - Mainpuri,Total,Illiterate,664644,281267,383377,89900,72554,17346,41718,17570,24148,13774,8971,4803,533026,191143,341883,11527,3418,8109
B0103,09,148,District - Mainpuri,Total,Literate,1203885,712110,491775,334882,310738,24144,94340,65205,29135,41859,35058,6801,774663,336167,438496,57882,33800,24082
B0103,09,148,District - Mainpuri,Total,Literate but below matric/secondary,747860,409281,338579,153487,140752,12735,54183,34788,19395,21979,18102,3877,540190,233741,306449,21060,11004,10056
B0103,09,148,District - Mainpuri,Total,Matric/secondary but below graduate,323033,217407,105626,124376,118512,5864,28138,21532,6606,13839,11937,1902,170519,77363,93156,24567,15512,9055
B0103,09,148,District - Mainpuri,Total,Technical diploma or certificate not equal to degree,951,855,96,399,377,22,77,71,6,42,41,1,475,407,68,159,141,18
B0103,09,148,District - Mainpuri,Total,Graduate and above other than technical degree,76629,51025,25604,35055,31647,3408,6148,4820,1328,3405,2864,541,35426,14558,20868,8768,5168,3600
B0103,09,148,District - Mainpuri,Total,Technical degree or diploma equal to degree or post-graduate degree,6441,4849,1592,3242,2799,443,409,333,76,252,209,43,2790,1717,1073,899,613,286
B0103,09,148,District - Mainpuri,Rural,Total,1580087,842374,737713,363037,328116,34921,120484,70881,49603,47241,37275,9966,1096566,443377,653189,51687,28015,23672
B0103,09,148,District - Mainpuri,Rural,Illiterate,574155,239853,334302,78724,63263,15461,37170,14534,22636,11346,7188,4158,458261,162056,296205,8595,2273,6322
B0103,09,148,District - Mainpuri,Rural,Literate,1005932,602521,403411,284313,264853,19460,83314,56347,26967,35895,30087,5808,638305,281321,356984,43092,25742,17350
B0103,09,148,District - Mainpuri,Rural,Literate but below matric/secondary,653881,360146,293735,138041,126505,11536,49530,31108,18422,19529,16009,3520,466310,202533,263777,17081,8990,8091
B0103,09,148,District - Mainpuri,Rural,Matric/secondary but below graduate,263518,182906,80612,107189,102456,4733,24452,18487,5965,11794,10228,1566,131877,61963,69914,18484,12002,6482
B0103,09,148,District - Mainpuri,Rural,Technical diploma or certificate not equal to degree,583,541,42,226,218,8,61,57,4,32,32,0,296,266,30,103,92,11
B0103,09,148,District - Mainpuri,Rural,Graduate and above other than technical degree,48396,34453,13943,23175,21338,1837,4608,3591,1017,2580,2218,362,20613,9524,11089,5407,3382,2025
B0103,09,148,District - Mainpuri,Rural,Technical degree or diploma equal to degree or post-graduate degree,3331,2697,634,1741,1573,168,233,198,35,145,126,19,1357,926,431,464,338,126
B0103,09,148,District - Mainpuri,Urban,Total,288442,151003,137439,61745,55176,6569,15574,11894,3680,8392,6754,1638,211123,83933,127190,17722,9203,8519
B0103,09,148,District - Mainpuri,Urban,Illiterate,90489,41414,49075,11176,9291,1885,4548,3036,1512,2428,1783,645,74765,29087,45678,2932,1145,1787
B0103,09,148,District - Mainpuri,Urban,Literate,197953,109589,88364,50569,45885,4684,11026,8858,2168,5964,4971,993,136358,54846,81512,14790,8058,6732
B0103,09,148,District - Mainpuri,Urban,Literate but below matric/secondary,93979,49135,44844,15446,14247,1199,4653,3680,973,2450,2093,357,73880,31208,42672,3979,2014,1965
B0103,09,148,District - Mainpuri,Urban,Matric/secondary but below graduate,59515,34501,25014,17187,16056,1131,3686,3045,641,2045,1709,336,38642,15400,23242,6083,3510,2573
B0103,09,148,District - Mainpuri,Urban,Technical diploma or certificate not equal to degree,368,314,54,173,159,14,16,14,2,10,9,1,179,141,38,56,49,7
B0103,09,148,District - Mainpuri,Urban,Graduate and above other than technical degree,28233,16572,11661,11880,10309,1571,1540,1229,311,825,646,179,14813,5034,9779,3361,1786,1575
B0103,09,148,District - Mainpuri,Urban,Technical degree or diploma equal to degree or post-graduate degree,3110,2152,958,1501,1226,275,176,135,41,107,83,24,1433,791,642,435,275,160
B0103,09,149,District - Budaun,Total,Total,3681896,1967759,1714137,875763,795070,80693,231580,144546,87034,96926,80879,16047,2574553,1028143,1546410,87953,45246,42707
B0103,09,149,District - Budaun,Total,Illiterate,2134419,981258,1153161,437098,381098,56000,137269,70319,66950,52145,40341,11804,1560052,529841,1030211,35825,11425,24400
B0103,09,149,District - Budaun,Total,Literate,1547477,986501,560976,438665,413972,24693,94311,74227,20084,44781,40538,4243,1014501,498302,516199,52128,33821,18307
B0103,09,149,District - Budaun,Total,Literate but below matric/secondary,1140096,705782,434314,262174,249431,12743,67707,52672,15035,31730,28847,2883,810215,403679,406536,28197,17891,10306
B0103,09,149,District - Budaun,Total,Matric/secondary but below graduate,234694,167760,66934,99922,95337,4585,14663,12487,2176,7564,6886,678,120109,59936,60173,15001,10515,4486
B0103,09,149,District - Budaun,Total,Technical diploma or certificate not equal to degree,869,788,81,415,396,19,39,36,3,19,17,2,415,356,59,104,89,15
B0103,09,149,District - Budaun,Total,Graduate and above other than technical degree,67566,44430,23136,36153,32143,4010,3395,2802,593,1680,1464,216,28018,9485,18533,5251,3013,2238
B0103,09,149,District - Budaun,Total,Technical degree or diploma equal to degree or post-graduate degree,5902,4406,1496,3240,2722,518,242,203,39,137,128,9,2420,1481,939,657,480,177
B0103,09,149,District - Budaun,Rural,Total,3037301,1630376,1406925,728837,660607,68230,198715,119074,79641,80249,66443,13806,2109749,850695,1259054,64670,32690,31980
B0103,09,149,District - Budaun,Rural,Illiterate,1812796,830483,982313,379821,329590,50231,119282,57301,61981,43032,32719,10313,1313693,443592,870101,27891,8162,19729
B0103,09,149,District - Budaun,Rural,Literate,1224505,799893,424612,349016,331017,17999,79433,61773,17660,37217,33724,3493,796056,407103,388953,36779,24528,12251
B0103,09,149,District - Budaun,Rural,Literate but below matric/secondary,952197,599029,353168,224003,213330,10673,58593,44940,13653,27025,24511,2514,669601,340759,328842,22223,14205,8018
B0103,09,149,District - Budaun,Rural,Matric/secondary but below graduate,157650,121983,35667,74466,71258,3208,11396,9742,1654,5884,5419,465,71788,40983,30805,9768,7192,2576
B0103,09,149,District - Budaun,Rural,Technical diploma or certificate not equal to degree,420,396,24,191,187,4,16,16,0,8,8,0,213,193,20,53,46,7
B0103,09,149,District - Budaun,Rural,Graduate and above other than technical degree,30683,23374,7309,18604,16895,1709,2159,1835,324,1112,993,119,9920,4644,5276,2351,1540,811
B0103,09,149,District - Budaun,Rural,Technical degree or diploma equal to degree or post-graduate degree,2112,1783,329,1202,1087,115,125,108,17,69,68,1,785,588,197,231,182,49
B0103,09,149,District - Budaun,Urban,Total,644595,337383,307212,146926,134463,12463,32865,25472,7393,16677,14436,2241,464804,177448,287356,23283,12556,10727
B0103,09,149,District - Budaun,Urban,Illiterate,321623,150775,170848,57277,51508,5769,17987,13018,4969,9113,7622,1491,246359,86249,160110,7934,3263,4671
B0103,09,149,District - Budaun,Urban,Literate,322972,186608,136364,89649,82955,6694,14878,12454,2424,7564,6814,750,218445,91199,127246,15349,9293,6056
B0103,09,149,District - Budaun,Urban,Literate but below matric/secondary,187899,106753,81146,38171,36101,2070,9114,7732,1382,4705,4336,369,140614,62920,77694,5974,3686,2288
B0103,09,149,District - Budaun,Urban,Matric/secondary but below graduate,77044,45777,31267,25456,24079,1377,3267,2745,522,1680,1467,213,48321,18953,29368,5233,3323,1910
B0103,09,149,District - Budaun,Urban,Technical diploma or certificate not equal to degree,449,392,57,224,209,15,23,20,3,11,9,2,202,163,39,51,43,8
B0103,09,149,District - Budaun,Urban,Graduate and above other than technical degree,36883,21056,15827,17549,15248,2301,1236,967,269,568,471,97,18098,4841,13257,2900,1473,1427
B0103,09,149,District - Budaun,Urban,Technical degree or diploma equal to degree or post-graduate degree,3790,2623,1167,2038,1635,403,117,95,22,68,60,8,1635,893,742,426,298,128
B0103,09,150,District - Bareilly,Total,Total,4448359,2357665,2090694,1043912,910612,133300,358059,242394,115665,168256,133982,34274,3046388,1204659,1841729,178887,87861,91026
B0103,09,150,District - Bareilly,Total,Illiterate,2256600,1014968,1241632,426134,352347,73787,175693,103770,71923,77874,58092,19782,1654773,558851,1095922,62150,19263,42887
B0103,09,150,District - Bareilly,Total,Literate,2191759,1342697,849062,617778,558265,59513,182366,138624,43742,90382,75890,14492,1391615,645808,745807,116737,68598,48139
B0103,09,150,District - Bareilly,Total,Literate but below matric/secondary,1429121,858368,570753,323311,294889,28422,115851,87903,27948,57606,49183,8423,989959,475576,514383,52873,31003,21870
B0103,09,150,District - Bareilly,Total,Matric/secondary but below graduate,393285,259193,134092,140149,130101,10048,31633,25185,6448,16508,13789,2719,221503,103907,117596,36184,22680,13504
B0103,09,150,District - Bareilly,Total,Technical diploma or certificate not equal to degree,3051,2537,514,1560,1444,116,226,188,38,91,78,13,1265,905,360,288,228,60
B0103,09,150,District - Bareilly,Total,Graduate and above other than technical degree,164955,98476,66479,77269,66033,11236,11706,8461,3245,5626,4215,1411,75980,23982,51998,15827,8058,7769
B0103,09,150,District - Bareilly,Total,Technical degree or diploma equal to degree or post-graduate degree,20692,14568,6124,10436,8536,1900,1435,1023,412,687,505,182,8821,5009,3812,2519,1685,834
B0103,09,150,District - Bareilly,Rural,Total,2879950,1530356,1349594,652231,576347,75884,242122,162023,80099,113789,92739,21050,1985597,791986,1193611,94994,45726,49268
B0103,09,150,District - Bareilly,Rural,Illiterate,1547344,683588,863756,289447,241523,47924,123059,69241,53818,53099,39508,13591,1134838,372824,762014,37380,9482,27898
B0103,09,150,District - Bareilly,Rural,Literate,1332606,846768,485838,362784,334824,27960,119063,92782,26281,60690,53231,7459,850759,419162,431597,57614,36244,21370
B0103,09,150,District - Bareilly,Rural,Literate but below matric/secondary,1008892,618177,390715,231998,214094,17904,85506,65521,19985,43213,37762,5451,691388,338562,352826,33320,19865,13455
B0103,09,150,District - Bareilly,Rural,Matric/secondary but below graduate,181325,133356,47969,70150,66521,3629,17014,14527,2487,9330,8433,897,94161,52308,41853,15590,10960,4630
B0103,09,150,District - Bareilly,Rural,Technical diploma or certificate not equal to degree,813,673,140,347,319,28,83,76,7,33,33,0,383,278,105,104,94,10
B0103,09,150,District - Bareilly,Rural,Graduate and above other than technical degree,41493,30272,11221,22576,19985,2591,3649,3048,601,2084,1855,229,15268,7239,8029,4008,2637,1371
B0103,09,150,District - Bareilly,Rural,Technical degree or diploma equal to degree or post-graduate degree,4289,3584,705,2385,2121,264,305,264,41,152,137,15,1599,1199,400,534,419,115
B0103,09,150,District - Bareilly,Urban,Total,1568409,827309,741100,391681,334265,57416,115937,80371,35566,54467,41243,13224,1060791,412673,648118,83893,42135,41758
B0103,09,150,District - Bareilly,Urban,Illiterate,709256,331380,377876,136687,110824,25863,52634,34529,18105,24775,18584,6191,519935,186027,333908,24770,9781,14989
B0103,09,150,District - Bareilly,Urban,Literate,859153,495929,363224,254994,223441,31553,63303,45842,17461,29692,22659,7033,540856,226646,314210,59123,32354,26769
B0103,09,150,District - Bareilly,Urban,Literate but below matric/secondary,420229,240191,180038,91313,80795,10518,30345,22382,7963,14393,11421,2972,298571,137014,161557,19553,11138,8415
B0103,09,150,District - Bareilly,Urban,Matric/secondary but below graduate,211960,125837,86123,69999,63580,6419,14619,10658,3961,7178,5356,1822,127342,51599,75743,20594,11720,8874
B0103,09,150,District - Bareilly,Urban,Technical diploma or certificate not equal to degree,2238,1864,374,1213,1125,88,143,112,31,58,45,13,882,627,255,184,134,50
B0103,09,150,District - Bareilly,Urban,Graduate and above other than technical degree,123462,68204,55258,54693,46048,8645,8057,5413,2644,3542,2360,1182,60712,16743,43969,11819,5421,6398
B0103,09,150,District - Bareilly,Urban,Technical degree or diploma equal to degree or post-graduate degree,16403,10984,5419,8051,6415,1636,1130,759,371,535,368,167,7222,3810,3412,1985,1266,719
B0103,09,151,District - Pilibhit,Total,Total,2031007,1072002,959005,463415,422120,41295,155190,112819,42371,88030,74528,13502,1412402,537063,875339,71350,33720,37630
B0103,09,151,District - Pilibhit,Total,Illiterate,969912,417712,552200,172100,148791,23309,72413,44514,27899,38844,29925,8919,725399,224407,500992,24897,6173,18724
B0103,09,151,District - Pilibhit,Total,Literate,1061095,654290,406805,291315,273329,17986,82777,68305,14472,49186,44603,4583,687003,312656,374347,46453,27547,18906
B0103,09,151,District - Pilibhit,Total,Literate but below matric/secondary,789920,472775,317145,184623,174361,10262,61599,50445,11154,36884,33472,3412,543698,247969,295729,24334,13722,10612
B0103,09,151,District - Pilibhit,Total,Matric/secondary but below graduate,171742,116429,55313,61329,58352,2977,12914,11220,1694,7621,7001,620,97499,46857,50642,13938,8904,5034
B0103,09,151,District - Pilibhit,Total,Technical diploma or certificate not equal to degree,529,421,108,236,209,27,42,38,4,31,29,2,251,174,77,68,50,18
B0103,09,151,District - Pilibhit,Total,Graduate and above other than technical degree,55053,36332,18721,26719,23758,2961,3499,2915,584,2026,1802,224,24835,9659,15176,5874,3497,2377
B0103,09,151,District - Pilibhit,Total,Technical degree or diploma equal to degree or post-graduate degree,5080,3864,1216,2678,2287,391,259,221,38,140,123,17,2143,1356,787,619,462,157
B0103,09,151,District - Pilibhit,Rural,Total,1679592,886789,792803,381233,348750,32483,132454,95444,37010,75093,63521,11572,1165905,442595,723310,50569,22669,27900
B0103,09,151,District - Pilibhit,Rural,Illiterate,818044,348003,470041,145740,126134,19606,61639,36814,24825,32666,24836,7830,610665,185055,425610,18741,3790,14951
B0103,09,151,District - Pilibhit,Rural,Literate,861548,538786,322762,235493,222616,12877,70815,58630,12185,42427,38685,3742,555240,257540,297700,31828,18879,12949
B0103,09,151,District - Pilibhit,Rural,Literate but below matric/secondary,680504,410447,270057,161588,152944,8644,54605,44703,9902,32701,29738,2963,464311,212800,251511,18894,10387,8507
B0103,09,151,District - Pilibhit,Rural,Matric/secondary but below graduate,120986,86521,34465,45620,43749,1871,10203,8982,1221,6197,5747,450,65163,33790,31373,8880,5863,3017
B0103,09,151,District - Pilibhit,Rural,Technical diploma or certificate not equal to degree,280,225,55,108,94,14,27,25,2,20,19,1,145,106,39,44,33,11
B0103,09,151,District - Pilibhit,Rural,Graduate and above other than technical degree,26812,19965,6847,14124,12869,1255,2174,1916,258,1404,1304,100,10514,5180,5334,2705,1808,897
B0103,09,151,District - Pilibhit,Rural,Technical degree or diploma equal to degree or post-graduate degree,1968,1669,299,1025,942,83,134,125,9,78,74,4,809,602,207,229,188,41
B0103,09,151,District - Pilibhit,Urban,Total,351415,185213,166202,82182,73370,8812,22736,17375,5361,12937,11007,1930,246497,94468,152029,20781,11051,9730
B0103,09,151,District - Pilibhit,Urban,Illiterate,151868,69709,82159,26360,22657,3703,10774,7700,3074,6178,5089,1089,114734,39352,75382,6156,2383,3773
B0103,09,151,District - Pilibhit,Urban,Literate,199547,115504,84043,55822,50713,5109,11962,9675,2287,6759,5918,841,131763,55116,76647,14625,8668,5957
B0103,09,151,District - Pilibhit,Urban,Literate but below matric/secondary,109416,62328,47088,23035,21417,1618,6994,5742,1252,4183,3734,449,79387,35169,44218,5440,3335,2105
B0103,09,151,District - Pilibhit,Urban,Matric/secondary but below graduate,50756,29908,20848,15709,14603,1106,2711,2238,473,1424,1254,170,32336,13067,19269,5058,3041,2017
B0103,09,151,District - Pilibhit,Urban,Technical diploma or certificate not equal to degree,249,196,53,128,115,13,15,13,2,11,10,1,106,68,38,24,17,7
B0103,09,151,District - Pilibhit,Urban,Graduate and above other than technical degree,28241,16367,11874,12595,10889,1706,1325,999,326,622,498,124,14321,4479,9842,3169,1689,1480
B0103,09,151,District - Pilibhit,Urban,Technical degree or diploma equal to degree or post-graduate degree,3112,2195,917,1653,1345,308,125,96,29,62,49,13,1334,754,580,390,274,116
B0103,09,152,District - Shahjahanpur,Total,Total,3006538,1606403,1400135,699503,640720,58783,192711,142593,50118,101770,87295,14475,2114324,823090,1291234,109337,50796,58541
B0103,09,152,District - Shahjahanpur,Total,Illiterate,1515608,691261,824347,284065,250821,33244,94712,61814,32898,48138,38936,9202,1136831,378626,758205,39539,11016,28523
B0103,09,152,District - Shahjahanpur,Total,Literate,1490930,915142,575788,415438,389899,25539,97999,80779,17220,53632,48359,5273,977493,444464,533029,69798,39780,30018
B0103,09,152,District - Shahjahanpur,Total,Literate but below matric/secondary,1080610,644909,435701,248978,235912,13066,69519,57320,12199,38195,34706,3489,762113,351677,410436,34594,19114,15480
B0103,09,152,District - Shahjahanpur,Total,Matric/secondary but below graduate,249117,167455,81662,95215,90468,4747,16336,13885,2451,9042,8138,904,137566,63102,74464,21213,13161,8052
B0103,09,152,District - Shahjahanpur,Total,Technical diploma or certificate not equal to degree,921,786,135,427,392,35,41,36,5,24,22,2,453,358,95,176,143,33
B0103,09,152,District - Shahjahanpur,Total,Graduate and above other than technical degree,81008,51892,29116,40053,35226,4827,4709,3661,1048,2491,2080,411,36246,13005,23241,9246,4813,4433
B0103,09,152,District - Shahjahanpur,Total,Technical degree or diploma equal to degree or post-graduate degree,6929,5140,1789,3590,2999,591,310,250,60,184,151,33,3029,1891,1138,1075,742,333
B0103,09,152,District - Shahjahanpur,Rural,Total,2412446,1293714,1118732,560332,515060,45272,158778,115924,42854,83866,72104,11762,1693336,662730,1030606,70860,30871,39989
B0103,09,152,District - Shahjahanpur,Rural,Illiterate,1255624,568351,687273,236194,208768,27426,78750,49612,29138,39576,31659,7917,940680,309971,630709,29633,6728,22905
B0103,09,152,District - Shahjahanpur,Rural,Literate,1156822,725363,431459,324138,306292,17846,80028,66312,13716,44290,40445,3845,752656,352759,399897,41227,24143,17084
B0103,09,152,District - Shahjahanpur,Rural,Literate but below matric/secondary,902947,545444,357503,213222,202305,10917,59945,49296,10649,33103,30199,2904,629780,293843,335937,25116,13655,11461
B0103,09,152,District - Shahjahanpur,Rural,Matric/secondary but below graduate,159441,115211,44230,67086,64040,3046,11768,10248,1520,6655,6149,506,80587,40923,39664,10710,7192,3518
B0103,09,152,District - Shahjahanpur,Rural,Technical diploma or certificate not equal to degree,310,273,37,149,141,8,15,12,3,9,8,1,146,120,26,40,34,6
B0103,09,152,District - Shahjahanpur,Rural,Graduate and above other than technical degree,35737,26843,8894,20464,18492,1972,2549,2192,357,1446,1327,119,12724,6159,6565,2881,1943,938
B0103,09,152,District - Shahjahanpur,Rural,Technical degree or diploma equal to degree or post-graduate degree,2393,1981,412,1337,1184,153,122,104,18,76,65,11,934,693,241,273,220,53
B0103,09,152,District - Shahjahanpur,Urban,Total,594092,312689,281403,139171,125660,13511,33933,26669,7264,17904,15191,2713,420988,160360,260628,38477,19925,18552
B0103,09,152,District - Shahjahanpur,Urban,Illiterate,259984,122910,137074,47871,42053,5818,15962,12202,3760,8562,7277,1285,196151,68655,127496,9906,4288,5618
B0103,09,152,District - Shahjahanpur,Urban,Literate,334108,189779,144329,91300,83607,7693,17971,14467,3504,9342,7914,1428,224837,91705,133132,28571,15637,12934
B0103,09,152,District - Shahjahanpur,Urban,Literate but below matric/secondary,177663,99465,78198,35756,33607,2149,9574,8024,1550,5092,4507,585,132333,57834,74499,9478,5459,4019
B0103,09,152,District - Shahjahanpur,Urban,Matric/secondary but below graduate,89676,52244,37432,28129,26428,1701,4568,3637,931,2387,1989,398,56979,22179,34800,10503,5969,4534
B0103,09,152,District - Shahjahanpur,Urban,Technical diploma or certificate not equal to degree,611,513,98,278,251,27,26,24,2,15,14,1,307,238,69,136,109,27
B0103,09,152,District - Shahjahanpur,Urban,Graduate and above other than technical degree,45271,25049,20222,19589,16734,2855,2160,1469,691,1045,753,292,23522,6846,16676,6365,2870,3495
B0103,09,152,District - Shahjahanpur,Urban,Technical degree or diploma equal to degree or post-graduate degree,4536,3159,1377,2253,1815,438,188,146,42,108,86,22,2095,1198,897,802,522,280
B0103,09,153,District - Kheri,Total,Total,4021243,2123187,1898056,958249,855497,102752,306469,202986,103483,145633,115909,29724,2756525,1064704,1691821,130805,60016,70789
B0103,09,153,District - Kheri,Total,Illiterate,1987199,886030,1101169,386367,323791,62576,151221,82727,68494,67766,48142,19624,1449611,479512,970099,45678,11121,34557
B0103,09,153,District - Kheri,Total,Literate,2034044,1237157,796887,571882,531706,40176,155248,120259,34989,77867,67767,10100,1306914,585192,721722,85127,48895,36232
B0103,09,153,District - Kheri,Total,Literate but below matric/secondary,1495811,886435,609376,356801,334631,22170,109292,85017,24275,54673,48355,6318,1029718,466787,562931,46583,25514,21069
B0103,09,153,District - Kheri,Total,Matric/secondary but below graduate,287939,189118,98821,103986,97302,6684,21907,17193,4714,11168,9533,1635,162046,74623,87423,22243,14084,8159
B0103,09,153,District - Kheri,Total,Technical diploma or certificate not equal to degree,1034,877,157,499,469,30,64,55,9,31,28,3,471,353,118,133,108,25
B0103,09,153,District - Kheri,Total,Graduate and above other than technical degree,97983,65448,32535,50022,44306,5716,7066,5426,1640,3625,2903,722,40895,15716,25179,9360,5456,3904
B0103,09,153,District - Kheri,Total,Technical degree or diploma equal to degree or post-graduate degree,6401,5004,1397,3330,2866,464,395,309,86,203,159,44,2676,1829,847,871,640,231
B0103,09,153,District - Kheri,Rural,Total,3560208,1880679,1679529,849900,758812,91088,276078,180374,95704,131160,104288,26872,2434230,941493,1492737,107183,47528,59655
B0103,09,153,District - Kheri,Rural,Illiterate,1813274,804527,1008747,356984,298394,58590,140222,74874,65348,62501,43956,18545,1316068,431259,884809,40952,9170,31782
B0103,09,153,District - Kheri,Rural,Literate,1746934,1076152,670782,492916,460418,32498,135856,105500,30356,68659,60332,8327,1118162,510234,607928,66231,38358,27873
B0103,09,153,District - Kheri,Rural,Literate but below matric/secondary,1345368,803330,542038,326472,306509,19963,99375,77127,22248,49996,44319,5677,919521,419694,499827,40290,21910,18380
B0103,09,153,District - Kheri,Rural,Matric/secondary but below graduate,218188,150268,67920,83642,78730,4912,17453,13907,3546,9007,7858,1149,117093,57631,59462,15939,10441,5498
B0103,09,153,District - Kheri,Rural,Technical diploma or certificate not equal to degree,565,487,78,259,242,17,39,32,7,20,19,1,267,213,54,79,68,11
B0103,09,153,District - Kheri,Rural,Graduate and above other than technical degree,55189,40702,14487,30819,27761,3058,4339,3560,779,2344,2010,334,20031,9381,10650,4749,3157,1592
B0103,09,153,District - Kheri,Rural,Technical degree or diploma equal to degree or post-graduate degree,3018,2551,467,1575,1431,144,189,160,29,96,82,14,1254,960,294,395,323,72
B0103,09,153,District - Kheri,Urban,Total,461035,242508,218527,108349,96685,11664,30391,22612,7779,14473,11621,2852,322295,123211,199084,23622,12488,11134
B0103,09,153,District - Kheri,Urban,Illiterate,173925,81503,92422,29383,25397,3986,10999,7853,3146,5265,4186,1079,133543,48253,85290,4726,1951,2775
B0103,09,153,District - Kheri,Urban,Literate,287110,161005,126105,78966,71288,7678,19392,14759,4633,9208,7435,1773,188752,74958,113794,18896,10537,8359
B0103,09,153,District - Kheri,Urban,Literate but below matric/secondary,150443,83105,67338,30329,28122,2207,9917,7890,2027,4677,4036,641,110197,47093,63104,6293,3604,2689
B0103,09,153,District - Kheri,Urban,Matric/secondary but below graduate,69751,38850,30901,20344,18572,1772,4454,3286,1168,2161,1675,486,44953,16992,27961,6304,3643,2661
B0103,09,153,District - Kheri,Urban,Technical diploma or certificate not equal to degree,469,390,79,240,227,13,25,23,2,11,9,2,204,140,64,54,40,14
B0103,09,153,District - Kheri,Urban,Graduate and above other than technical degree,42794,24746,18048,19203,16545,2658,2727,1866,861,1281,893,388,20864,6335,14529,4611,2299,2312
B0103,09,153,District - Kheri,Urban,Technical degree or diploma equal to degree or post-graduate degree,3383,2453,930,1755,1435,320,206,149,57,107,77,30,1422,869,553,476,317,159
B0103,09,154,District - Sitapur,Total,Total,4483992,2375264,2108728,1023642,900129,123513,398960,271123,127837,200400,157641,42759,3061390,1204012,1857378,176426,77249,99177
B0103,09,154,District - Sitapur,Total,Illiterate,2200259,977562,1222697,407126,332720,74406,192831,107230,85601,90188,62446,27742,1600302,537612,1062690,64685,14908,49777
B0103,09,154,District - Sitapur,Total,Literate,2283733,1397702,886031,616516,567409,49107,206129,163893,42236,110212,95195,15017,1461088,666400,794688,111741,62341,49400
B0103,09,154,District - Sitapur,Total,Literate but below matric/secondary,1733768,1039546,694222,401907,373645,28262,151187,120905,30282,81586,71038,10548,1180674,544996,635678,66056,35998,30058
B0103,09,154,District - Sitapur,Total,Matric/secondary but below graduate,313797,206719,107078,114393,106248,8145,28739,23594,5145,15458,13318,2140,170665,76877,93788,26915,16020,10895
B0103,09,154,District - Sitapur,Total,Technical diploma or certificate not equal to degree,1070,925,145,476,447,29,65,57,8,35,33,2,529,421,108,154,135,19
B0103,09,154,District - Sitapur,Total,Graduate and above other than technical degree,113346,74589,38757,55914,48338,7576,9560,7439,2121,5174,4256,918,47872,18812,29060,11577,6365,5212
B0103,09,154,District - Sitapur,Total,Technical degree or diploma equal to degree or post-graduate degree,8072,6173,1899,4079,3464,615,508,409,99,262,217,45,3485,2300,1185,1105,820,285
B0103,09,154,District - Sitapur,Rural,Total,3953208,2098123,1855085,900223,793537,106686,362372,245351,117021,181905,143528,38377,2690613,1059235,1631378,143049,61047,82002
B0103,09,154,District - Sitapur,Rural,Illiterate,2000690,883797,1116893,373743,305439,68304,179699,98471,81228,83482,57524,25958,1447248,479887,967361,57378,12003,45375
B0103,09,154,District - Sitapur,Rural,Literate,1952518,1214326,738192,526480,488098,38382,182673,146880,35793,98423,86004,12419,1243365,579348,664017,85671,49044,36627
B0103,09,154,District - Sitapur,Rural,Literate but below matric/secondary,1549848,938440,611408,363944,339204,24740,139235,111657,27578,75270,65878,9392,1046669,487579,559090,55785,30641,25144
B0103,09,154,District - Sitapur,Rural,Matric/secondary but below graduate,234244,163015,71229,90618,85015,5603,23470,19700,3770,12580,11135,1445,120156,58300,61856,18234,11535,6699
B0103,09,154,District - Sitapur,Rural,Technical diploma or certificate not equal to degree,604,527,77,230,222,8,36,33,3,23,22,1,338,272,66,82,73,9
B0103,09,154,District - Sitapur,Rural,Graduate and above other than technical degree,66380,48235,18145,34982,31053,3929,6274,5264,1010,3497,3111,386,25124,11918,13206,6162,3874,2288
B0103,09,154,District - Sitapur,Rural,Technical degree or diploma equal to degree or post-graduate degree,3898,3231,667,1989,1770,219,265,239,26,146,133,13,1644,1222,422,509,415,94
B0103,09,154,District - Sitapur,Urban,Total,530784,277141,253643,123419,106592,16827,36588,25772,10816,18495,14113,4382,370777,144777,226000,33377,16202,17175
B0103,09,154,District - Sitapur,Urban,Illiterate,199569,93765,105804,33383,27281,6102,13132,8759,4373,6706,4922,1784,153054,57725,95329,7307,2905,4402
B0103,09,154,District - Sitapur,Urban,Literate,331215,183376,147839,90036,79311,10725,23456,17013,6443,11789,9191,2598,217723,87052,130671,26070,13297,12773
B0103,09,154,District - Sitapur,Urban,Literate but below matric/secondary,183920,101106,82814,37963,34441,3522,11952,9248,2704,6316,5160,1156,134005,57417,76588,10271,5357,4914
B0103,09,154,District - Sitapur,Urban,Matric/secondary but below graduate,79553,43704,35849,23775,21233,2542,5269,3894,1375,2878,2183,695,50509,18577,31932,8681,4485,4196
B0103,09,154,District - Sitapur,Urban,Technical diploma or certificate not equal to degree,466,398,68,246,225,21,29,24,5,12,11,1,191,149,42,72,62,10
B0103,09,154,District - Sitapur,Urban,Graduate and above other than technical degree,46966,26354,20612,20932,17285,3647,3286,2175,1111,1677,1145,532,22748,6894,15854,5415,2491,2924
B0103,09,154,District - Sitapur,Urban,Technical degree or diploma equal to degree or post-graduate degree,4174,2942,1232,2090,1694,396,243,170,73,116,84,32,1841,1078,763,596,405,191
B0103,09,155,District - Hardoi,Total,Total,4092845,2191442,1901403,969871,866141,103730,349075,225811,123264,160598,126697,33901,2773899,1099490,1674409,155342,73408,81934
B0103,09,155,District - Hardoi,Total,Illiterate,1871244,816855,1054389,337471,277770,59701,156323,77070,79253,65146,43820,21326,1377450,462015,915435,50168,12271,37897
B0103,09,155,District - Hardoi,Total,Literate,2221601,1374587,847014,632400,588371,44029,192752,148741,44011,95452,82877,12575,1396449,637475,758974,105174,61137,44037
B0103,09,155,District - Hardoi,Total,Literate but below matric/secondary,1640331,983872,656459,392642,367321,25321,137144,104866,32278,67322,58591,8731,1110545,511685,598860,59050,33272,25778
B0103,09,155,District - Hardoi,Total,Matric/secondary but below graduate,359376,244065,115311,141604,133429,8175,32336,26157,6179,16510,14458,2052,185436,84479,100957,28235,17367,10868
B0103,09,155,District - Hardoi,Total,Technical diploma or certificate not equal to degree,725,623,102,317,292,25,49,46,3,23,22,1,359,285,74,126,105,21
B0103,09,155,District - Hardoi,Total,Graduate and above other than technical degree,111427,77052,34375,56915,50805,6110,9131,7425,1706,4722,4061,661,45381,18822,26559,11439,6792,4647
B0103,09,155,District - Hardoi,Total,Technical degree or diploma equal to degree or post-graduate degree,6765,5126,1639,3513,2947,566,438,357,81,228,196,32,2814,1822,992,983,685,298
B0103,09,155,District - Hardoi,Rural,Total,3551039,1906147,1644892,841702,752500,89202,315392,201246,114146,144608,114050,30558,2393945,952401,1441544,122249,56071,66178
B0103,09,155,District - Hardoi,Rural,Illiterate,1667451,723867,943584,303499,249142,54357,144207,69149,75058,59520,39613,19907,1219745,405576,814169,43126,9630,33496
B0103,09,155,District - Hardoi,Rural,Literate,1883588,1182280,701308,538203,503358,34845,171185,132097,39088,85088,74437,10651,1174200,546825,627375,79123,46441,32682
B0103,09,155,District - Hardoi,Rural,Literate but below matric/secondary,1449519,877607,571912,351456,329496,21960,125302,95639,29663,61584,53852,7732,972761,452472,520289,49430,27892,21538
B0103,09,155,District - Hardoi,Rural,Matric/secondary but below graduate,276636,196607,80029,116009,109997,6012,27188,22168,5020,13948,12409,1539,133439,64442,68997,19172,12186,6986
B0103,09,155,District - Hardoi,Rural,Technical diploma or certificate not equal to degree,429,376,53,194,177,17,32,31,1,14,13,1,203,168,35,70,59,11
B0103,09,155,District - Hardoi,Rural,Graduate and above other than technical degree,67762,50908,16854,37255,33833,3422,6575,5472,1103,3535,3136,399,23932,11603,12329,5941,3784,2157
B0103,09,155,District - Hardoi,Rural,Technical degree or diploma equal to degree or post-graduate degree,3433,2781,652,1845,1612,233,262,229,33,143,130,13,1326,940,386,454,327,127
B0103,09,155,District - Hardoi,Urban,Total,541806,285295,256511,128169,113641,14528,33683,24565,9118,15990,12647,3343,379954,147089,232865,33093,17337,15756
B0103,09,155,District - Hardoi,Urban,Illiterate,203793,92988,110805,33972,28628,5344,12116,7921,4195,5626,4207,1419,157705,56439,101266,7042,2641,4401
B0103,09,155,District - Hardoi,Urban,Literate,338013,192307,145706,94197,85013,9184,21567,16644,4923,10364,8440,1924,222249,90650,131599,26051,14696,11355
B0103,09,155,District - Hardoi,Urban,Literate but below matric/secondary,190812,106265,84547,41186,37825,3361,11842,9227,2615,5738,4739,999,137784,59213,78571,9620,5380,4240
B0103,09,155,District - Hardoi,Urban,Matric/secondary but below graduate,82740,47458,35282,25595,23432,2163,5148,3989,1159,2562,2049,513,51997,20037,31960,9063,5181,3882
B0103,09,155,District - Hardoi,Urban,Technical diploma or certificate not equal to degree,296,247,49,123,115,8,17,15,2,9,9,0,156,117,39,56,46,10
B0103,09,155,District - Hardoi,Urban,Graduate and above other than technical degree,43665,26144,17521,19660,16972,2688,2556,1953,603,1187,925,262,21449,7219,14230,5498,3008,2490
B0103,09,155,District - Hardoi,Urban,Technical degree or diploma equal to degree or post-graduate degree,3332,2345,987,1668,1335,333,176,128,48,85,66,19,1488,882,606,529,358,171
B0103,09,156,District - Unnao,Total,Total,3108367,1630087,1478280,761831,645197,116634,362913,205817,157096,148928,110095,38833,1983623,779073,1204550,126383,61250,65133
B0103,09,156,District - Unnao,Total,Illiterate,1334783,577024,757759,265460,197380,68080,163011,65559,97452,57575,34410,23165,906312,314085,592227,31724,9042,22682
B0103,09,156,District - Unnao,Total,Literate,1773584,1053063,720521,496371,447817,48554,199902,140258,59644,91353,75685,15668,1077311,464988,612323,94659,52208,42451
B0103,09,156,District - Unnao,Total,Literate but below matric/secondary,1217990,708676,509314,288734,260762,27972,135014,93455,41559,61173,50832,10341,794242,354459,439783,46320,25214,21106
B0103,09,156,District - Unnao,Total,Matric/secondary but below graduate,337388,208832,128556,116156,107051,9105,38355,28211,10144,18027,15040,2987,182877,73570,109307,30290,17329,12961
B0103,09,156,District - Unnao,Total,Technical diploma or certificate not equal to degree,582,495,87,247,229,18,30,28,2,15,13,2,305,238,67,96,85,11
B0103,09,156,District - Unnao,Total,Graduate and above other than technical degree,104498,66170,38328,48407,42461,5946,9755,7245,2510,4800,3899,901,46336,16464,29872,11656,6106,5550
B0103,09,156,District - Unnao,Total,Technical degree or diploma equal to degree or post-graduate degree,6275,4497,1778,3033,2535,498,457,348,109,245,185,60,2785,1614,1171,944,622,322
B0103,09,156,District - Unnao,Rural,Total,2576721,1351897,1224824,638510,536035,102475,321993,175517,146476,129379,94367,35012,1616218,640345,975873,93205,44387,48818
B0103,09,156,District - Unnao,Rural,Illiterate,1153603,493744,659859,236552,173739,62813,148563,56048,92515,50740,29214,21526,768488,263957,504531,25879,6735,19144
B0103,09,156,District - Unnao,Rural,Literate,1423118,858153,564965,401958,362296,39662,173430,119469,53961,78639,65153,13486,847730,376388,471342,67326,37652,29674
B0103,09,156,District - Unnao,Rural,Literate but below matric/secondary,1035770,609197,426573,252086,227118,24968,121329,82514,38815,54517,45110,9407,662355,299565,362790,37290,20229,17061
B0103,09,156,District - Unnao,Rural,Matric/secondary but below graduate,242597,155463,87134,87766,80682,7084,31467,22749,8718,14653,12298,2355,123364,52032,71332,19884,11637,8247
B0103,09,156,District - Unnao,Rural,Technical diploma or certificate not equal to degree,279,245,34,105,99,6,16,16,0,7,7,0,158,130,28,50,47,3
B0103,09,156,District - Unnao,Rural,Graduate and above other than technical degree,56699,38719,17980,27928,24652,3276,6683,4938,1745,3437,2879,558,22088,9129,12959,5804,3367,2437
B0103,09,156,District - Unnao,Rural,Technical degree or diploma equal to degree or post-graduate degree,2471,1948,523,1260,1106,154,215,175,40,125,103,22,996,667,329,325,241,84
B0103,09,156,District - Unnao,Urban,Total,531646,278190,253456,123321,109162,14159,40920,30300,10620,19549,15728,3821,367405,138728,228677,33178,16863,16315
B0103,09,156,District - Unnao,Urban,Illiterate,181180,83280,97900,28908,23641,5267,14448,9511,4937,6835,5196,1639,137824,50128,87696,5845,2307,3538
B0103,09,156,District - Unnao,Urban,Literate,350466,194910,155556,94413,85521,8892,26472,20789,5683,12714,10532,2182,229581,88600,140981,27333,14556,12777
B0103,09,156,District - Unnao,Urban,Literate but below matric/secondary,182220,99479,82741,36648,33644,3004,13685,10941,2744,6656,5722,934,131887,54894,76993,9030,4985,4045
B0103,09,156,District - Unnao,Urban,Matric/secondary but below graduate,94791,53369,41422,28390,26369,2021,6888,5462,1426,3374,2742,632,59513,21538,37975,10406,5692,4714
B0103,09,156,District - Unnao,Urban,Technical diploma or certificate not equal to degree,303,250,53,142,130,12,14,12,2,8,6,2,147,108,39,46,38,8
B0103,09,156,District - Unnao,Urban,Graduate and above other than technical degree,47799,27451,20348,20479,17809,2670,3072,2307,765,1363,1020,343,24248,7335,16913,5852,2739,3113
B0103,09,156,District - Unnao,Urban,Technical degree or diploma equal to degree or post-graduate degree,3804,2549,1255,1773,1429,344,242,173,69,120,82,38,1789,947,842,619,381,238
B0103,09,157,District - Lucknow,Total,Total,4589838,2394476,2195362,1152285,969574,182711,390521,256825,133696,196776,143790,52986,3047032,1168077,1878955,318195,147758,170437
B0103,09,157,District - Lucknow,Total,Illiterate,1462578,652036,810542,249609,188908,60701,129434,72582,56852,61690,41118,20572,1083535,390546,692989,55584,15989,39595
B0103,09,157,District - Lucknow,Total,Literate,3127260,1742440,1384820,902676,780666,122010,261087,184243,76844,135086,102672,32414,1963497,777531,1185966,262611,131769,130842
B0103,09,157,District - Lucknow,Total,Literate but below matric/secondary,1520924,837062,683862,304293,271480,32813,134978,99641,35337,70746,57702,13044,1081653,465941,615712,85424,43237,42187
B0103,09,157,District - Lucknow,Total,Matric/secondary but below graduate,798653,452819,345834,243614,220228,23386,63523,44862,18661,34230,25363,8867,491516,187729,303787,93414,49923,43491
B0103,09,157,District - Lucknow,Total,Technical diploma or certificate not equal to degree,14726,12392,2334,8348,7602,746,933,736,197,420,322,98,5445,4054,1391,1413,1050,363
B0103,09,157,District - Lucknow,Total,Graduate and above other than technical degree,585007,316123,268884,264154,215007,49147,39783,24143,15640,19097,11627,7470,281070,76973,204097,62014,26263,35751
B0103,09,157,District - Lucknow,Total,Technical degree or diploma equal to degree or post-graduate degree,80317,53451,26866,41598,32536,9062,5376,3424,1952,2634,1663,971,33343,17491,15852,10339,6244,4095
B0103,09,157,District - Lucknow,Rural,Total,1550842,813752,737090,336353,281170,55183,185807,124991,60816,97979,76339,21640,1028682,407591,621091,85493,38497,46996
B0103,09,157,District - Lucknow,Rural,Illiterate,649985,280096,369889,114917,83583,31334,77349,41064,36285,37513,24766,12747,457719,155449,302270,24286,5403,18883
B0103,09,157,District - Lucknow,Rural,Literate,900857,533656,367201,221436,197587,23849,108458,83927,24531,60466,51573,8893,570963,252142,318821,61207,33094,28113
B0103,09,157,District - Lucknow,Rural,Literate but below matric/secondary,648334,374343,273991,130872,116956,13916,77236,59521,17715,42835,36750,6085,440226,197866,242360,34797,18276,16521
B0103,09,157,District - Lucknow,Rural,Matric/secondary but below graduate,164868,104506,60362,54643,50049,4594,20042,15970,4072,11469,9813,1656,90183,38487,51696,17872,10329,7543
B0103,09,157,District - Lucknow,Rural,Technical diploma or certificate not equal to degree,747,632,115,307,287,20,46,38,8,21,17,4,394,307,87,110,90,20
B0103,09,157,District - Lucknow,Rural,Graduate and above other than technical degree,48039,31102,16937,23226,19841,3385,5008,3891,1117,2897,2357,540,19805,7370,12435,5537,2937,2600
B0103,09,157,District - Lucknow,Rural,Technical degree or diploma equal to degree or post-graduate degree,3404,2493,911,1647,1367,280,197,151,46,100,83,17,1560,975,585,496,340,156
B0103,09,157,District - Lucknow,Urban,Total,3038996,1580724,1458272,815932,688404,127528,204714,131834,72880,98797,67451,31346,2018350,760486,1257864,232702,109261,123441
B0103,09,157,District - Lucknow,Urban,Illiterate,812593,371940,440653,134692,105325,29367,52085,31518,20567,24177,16352,7825,625816,235097,390719,31298,10586,20712
B0103,09,157,District - Lucknow,Urban,Literate,2226403,1208784,1017619,681240,583079,98161,152629,100316,52313,74620,51099,23521,1392534,525389,867145,201404,98675,102729
B0103,09,157,District - Lucknow,Urban,Literate but below matric/secondary,872590,462719,409871,173421,154524,18897,57742,40120,17622,27911,20952,6959,641427,268075,373352,50627,24961,25666
B0103,09,157,District - Lucknow,Urban,Matric/secondary but below graduate,633785,348313,285472,188971,170179,18792,43481,28892,14589,22761,15550,7211,401333,149242,252091,75542,39594,35948
B0103,09,157,District - Lucknow,Urban,Technical diploma or certificate not equal to degree,13979,11760,2219,8041,7315,726,887,698,189,399,305,94,5051,3747,1304,1303,960,343
B0103,09,157,District - Lucknow,Urban,Graduate and above other than technical degree,536968,285021,251947,240928,195166,45762,34775,20252,14523,16200,9270,6930,261265,69603,191662,56477,23326,33151
B0103,09,157,District - Lucknow,Urban,Technical degree or diploma equal to degree or post-graduate degree,76913,50958,25955,39951,31169,8782,5179,3273,1906,2534,1580,954,31783,16516,15267,9843,5904,3939
B0103,09,158,District - Rae Bareli,Total,Total,3405559,1752542,1653017,644869,520983,123886,559841,346410,213431,298181,216128,82053,2200849,885149,1315700,187179,84331,102848
B0103,09,158,District - Rae Bareli,Total,Illiterate,1439716,586577,853139,212658,139898,72760,252564,111727,140837,122711,68774,53937,974494,334952,639542,52268,11137,41131
B0103,09,158,District - Rae Bareli,Total,Literate,1965843,1165965,799878,432211,381085,51126,307277,234683,72594,175470,147354,28116,1226355,550197,676158,134911,73194,61717
B0103,09,158,District - Rae Bareli,Total,Literate but below matric/secondary,1344903,777061,567842,233280,205592,27688,207485,157683,49802,118007,99413,18594,904138,413786,490352,66764,34932,31832
B0103,09,158,District - Rae Bareli,Total,Matric/secondary but below graduate,407978,254678,153300,116547,105483,11064,65560,51712,13848,37901,32120,5781,225871,97483,128388,45031,25542,19489
B0103,09,158,District - Rae Bareli,Total,Technical diploma or certificate not equal to degree,1895,1677,218,1086,1042,44,133,116,17,72,60,12,676,519,157,213,171,42
B0103,09,158,District - Rae Bareli,Total,Graduate and above other than technical degree,123659,79145,44514,53781,45953,7828,15804,12171,3633,9430,7773,1657,54074,21021,33053,16026,8732,7294
B0103,09,158,District - Rae Bareli,Total,Technical degree or diploma equal to degree or post-graduate degree,9442,6791,2651,4451,3683,768,777,590,187,466,373,93,4214,2518,1696,1595,1051,544
B0103,09,158,District - Rae Bareli,Rural,Total,3097564,1592449,1505115,572736,459695,113041,536331,330289,206042,285159,206638,78521,1988497,802465,1186032,161452,71722,89730
B0103,09,158,District - Rae Bareli,Rural,Illiterate,1347538,546060,801478,199040,129632,69408,244975,107121,137854,118678,66033,52645,903523,309307,594216,48522,9882,38640
B0103,09,158,District - Rae Bareli,Rural,Literate,1750026,1046389,703637,373696,330063,43633,291356,223168,68188,166481,140605,25876,1084974,493158,591816,112930,61840,51090
B0103,09,158,District - Rae Bareli,Rural,Literate but below matric/secondary,1245420,723468,521952,215028,189323,25705,199834,151966,47868,113759,96043,17716,830558,382179,448379,60610,31728,28882
B0103,09,158,District - Rae Bareli,Rural,Matric/secondary but below graduate,345576,219915,125661,98931,89693,9238,61051,48436,12615,35293,30195,5098,185594,81786,103808,36550,21091,15459
B0103,09,158,District - Rae Bareli,Rural,Technical diploma or certificate not equal to degree,836,747,89,391,374,17,84,78,6,47,44,3,361,295,66,125,110,15
B0103,09,158,District - Rae Bareli,Rural,Graduate and above other than technical degree,84466,56772,27694,36843,31753,5090,13250,10489,2761,7975,6815,1160,34373,14530,19843,10483,6030,4453
B0103,09,158,District - Rae Bareli,Rural,Technical degree or diploma equal to degree or post-graduate degree,4651,3604,1047,2212,1938,274,463,374,89,261,226,35,1976,1292,684,782,551,231
B0103,09,158,District - Rae Bareli,Urban,Total,307995,160093,147902,72133,61288,10845,23510,16121,7389,13022,9490,3532,212352,82684,129668,25727,12609,13118
B0103,09,158,District - Rae Bareli,Urban,Illiterate,92178,40517,51661,13618,10266,3352,7589,4606,2983,4033,2741,1292,70971,25645,45326,3746,1255,2491
B0103,09,158,District - Rae Bareli,Urban,Literate,215817,119576,96241,58515,51022,7493,15921,11515,4406,8989,6749,2240,141381,57039,84342,21981,11354,10627
B0103,09,158,District - Rae Bareli,Urban,Literate but below matric/secondary,99483,53593,45890,18252,16269,1983,7651,5717,1934,4248,3370,878,73580,31607,41973,6154,3204,2950
B0103,09,158,District - Rae Bareli,Urban,Matric/secondary but below graduate,62402,34763,27639,17616,15790,1826,4509,3276,1233,2608,1925,683,40277,15697,24580,8481,4451,4030
B0103,09,158,District - Rae Bareli,Urban,Technical diploma or certificate not equal to degree,1059,930,129,695,668,27,49,38,11,25,16,9,315,224,91,88,61,27
B0103,09,158,District - Rae Bareli,Urban,Graduate and above other than technical degree,39193,22373,16820,16938,14200,2738,2554,1682,872,1455,958,497,19701,6491,13210,5543,2702,2841
B0103,09,158,District - Rae Bareli,Urban,Technical degree or diploma equal to degree or post-graduate degree,4791,3187,1604,2239,1745,494,314,216,98,205,147,58,2238,1226,1012,813,500,313
B0103,09,159,District - Farrukhabad,Total,Total,1885204,1006240,878964,474686,424227,50459,117581,70318,47263,44307,34359,9948,1292937,511695,781242,60269,30142,30127
B0103,09,159,District - Farrukhabad,Total,Illiterate,792527,351413,441114,142505,116360,26145,45848,21603,24245,16152,10947,5205,604174,213450,390724,15057,4245,10812
B0103,09,159,District - Farrukhabad,Total,Literate,1092677,654827,437850,332181,307867,24314,71733,48715,23018,28155,23412,4743,688763,298245,390518,45212,25897,19315
B0103,09,159,District - Farrukhabad,Total,Literate but below matric/secondary,697569,396177,301392,162167,149400,12767,43637,28446,15191,16586,13804,2782,491765,218331,273434,18779,9955,8824
B0103,09,159,District - Farrukhabad,Total,Matric/secondary but below graduate,255012,170244,84768,104427,99315,5112,17545,12789,4756,7187,5996,1191,133040,58140,74900,16560,10331,6229
B0103,09,159,District - Farrukhabad,Total,Technical diploma or certificate not equal to degree,772,685,87,395,373,22,53,48,5,24,22,2,324,264,60,71,60,11
B0103,09,159,District - Farrukhabad,Total,Graduate and above other than technical degree,73308,47091,26217,35827,32238,3589,4620,3444,1176,2067,1685,382,32861,11409,21452,6731,3795,2936
B0103,09,159,District - Farrukhabad,Total,Technical degree or diploma equal to degree or post-graduate degree,7249,5258,1991,3813,3232,581,400,310,90,195,154,41,3036,1716,1320,935,606,329
B0103,09,159,District - Farrukhabad,Rural,Total,1469019,785301,683718,370033,331534,38499,95056,53973,41083,35236,27069,8167,1003930,399794,604136,39570,19216,20354
B0103,09,159,District - Farrukhabad,Rural,Illiterate,641744,280649,361095,116075,94442,21633,37850,16378,21472,13143,8703,4440,487819,169829,317990,10787,2524,8263
B0103,09,159,District - Farrukhabad,Rural,Literate,827275,504652,322623,253958,237092,16866,57206,37595,19611,22093,18366,3727,516111,229965,286146,28783,16692,12091
B0103,09,159,District - Farrukhabad,Rural,Literate but below matric/secondary,563377,322728,240649,133287,123243,10044,36418,22971,13447,13608,11282,2326,393672,176514,217158,13278,6940,6338
B0103,09,159,District - Farrukhabad,Rural,Matric/secondary but below graduate,179272,125491,53781,78592,75156,3436,13667,9814,3853,5564,4667,897,87013,40521,46492,10509,6762,3747
B0103,09,159,District - Farrukhabad,Rural,Technical diploma or certificate not equal to degree,491,445,46,255,252,3,34,32,2,15,14,1,202,161,41,40,33,7
B0103,09,159,District - Farrukhabad,Rural,Graduate and above other than technical degree,36375,25820,10555,19608,17994,1614,2679,1961,718,1258,1044,214,14088,5865,8223,3233,1960,1273
B0103,09,159,District - Farrukhabad,Rural,Technical degree or diploma equal to degree or post-graduate degree,3069,2465,604,1744,1569,175,183,147,36,98,80,18,1142,749,393,344,242,102
B0103,09,159,District - Farrukhabad,Urban,Total,416185,220939,195246,104653,92693,11960,22525,16345,6180,9071,7290,1781,289007,111901,177106,20699,10926,9773
B0103,09,159,District - Farrukhabad,Urban,Illiterate,150783,70764,80019,26430,21918,4512,7998,5225,2773,3009,2244,765,116355,43621,72734,4270,1721,2549
B0103,09,159,District - Farrukhabad,Urban,Literate,265402,150175,115227,78223,70775,7448,14527,11120,3407,6062,5046,1016,172652,68280,104372,16429,9205,7224
B0103,09,159,District - Farrukhabad,Urban,Literate but below matric/secondary,134192,73449,60743,28880,26157,2723,7219,5475,1744,2978,2522,456,98093,41817,56276,5501,3015,2486
B0103,09,159,District - Farrukhabad,Urban,Matric/secondary but below graduate,75740,44753,30987,25835,24159,1676,3878,2975,903,1623,1329,294,46027,17619,28408,6051,3569,2482
B0103,09,159,District - Farrukhabad,Urban,Technical diploma or certificate not equal to degree,281,240,41,140,121,19,19,16,3,9,8,1,122,103,19,31,27,4
B0103,09,159,District - Farrukhabad,Urban,Graduate and above other than technical degree,36933,21271,15662,16219,14244,1975,1941,1483,458,809,641,168,18773,5544,13229,3498,1835,1663
B0103,09,159,District - Farrukhabad,Urban,Technical degree or diploma equal to degree or post-graduate degree,4180,2793,1387,2069,1663,406,217,163,54,97,74,23,1894,967,927,591,364,227
B0103,09,160,District - Kannauj,Total,Total,1656616,881776,774840,419027,366081,52946,105649,64853,40796,43854,35851,8003,1131940,450842,681098,62122,29094,33028
B0103,09,160,District - Kannauj,Total,Illiterate,639529,278180,361349,114101,85093,29008,40747,17815,22932,13951,9759,4192,484681,175272,309409,12949,3319,9630
B0103,09,160,District - Kannauj,Total,Literate,1017087,603596,413491,304926,280988,23938,64902,47038,17864,29903,26092,3811,647259,275570,371689,49173,25775,23398
B0103,09,160,District - Kannauj,Total,Literate but below matric/secondary,670604,377454,293150,159912,145766,14146,41014,28582,12432,18304,15909,2395,469678,203106,266572,20348,9608,10740
B0103,09,160,District - Kannauj,Total,Matric/secondary but below graduate,247623,161575,86048,97303,92377,4926,16418,12988,3430,8022,7139,883,133902,56210,77692,19688,11184,8504
B0103,09,160,District - Kannauj,Total,Technical diploma or certificate not equal to degree,473,424,49,221,214,7,28,27,1,16,15,1,224,183,41,81,71,10
B0103,09,160,District - Kannauj,Total,Graduate and above other than technical degree,64036,42879,21157,32759,29649,3110,4002,3205,797,2201,1887,314,27275,10025,17250,7090,3802,3288
B0103,09,160,District - Kannauj,Total,Technical degree or diploma equal to degree or post-graduate degree,5811,4460,1351,3195,2789,406,298,251,47,164,140,24,2318,1420,898,849,555,294
B0103,09,160,District - Kannauj,Rural,Total,1375775,734245,641530,346591,306348,40243,88757,54702,34055,36797,30256,6541,940427,373195,567232,48743,22168,26575
B0103,09,160,District - Kannauj,Rural,Illiterate,529282,227330,301952,91923,69796,22127,33213,14266,18947,11210,7709,3501,404146,143268,260878,10357,2188,8169
B0103,09,160,District - Kannauj,Rural,Literate,846493,506915,339578,254668,236552,18116,55544,40436,15108,25587,22547,3040,536281,229927,306354,38386,19980,18406
B0103,09,160,District - Kannauj,Rural,Literate but below matric/secondary,577639,325780,251859,138595,127148,11447,35813,24875,10938,15841,13810,2031,403231,173757,229474,16871,7663,9208
B0103,09,160,District - Kannauj,Rural,Matric/secondary but below graduate,200780,134787,65993,82230,78544,3686,14095,11291,2804,6957,6285,672,104455,44952,59503,15484,8891,6593
B0103,09,160,District - Kannauj,Rural,Technical diploma or certificate not equal to degree,295,269,26,125,120,5,19,18,1,12,11,1,151,131,20,57,54,3
B0103,09,160,District - Kannauj,Rural,Graduate and above other than technical degree,42574,30365,12209,22944,21053,1891,3076,2542,534,1734,1555,179,16554,6770,9784,4633,2617,2016
B0103,09,160,District - Kannauj,Rural,Technical degree or diploma equal to degree or post-graduate degree,3472,2851,621,1950,1770,180,205,178,27,122,107,15,1317,903,414,499,352,147
B0103,09,160,District - Kannauj,Urban,Total,280841,147531,133310,72436,59733,12703,16892,10151,6741,7057,5595,1462,191513,77647,113866,13379,6926,6453
B0103,09,160,District - Kannauj,Urban,Illiterate,110247,50850,59397,22178,15297,6881,7534,3549,3985,2741,2050,691,80535,32004,48531,2592,1131,1461
B0103,09,160,District - Kannauj,Urban,Literate,170594,96681,73913,50258,44436,5822,9358,6602,2756,4316,3545,771,110978,45643,65335,10787,5795,4992
B0103,09,160,District - Kannauj,Urban,Literate but below matric/secondary,92965,51674,41291,21317,18618,2699,5201,3707,1494,2463,2099,364,66447,29349,37098,3477,1945,1532
B0103,09,160,District - Kannauj,Urban,Matric/secondary but below graduate,46843,26788,20055,15073,13833,1240,2323,1697,626,1065,854,211,29447,11258,18189,4204,2293,1911
B0103,09,160,District - Kannauj,Urban,Technical diploma or certificate not equal to degree,178,155,23,96,94,2,9,9,0,4,4,0,73,52,21,24,17,7
B0103,09,160,District - Kannauj,Urban,Graduate and above other than technical degree,21462,12514,8948,9815,8596,1219,926,663,263,467,332,135,10721,3255,7466,2457,1185,1272
B0103,09,160,District - Kannauj,Urban,Technical degree or diploma equal to degree or post-graduate degree,2339,1609,730,1245,1019,226,93,73,20,42,33,9,1001,517,484,350,203,147
B0103,09,161,District - Etawah,Total,Total,1581810,845856,735954,361588,321871,39717,144484,91842,52642,68858,54977,13881,1075738,432143,643595,81396,41325,40071
B0103,09,161,District - Etawah,Total,Illiterate,519807,222273,297534,71584,55220,16364,41547,17750,23797,15962,10140,5822,406676,149303,257373,11654,2790,8864
B0103,09,161,District - Etawah,Total,Literate,1062003,623583,438420,290004,266651,23353,102937,74092,28845,52896,44837,8059,669062,282840,386222,69742,38535,31207
B0103,09,161,District - Etawah,Total,Literate but below matric/secondary,650423,358496,291927,136672,124562,12110,61653,42221,19432,30158,25386,4772,452098,191713,260385,25268,12491,12777
B0103,09,161,District - Etawah,Total,Matric/secondary but below graduate,272870,176139,96731,92248,87442,4806,27636,21546,6090,15232,13215,2017,152986,67151,85835,29065,17533,11532
B0103,09,161,District - Etawah,Total,Technical diploma or certificate not equal to degree,1029,828,201,512,392,120,76,68,8,50,44,6,441,368,73,170,144,26
B0103,09,161,District - Etawah,Total,Graduate and above other than technical degree,86908,57163,29745,40360,36232,4128,7454,5917,1537,4469,3716,753,39094,15014,24080,11411,6267,5144
B0103,09,161,District - Etawah,Total,Technical degree or diploma equal to degree or post-graduate degree,8958,6634,2324,4408,3726,682,532,406,126,310,240,70,4018,2502,1516,1539,1012,527
B0103,09,161,District - Etawah,Rural,Total,1215511,652740,562771,278695,248424,30271,121699,74822,46877,57075,45638,11437,815117,329494,485623,52721,26836,25885
B0103,09,161,District - Etawah,Rural,Illiterate,417308,175362,241946,57598,43862,13736,35720,13894,21826,13145,8024,5121,323990,117606,206384,8280,1613,6667
B0103,09,161,District - Etawah,Rural,Literate,798203,477378,320825,221097,204562,16535,85979,60928,25051,43930,37614,6316,491127,211888,279239,44441,25223,19218
B0103,09,161,District - Etawah,Rural,Literate but below matric/secondary,525228,292154,233074,114066,103884,10182,53559,35891,17668,26027,21912,4115,357603,152379,205224,18665,9127,9538
B0103,09,161,District - Etawah,Rural,Matric/secondary but below graduate,194943,132283,62660,71409,68073,3336,22564,17558,5006,12466,11007,1459,100970,46652,54318,18747,11913,6834
B0103,09,161,District - Etawah,Rural,Technical diploma or certificate not equal to degree,531,407,124,257,161,96,47,45,2,34,33,1,227,201,26,86,77,9
B0103,09,161,District - Etawah,Rural,Graduate and above other than technical degree,41654,30397,11257,20981,19375,1606,4679,3846,833,2952,2615,337,15994,7176,8818,4910,2990,1920
B0103,09,161,District - Etawah,Rural,Technical degree or diploma equal to degree or post-graduate degree,3463,2840,623,1761,1580,181,239,197,42,138,121,17,1463,1063,400,524,399,125
B0103,09,161,District - Etawah,Urban,Total,366299,193116,173183,82893,73447,9446,22785,17020,5765,11783,9339,2444,260621,102649,157972,28675,14489,14186
B0103,09,161,District - Etawah,Urban,Illiterate,102499,46911,55588,13986,11358,2628,5827,3856,1971,2817,2116,701,82686,31697,50989,3374,1177,2197
B0103,09,161,District - Etawah,Urban,Literate,263800,146205,117595,68907,62089,6818,16958,13164,3794,8966,7223,1743,177935,70952,106983,25301,13312,11989
B0103,09,161,District - Etawah,Urban,Literate but below matric/secondary,125195,66342,58853,22606,20678,1928,8094,6330,1764,4131,3474,657,94495,39334,55161,6603,3364,3239
B0103,09,161,District - Etawah,Urban,Matric/secondary but below graduate,77927,43856,34071,20839,19369,1470,5072,3988,1084,2766,2208,558,52016,20499,31517,10318,5620,4698
B0103,09,161,District - Etawah,Urban,Technical diploma or certificate not equal to degree,498,421,77,255,231,24,29,23,6,16,11,5,214,167,47,84,67,17
B0103,09,161,District - Etawah,Urban,Graduate and above other than technical degree,45254,26766,18488,19379,16857,2522,2775,2071,704,1517,1101,416,23100,7838,15262,6501,3277,3224
B0103,09,161,District - Etawah,Urban,Technical degree or diploma equal to degree or post-graduate degree,5495,3794,1701,2647,2146,501,293,209,84,172,119,53,2555,1439,1116,1015,613,402
B0103,09,162,District - Auraiya,Total,Total,1379545,740040,639505,325721,291727,33994,116302,72816,43486,56741,45261,11480,937522,375497,562025,63164,31454,31710
B0103,09,162,District - Auraiya,Total,Illiterate,448709,193842,254867,62973,49349,13624,34462,14975,19487,13673,8904,4769,351274,129518,221756,8907,2162,6745
B0103,09,162,District - Auraiya,Total,Literate,930836,546198,384638,262748,242378,20370,81840,57841,23999,43068,36357,6711,586248,245979,340269,54257,29292,24965
B0103,09,162,District - Auraiya,Total,Literate but below matric/secondary,576655,317753,258902,124486,113558,10928,49519,33226,16293,24938,20769,4169,402650,170969,231681,19569,9331,10238
B0103,09,162,District - Auraiya,Total,Matric/secondary but below graduate,247957,157853,90104,87293,82711,4582,23036,17474,5562,12813,11011,1802,137628,57668,79960,22945,13266,9679
B0103,09,162,District - Auraiya,Total,Technical diploma or certificate not equal to degree,752,672,80,425,399,26,42,39,3,30,29,1,285,234,51,118,99,19
B0103,09,162,District - Auraiya,Total,Graduate and above other than technical degree,75480,51256,24224,37966,34506,3460,6206,5008,1198,3771,3270,501,31308,11742,19566,9196,5192,4004
B0103,09,162,District - Auraiya,Total,Technical degree or diploma equal to degree or post-graduate degree,7229,5502,1727,3997,3507,490,360,285,75,231,186,45,2872,1710,1162,1200,774,426
B0103,09,162,District - Auraiya,Rural,Total,1145323,616494,528829,271085,243504,27581,103492,62916,40576,49928,39362,10566,770746,310074,460672,47096,23152,23944
B0103,09,162,District - Auraiya,Rural,Illiterate,389400,167057,222343,56382,44136,12246,31455,12941,18514,12171,7696,4475,301563,109980,191583,7458,1673,5785
B0103,09,162,District - Auraiya,Rural,Literate,755923,449437,306486,214703,199368,15335,72037,49975,22062,37757,31666,6091,469183,200094,269089,39638,21479,18159
B0103,09,162,District - Auraiya,Rural,Literate but below matric/secondary,491799,273175,218624,108930,99686,9244,44332,29085,15247,22141,18250,3891,338537,144404,194133,16147,7594,8553
B0103,09,162,District - Auraiya,Rural,Matric/secondary but below graduate,194318,127449,66869,71280,67877,3403,20196,15138,5058,11286,9654,1632,102842,44434,58408,16794,9836,6958
B0103,09,162,District - Auraiya,Rural,Technical diploma or certificate not equal to degree,487,444,43,258,245,13,36,33,3,25,24,1,193,166,27,76,66,10
B0103,09,162,District - Auraiya,Rural,Graduate and above other than technical degree,47612,34568,13044,25043,23189,1854,4931,3991,940,3075,2698,377,17638,7388,10250,5217,3160,2057
B0103,09,162,District - Auraiya,Rural,Technical degree or diploma equal to degree or post-graduate degree,3810,3076,734,2169,1973,196,248,204,44,156,130,26,1393,899,494,524,370,154
B0103,09,162,District - Auraiya,Urban,Total,234222,123546,110676,54636,48223,6413,12810,9900,2910,6813,5899,914,166776,65423,101353,16068,8302,7766
B0103,09,162,District - Auraiya,Urban,Illiterate,59309,26785,32524,6591,5213,1378,3007,2034,973,1502,1208,294,49711,19538,30173,1449,489,960
B0103,09,162,District - Auraiya,Urban,Literate,174913,96761,78152,48045,43010,5035,9803,7866,1937,5311,4691,620,117065,45885,71180,14619,7813,6806
B0103,09,162,District - Auraiya,Urban,Literate but below matric/secondary,84856,44578,40278,15556,13872,1684,5187,4141,1046,2797,2519,278,64113,26565,37548,3422,1737,1685
B0103,09,162,District - Auraiya,Urban,Matric/secondary but below graduate,53639,30404,23235,16013,14834,1179,2840,2336,504,1527,1357,170,34786,13234,21552,6151,3430,2721
B0103,09,162,District - Auraiya,Urban,Technical diploma or certificate not equal to degree,265,228,37,167,154,13,6,6,0,5,5,0,92,68,24,42,33,9
B0103,09,162,District - Auraiya,Urban,Graduate and above other than technical degree,27868,16688,11180,12923,11317,1606,1275,1017,258,696,572,124,13670,4354,9316,3979,2032,1947
B0103,09,162,District - Auraiya,Urban,Technical degree or diploma equal to degree or post-graduate degree,3419,2426,993,1828,1534,294,112,81,31,75,56,19,1479,811,668,676,404,272
B0103,09,163,District - Kanpur Dehat,Total,Total,1796184,963255,832929,448651,385967,62684,180213,108024,72189,82867,62140,20727,1167320,469264,698056,78247,37536,40711
B0103,09,163,District - Kanpur Dehat,Total,Illiterate,625941,270291,355650,107134,77257,29877,63041,26838,36203,25315,15111,10204,455766,166196,289570,14110,3198,10912
B0103,09,163,District - Kanpur Dehat,Total,Literate,1170243,692964,477279,341517,308710,32807,117172,81186,35986,57552,47029,10523,711554,303068,408486,64137,34338,29799
B0103,09,163,District - Kanpur Dehat,Total,Literate but below matric/secondary,725977,407116,318861,164223,145766,18457,69512,46376,23136,33116,26604,6512,492242,214974,277268,25608,12492,13116
B0103,09,163,District - Kanpur Dehat,Total,Matric/secondary but below graduate,316262,202491,113771,117345,109346,7999,33649,24864,8785,17331,14594,2737,165268,68281,96987,26810,15286,11524
B0103,09,163,District - Kanpur Dehat,Total,Technical diploma or certificate not equal to degree,651,551,100,238,221,17,39,37,2,20,18,2,374,293,81,106,83,23
B0103,09,163,District - Kanpur Dehat,Total,Graduate and above other than technical degree,80345,54276,26069,40716,36664,4052,7559,5738,1821,4181,3496,685,32070,11874,20196,8522,4774,3748
B0103,09,163,District - Kanpur Dehat,Total,Technical degree or diploma equal to degree or post-graduate degree,5715,4404,1311,3004,2625,379,358,296,62,212,182,30,2353,1483,870,845,587,258
B0103,09,163,District - Kanpur Dehat,Rural,Total,1622761,871508,751253,406250,348249,58001,169309,100412,68897,76791,57372,19419,1047202,422847,624355,66356,31986,34370
B0103,09,163,District - Kanpur Dehat,Rural,Illiterate,573375,246357,327018,99105,70768,28337,59368,24676,34692,23367,13745,9622,414902,150913,263989,12163,2648,9515
B0103,09,163,District - Kanpur Dehat,Rural,Literate,1049386,625151,424235,307145,277481,29664,109941,75736,34205,53424,43627,9797,632300,271934,360366,54193,29338,24855
B0103,09,163,District - Kanpur Dehat,Rural,Literate but below matric/secondary,664145,373781,290364,151830,134529,17301,65622,43519,22103,30914,24795,6119,446693,195733,250960,22566,11014,11552
B0103,09,163,District - Kanpur Dehat,Rural,Matric/secondary but below graduate,280663,182199,98464,106153,98919,7234,31535,23192,8343,16118,13557,2561,142975,60088,82887,22842,13221,9621
B0103,09,163,District - Kanpur Dehat,Rural,Technical diploma or certificate not equal to degree,515,440,75,171,159,12,37,35,2,19,17,2,307,246,61,81,67,14
B0103,09,163,District - Kanpur Dehat,Rural,Graduate and above other than technical degree,64206,44516,19690,33029,29877,3152,6837,5188,1649,3768,3169,599,24340,9451,14889,6365,3711,2654
B0103,09,163,District - Kanpur Dehat,Rural,Technical degree or diploma equal to degree or post-graduate degree,4103,3273,830,2148,1914,234,307,257,50,185,160,25,1648,1102,546,542,407,135
B0103,09,163,District - Kanpur Dehat,Urban,Total,173423,91747,81676,42401,37718,4683,10904,7612,3292,6076,4768,1308,120118,46417,73701,11891,5550,6341
B0103,09,163,District - Kanpur Dehat,Urban,Illiterate,52566,23934,28632,8029,6489,1540,3673,2162,1511,1948,1366,582,40864,15283,25581,1947,550,1397
B0103,09,163,District - Kanpur Dehat,Urban,Literate,120857,67813,53044,34372,31229,3143,7231,5450,1781,4128,3402,726,79254,31134,48120,9944,5000,4944
B0103,09,163,District - Kanpur Dehat,Urban,Literate but below matric/secondary,61832,33335,28497,12393,11237,1156,3890,2857,1033,2202,1809,393,45549,19241,26308,3042,1478,1564
B0103,09,163,District - Kanpur Dehat,Urban,Matric/secondary but below graduate,35599,20292,15307,11192,10427,765,2114,1672,442,1213,1037,176,22293,8193,14100,3968,2065,1903
B0103,09,163,District - Kanpur Dehat,Urban,Technical diploma or certificate not equal to degree,136,111,25,67,62,5,2,2,0,1,1,0,67,47,20,25,16,9
B0103,09,163,District - Kanpur Dehat,Urban,Graduate and above other than technical degree,16139,9760,6379,7687,6787,900,722,550,172,413,327,86,7730,2423,5307,2157,1063,1094
B0103,09,163,District - Kanpur Dehat,Urban,Technical degree or diploma equal to degree or post-graduate degree,1612,1131,481,856,711,145,51,39,12,27,22,5,705,381,324,303,180,123
B0103,09,164,District - Kanpur Nagar,Total,Total,4581268,2459806,2121462,1229166,1067154,162012,343066,232717,110349,169258,130178,39080,3009036,1159935,1849101,286431,143505,142926
B0103,09,164,District - Kanpur Nagar,Total,Illiterate,1338246,630627,707619,250678,194168,56510,110096,63146,46950,53576,38008,15568,977472,373313,604159,42567,16967,25600
B0103,09,164,District - Kanpur Nagar,Total,Literate,3243022,1829179,1413843,978488,872986,105502,232970,169571,63399,115682,92170,23512,2031564,786622,1244942,243864,126538,117326
B0103,09,164,District - Kanpur Nagar,Total,Literate but below matric/secondary,1588598,877885,710713,361120,323184,37936,124204,91097,33107,61063,50420,10643,1103274,463604,639670,74904,40014,34890
B0103,09,164,District - Kanpur Nagar,Total,Matric/secondary but below graduate,960358,558805,401553,322063,298110,23953,65232,48408,16824,33057,26277,6780,573063,212287,360776,96797,52691,44106
B0103,09,164,District - Kanpur Nagar,Total,Technical diploma or certificate not equal to degree,7418,6237,1181,3871,3605,266,418,353,65,225,185,40,3129,2279,850,966,723,243
B0103,09,164,District - Kanpur Nagar,Total,Graduate and above other than technical degree,499183,274870,224313,218876,187990,30886,27460,18527,8933,13337,9225,4112,252847,68353,184494,53200,23524,29676
B0103,09,164,District - Kanpur Nagar,Total,Technical degree or diploma equal to degree or post-graduate degree,55766,35546,20220,27475,21400,6075,3090,2054,1036,1642,1114,528,25201,12092,13109,8009,4578,3431
B0103,09,164,District - Kanpur Nagar,Rural,Total,1565623,837260,728363,412665,352104,60561,150204,91877,58327,72094,55176,16918,1002754,393279,609475,64480,32000,32480
B0103,09,164,District - Kanpur Nagar,Rural,Illiterate,555471,242893,312578,106737,76289,30448,54754,23558,31196,22655,13534,9121,393980,143046,250934,11299,2658,8641
B0103,09,164,District - Kanpur Nagar,Rural,Literate,1010152,594367,415785,305928,275815,30113,95450,68319,27131,49439,41642,7797,608774,250233,358541,53181,29342,23839
B0103,09,164,District - Kanpur Nagar,Rural,Literate but below matric/secondary,664135,373390,290745,163778,145643,18135,62682,43648,19034,31885,26631,5254,437675,184099,253576,23869,12421,11448
B0103,09,164,District - Kanpur Nagar,Rural,Matric/secondary but below graduate,260458,165334,95124,100908,93870,7038,24450,18538,5912,12980,11189,1791,135100,52926,82174,21677,12655,9022
B0103,09,164,District - Kanpur Nagar,Rural,Technical diploma or certificate not equal to degree,604,528,76,245,234,11,43,39,4,36,33,3,316,255,61,118,96,22
B0103,09,164,District - Kanpur Nagar,Rural,Graduate and above other than technical degree,62681,41178,21503,32089,28479,3610,5203,3967,1236,2988,2544,444,25389,8732,16657,6238,3443,2795
B0103,09,164,District - Kanpur Nagar,Rural,Technical degree or diploma equal to degree or post-graduate degree,3529,2621,908,1869,1602,267,229,182,47,138,117,21,1431,837,594,471,315,156
B0103,09,164,District - Kanpur Nagar,Urban,Total,3015645,1622546,1393099,816501,715050,101451,192862,140840,52022,97164,75002,22162,2006282,766656,1239626,221951,111505,110446
B0103,09,164,District - Kanpur Nagar,Urban,Illiterate,782775,387734,395041,143941,117879,26062,55342,39588,15754,30921,24474,6447,583492,230267,353225,31268,14309,16959
B0103,09,164,District - Kanpur Nagar,Urban,Literate,2232870,1234812,998058,672560,597171,75389,137520,101252,36268,66243,50528,15715,1422790,536389,886401,190683,97196,93487
B0103,09,164,District - Kanpur Nagar,Urban,Literate but below matric/secondary,924463,504495,419968,197342,177541,19801,61522,47449,14073,29178,23789,5389,665599,279505,386094,51035,27593,23442
B0103,09,164,District - Kanpur Nagar,Urban,Matric/secondary but below graduate,699900,393471,306429,221155,204240,16915,40782,29870,10912,20077,15088,4989,437963,159361,278602,75120,40036,35084
B0103,09,164,District - Kanpur Nagar,Urban,Technical diploma or certificate not equal to degree,6814,5709,1105,3626,3371,255,375,314,61,189,152,37,2813,2024,789,848,627,221
B0103,09,164,District - Kanpur Nagar,Urban,Graduate and above other than technical degree,436502,233692,202810,186787,159511,27276,22257,14560,7697,10349,6681,3668,227458,59621,167837,46962,20081,26881
B0103,09,164,District - Kanpur Nagar,Urban,Technical degree or diploma equal to degree or post-graduate degree,52237,32925,19312,25606,19798,5808,2861,1872,989,1504,997,507,23770,11255,12515,7538,4263,3275
B0103,09,165,District - Jalaun ,Total,Total,1689974,906092,783882,420266,360043,60223,200498,110926,89572,92834,66632,26202,1069210,435123,634087,72768,38589,34179
B0103,09,165,District - Jalaun ,Total,Illiterate,614778,252662,362116,100304,69497,30807,75813,25854,49959,30430,15084,15346,438661,157311,281350,13596,3328,10268
B0103,09,165,District - Jalaun ,Total,Literate,1075196,653430,421766,319962,290546,29416,124685,85072,39613,62404,51548,10856,630549,277812,352737,59172,35261,23911
B0103,09,165,District - Jalaun ,Total,Literate but below matric/secondary,667667,376758,290909,155291,137254,18037,77815,49448,28367,37894,30318,7576,434561,190056,244505,22663,11922,10741
B0103,09,165,District - Jalaun ,Total,Matric/secondary but below graduate,271846,182794,89052,99990,94125,5865,31687,24548,7139,16644,14682,1962,140169,64121,76048,23661,15173,8488
B0103,09,165,District - Jalaun ,Total,Technical diploma or certificate not equal to degree,1028,936,92,560,540,20,72,65,7,42,39,3,396,331,65,130,113,17
B0103,09,165,District - Jalaun ,Total,Graduate and above other than technical degree,88404,63190,25214,45000,41723,3277,8405,6691,1714,4615,4013,602,34999,14776,20223,9452,5900,3552
B0103,09,165,District - Jalaun ,Total,Technical degree or diploma equal to degree or post-graduate degree,10560,8294,2266,5486,4897,589,704,582,122,396,340,56,4370,2815,1555,1684,1217,467
B0103,09,165,District - Jalaun ,Rural,Total,1271074,683656,587418,324913,275495,49418,169511,87534,81977,76084,53128,22956,776650,320627,456023,45299,23846,21453
B0103,09,165,District - Jalaun ,Rural,Illiterate,481108,194581,286527,82087,55334,26753,65645,19381,46264,24928,11218,13710,333376,119866,213510,9568,1921,7647
B0103,09,165,District - Jalaun ,Rural,Literate,789966,489075,300891,242826,220161,22665,103866,68153,35713,51156,41910,9246,443274,200761,242513,35731,21925,13806
B0103,09,165,District - Jalaun ,Rural,Literate but below matric/secondary,524165,298871,225294,128408,112858,15550,67100,40850,26250,32082,25341,6741,328657,145163,183494,16148,8455,7693
B0103,09,165,District - Jalaun ,Rural,Matric/secondary but below graduate,190236,134715,55521,76501,72217,4284,25667,19510,6157,13341,11799,1542,88068,42988,45080,14044,9582,4462
B0103,09,165,District - Jalaun ,Rural,Technical diploma or certificate not equal to degree,478,446,32,250,242,8,40,37,3,24,23,1,188,167,21,60,57,3
B0103,09,165,District - Jalaun ,Rural,Graduate and above other than technical degree,45257,35565,9692,25006,23597,1409,5701,4496,1205,3220,2851,369,14550,7472,7078,3961,2800,1161
B0103,09,165,District - Jalaun ,Rural,Technical degree or diploma equal to degree or post-graduate degree,4495,3831,664,2413,2260,153,433,369,64,239,217,22,1649,1202,447,582,466,116
B0103,09,165,District - Jalaun ,Urban,Total,418900,222436,196464,95353,84548,10805,30987,23392,7595,16750,13504,3246,292560,114496,178064,27469,14743,12726
B0103,09,165,District - Jalaun ,Urban,Illiterate,133670,58081,75589,18217,14163,4054,10168,6473,3695,5502,3866,1636,105285,37445,67840,4028,1407,2621
B0103,09,165,District - Jalaun ,Urban,Literate,285230,164355,120875,77136,70385,6751,20819,16919,3900,11248,9638,1610,187275,77051,110224,23441,13336,10105
B0103,09,165,District - Jalaun ,Urban,Literate but below matric/secondary,143502,77887,65615,26883,24396,2487,10715,8598,2117,5812,4977,835,105904,44893,61011,6515,3467,3048
B0103,09,165,District - Jalaun ,Urban,Matric/secondary but below graduate,81610,48079,33531,23489,21908,1581,6020,5038,982,3303,2883,420,52101,21133,30968,9617,5591,4026
B0103,09,165,District - Jalaun ,Urban,Technical diploma or certificate not equal to degree,550,490,60,310,298,12,32,28,4,18,16,2,208,164,44,70,56,14
B0103,09,165,District - Jalaun ,Urban,Graduate and above other than technical degree,43147,27625,15522,19994,18126,1868,2704,2195,509,1395,1162,233,20449,7304,13145,5491,3100,2391
B0103,09,165,District - Jalaun ,Urban,Technical degree or diploma equal to degree or post-graduate degree,6065,4463,1602,3073,2637,436,271,213,58,157,123,34,2721,1613,1108,1102,751,351
B0103,09,166,District - Jhansi,Total,Total,1998603,1057436,941167,560041,443645,116396,254873,121712,133161,105587,68638,36949,1183689,492079,691610,94760,47257,47503
B0103,09,166,District - Jhansi,Total,Illiterate,694090,273731,420359,137895,76034,61861,100192,25568,74624,35162,14484,20678,456003,172129,283874,15743,3559,12184
B0103,09,166,District - Jhansi,Total,Literate,1304513,783705,520808,422146,367611,54535,154681,96144,58537,70425,54154,16271,727686,319950,407736,79017,43698,35319
B0103,09,166,District - Jhansi,Total,Literate but below matric/secondary,810598,466203,344395,218974,185739,33235,102712,60131,42581,44771,33868,10903,488912,220333,268579,30661,15772,14889
B0103,09,166,District - Jhansi,Total,Matric/secondary but below graduate,290956,190981,99975,111031,102767,8264,30831,22182,8649,15342,12516,2826,149094,66032,83062,27575,16448,11127
B0103,09,166,District - Jhansi,Total,Technical diploma or certificate not equal to degree,5261,4381,880,2908,2669,239,369,295,74,233,185,48,1984,1417,567,687,552,135
B0103,09,166,District - Jhansi,Total,Graduate and above other than technical degree,121749,75767,45982,56879,50007,6872,10260,7194,3066,5277,4061,1216,54610,18566,36044,13762,7236,6526
B0103,09,166,District - Jhansi,Total,Technical degree or diploma equal to degree or post-graduate degree,19348,13296,6052,9088,7481,1607,1360,958,402,774,554,220,8900,4857,4043,3220,2084,1136
B0103,09,166,District - Jhansi,Rural,Total,1165119,615629,549490,345377,260649,84728,183066,75829,107237,69352,41969,27383,636676,279151,357525,35682,17573,18109
B0103,09,166,District - Jhansi,Rural,Illiterate,462126,176428,285698,103887,53903,49984,79707,16240,63467,25670,8985,16685,278532,106285,172247,8232,1374,6858
B0103,09,166,District - Jhansi,Rural,Literate,702993,439201,263792,241490,206746,34744,103359,59589,43770,43682,32984,10698,358144,172866,185278,27450,16199,11251
B0103,09,166,District - Jhansi,Rural,Literate but below matric/secondary,522267,308559,213708,157069,130921,26148,76222,41205,35017,31100,22722,8378,288976,136433,152543,14783,7735,7048
B0103,09,166,District - Jhansi,Rural,Matric/secondary but below graduate,120339,88121,32218,53166,48946,4220,17450,12390,5060,8234,6891,1343,49723,26785,22938,8615,5772,2843
B0103,09,166,District - Jhansi,Rural,Technical diploma or certificate not equal to degree,853,728,125,499,462,37,75,55,20,56,39,17,279,211,68,75,69,6
B0103,09,166,District - Jhansi,Rural,Graduate and above other than technical degree,27313,21288,6025,15528,14103,1425,3606,2715,891,1878,1594,284,8179,4470,3709,2462,1707,755
B0103,09,166,District - Jhansi,Rural,Technical degree or diploma equal to degree or post-graduate degree,3050,2488,562,1615,1449,166,246,198,48,140,117,23,1189,841,348,426,316,110
B0103,09,166,District - Jhansi,Urban,Total,833484,441807,391677,214664,182996,31668,71807,45883,25924,36235,26669,9566,547013,212928,334085,59078,29684,29394
B0103,09,166,District - Jhansi,Urban,Illiterate,231964,97303,134661,34008,22131,11877,20485,9328,11157,9492,5499,3993,177471,65844,111627,7511,2185,5326
B0103,09,166,District - Jhansi,Urban,Literate,601520,344504,257016,180656,160865,19791,51322,36555,14767,26743,21170,5573,369542,147084,222458,51567,27499,24068
B0103,09,166,District - Jhansi,Urban,Literate but below matric/secondary,288331,157644,130687,61905,54818,7087,26490,18926,7564,13671,11146,2525,199936,83900,116036,15878,8037,7841
B0103,09,166,District - Jhansi,Urban,Matric/secondary but below graduate,170617,102860,67757,57865,53821,4044,13381,9792,3589,7108,5625,1483,99371,39247,60124,18960,10676,8284
B0103,09,166,District - Jhansi,Urban,Technical diploma or certificate not equal to degree,4408,3653,755,2409,2207,202,294,240,54,177,146,31,1705,1206,499,612,483,129
B0103,09,166,District - Jhansi,Urban,Graduate and above other than technical degree,94436,54479,39957,41351,35904,5447,6654,4479,2175,3399,2467,932,46431,14096,32335,11300,5529,5771
B0103,09,166,District - Jhansi,Urban,Technical degree or diploma equal to degree or post-graduate degree,16298,10808,5490,7473,6032,1441,1114,760,354,634,437,197,7711,4016,3695,2794,1768,1026
B0103,09,167,District - Lalitpur,Total,Total,1221592,641011,580581,357033,278499,78534,146318,48284,98034,49363,27373,21990,718241,314228,404013,31177,14925,16252
B0103,09,167,District - Lalitpur,Total,Illiterate,580401,243425,336976,149491,92793,56698,86169,14699,71470,24110,8083,16027,344741,135933,208808,7699,1535,6164
B0103,09,167,District - Lalitpur,Total,Literate,641191,397586,243605,207542,185706,21836,60149,33585,26564,25253,19290,5963,373500,178295,195205,23478,13390,10088
B0103,09,167,District - Lalitpur,Total,Literate but below matric/secondary,502455,306302,196153,146282,131013,15269,47569,25737,21832,19503,14807,4696,308604,149552,159052,12360,6803,5557
B0103,09,167,District - Lalitpur,Total,Matric/secondary but below graduate,81530,54098,27432,32253,29608,2645,6846,4671,2175,3316,2715,601,42431,19819,22612,6478,3994,2484
B0103,09,167,District - Lalitpur,Total,Technical diploma or certificate not equal to degree,540,473,67,273,257,16,27,19,8,17,12,5,240,197,43,78,71,7
B0103,09,167,District - Lalitpur,Total,Graduate and above other than technical degree,29814,19656,10158,15928,13961,1967,1899,1384,515,1033,820,213,11987,4311,7676,3296,1756,1540
B0103,09,167,District - Lalitpur,Total,Technical degree or diploma equal to degree or post-graduate degree,3824,2812,1012,2089,1743,346,175,138,37,92,79,13,1560,931,629,533,377,156
B0103,09,167,District - Lalitpur,Rural,Total,1046214,549478,496736,312571,240999,71572,133618,40260,93358,43082,22835,20247,600025,268219,331806,19232,9129,10103
B0103,09,167,District - Lalitpur,Rural,Illiterate,528786,222086,306700,141934,87839,54095,82149,13020,69129,22385,7156,15229,304703,121227,183476,5901,1173,4728
B0103,09,167,District - Lalitpur,Rural,Literate,517428,327392,190036,170637,153160,17477,51469,27240,24229,20697,15679,5018,295322,146992,148330,13331,7956,5375
B0103,09,167,District - Lalitpur,Rural,Literate but below matric/secondary,433749,268366,165383,130576,117066,13510,42318,21848,20470,16764,12576,4188,260855,129452,131403,8656,4931,3725
B0103,09,167,District - Lalitpur,Rural,Matric/secondary but below graduate,51857,37217,14640,23075,21289,1786,4991,3305,1686,2315,1942,373,23791,12623,11168,3075,2047,1028
B0103,09,167,District - Lalitpur,Rural,Technical diploma or certificate not equal to degree,165,144,21,75,71,4,12,8,4,6,4,2,78,65,13,22,20,2
B0103,09,167,District - Lalitpur,Rural,Graduate and above other than technical degree,11417,8583,2834,7075,6277,798,881,653,228,471,407,64,3461,1653,1808,953,595,358
B0103,09,167,District - Lalitpur,Rural,Technical degree or diploma equal to degree or post-graduate degree,1189,982,207,706,638,68,65,52,13,32,30,2,418,292,126,137,100,37
B0103,09,167,District - Lalitpur,Urban,Total,175378,91533,83845,44462,37500,6962,12700,8024,4676,6281,4538,1743,118216,46009,72207,11945,5796,6149
B0103,09,167,District - Lalitpur,Urban,Illiterate,51615,21339,30276,7557,4954,2603,4020,1679,2341,1725,927,798,40038,14706,25332,1798,362,1436
B0103,09,167,District - Lalitpur,Urban,Literate,123763,70194,53569,36905,32546,4359,8680,6345,2335,4556,3611,945,78178,31303,46875,10147,5434,4713
B0103,09,167,District - Lalitpur,Urban,Literate but below matric/secondary,68706,37936,30770,15706,13947,1759,5251,3889,1362,2739,2231,508,47749,20100,27649,3704,1872,1832
B0103,09,167,District - Lalitpur,Urban,Matric/secondary but below graduate,29673,16881,12792,9178,8319,859,1855,1366,489,1001,773,228,18640,7196,11444,3403,1947,1456
B0103,09,167,District - Lalitpur,Urban,Technical diploma or certificate not equal to degree,375,329,46,198,186,12,15,11,4,11,8,3,162,132,30,56,51,5
B0103,09,167,District - Lalitpur,Urban,Graduate and above other than technical degree,18397,11073,7324,8853,7684,1169,1018,731,287,562,413,149,8526,2658,5868,2343,1161,1182
B0103,09,167,District - Lalitpur,Urban,Technical degree or diploma equal to degree or post-graduate degree,2635,1830,805,1383,1105,278,110,86,24,60,49,11,1142,639,503,396,277,119
B0103,09,168,District - Hamirpur,Total,Total,1104285,593537,510748,290375,233058,57317,153280,75469,77811,67434,46167,21267,660630,285010,375620,42065,21551,20514
B0103,09,168,District - Hamirpur,Total,Illiterate,450986,185412,265574,93585,57141,36444,72740,21518,51222,27441,12931,14510,284661,106753,177908,9831,2112,7719
B0103,09,168,District - Hamirpur,Total,Literate,653299,408125,245174,196790,175917,20873,80540,53951,26589,39993,33236,6757,375969,178257,197712,32234,19439,12795
B0103,09,168,District - Hamirpur,Total,Literate but below matric/secondary,451387,267663,183724,114113,100348,13765,55920,35427,20493,27087,21957,5130,281354,131888,149466,14268,7775,6493
B0103,09,168,District - Hamirpur,Total,Matric/secondary but below graduate,127641,88283,39358,46362,43238,3124,14768,11538,3230,7962,7124,838,66511,33507,33004,11086,7287,3799
B0103,09,168,District - Hamirpur,Total,Technical diploma or certificate not equal to degree,432,388,44,179,173,6,29,28,1,20,20,0,224,187,37,72,69,3
B0103,09,168,District - Hamirpur,Total,Graduate and above other than technical degree,43782,31796,11986,22782,20622,2160,4609,3660,949,2621,2330,291,16391,7514,8877,5016,3180,1836
B0103,09,168,District - Hamirpur,Total,Technical degree or diploma equal to degree or post-graduate degree,5137,4093,1044,2799,2478,321,349,286,63,198,173,25,1989,1329,660,733,554,179
B0103,09,168,District - Hamirpur,Rural,Total,894437,481373,413064,239077,189723,49354,137177,65141,72036,59738,40125,19613,518183,226509,291674,29032,14523,14509
B0103,09,168,District - Hamirpur,Rural,Illiterate,382654,156763,225891,82757,50088,32669,66889,18868,48021,24929,11420,13509,233008,87807,145201,7552,1462,6090
B0103,09,168,District - Hamirpur,Rural,Literate,511783,324610,187173,156320,139635,16685,70288,46273,24015,34809,28705,6104,285175,138702,146473,21480,13061,8419
B0103,09,168,District - Hamirpur,Rural,Literate but below matric/secondary,375518,225392,150126,98482,86475,12007,50300,31267,19033,24294,19486,4808,226736,107650,119086,10872,5893,4979
B0103,09,168,District - Hamirpur,Rural,Matric/secondary but below graduate,89035,64537,24498,34299,32088,2211,12135,9448,2687,6613,5923,690,42601,23001,19600,6987,4708,2279
B0103,09,168,District - Hamirpur,Rural,Technical diploma or certificate not equal to degree,236,217,19,94,93,1,21,20,1,15,15,0,121,104,17,36,35,1
B0103,09,168,District - Hamirpur,Rural,Graduate and above other than technical degree,24602,19360,5242,13522,12337,1185,3351,2734,617,1958,1764,194,7729,4289,3440,2525,1739,786
B0103,09,168,District - Hamirpur,Rural,Technical degree or diploma equal to degree or post-graduate degree,2602,2245,357,1450,1349,101,232,198,34,137,124,13,920,698,222,353,291,62
B0103,09,168,District - Hamirpur,Urban,Total,209848,112164,97684,51298,43335,7963,16103,10328,5775,7696,6042,1654,142447,58501,83946,13033,7028,6005
B0103,09,168,District - Hamirpur,Urban,Illiterate,68332,28649,39683,10828,7053,3775,5851,2650,3201,2512,1511,1001,51653,18946,32707,2279,650,1629
B0103,09,168,District - Hamirpur,Urban,Literate,141516,83515,58001,40470,36282,4188,10252,7678,2574,5184,4531,653,90794,39555,51239,10754,6378,4376
B0103,09,168,District - Hamirpur,Urban,Literate but below matric/secondary,75869,42271,33598,15631,13873,1758,5620,4160,1460,2793,2471,322,54618,24238,30380,3396,1882,1514
B0103,09,168,District - Hamirpur,Urban,Matric/secondary but below graduate,38606,23746,14860,12063,11150,913,2633,2090,543,1349,1201,148,23910,10506,13404,4099,2579,1520
B0103,09,168,District - Hamirpur,Urban,Technical diploma or certificate not equal to degree,196,171,25,85,80,5,8,8,0,5,5,0,103,83,20,36,34,2
B0103,09,168,District - Hamirpur,Urban,Graduate and above other than technical degree,19180,12436,6744,9260,8285,975,1258,926,332,663,566,97,8662,3225,5437,2491,1441,1050
B0103,09,168,District - Hamirpur,Urban,Technical degree or diploma equal to degree or post-graduate degree,2535,1848,687,1349,1129,220,117,88,29,61,49,12,1069,631,438,380,263,117
B0103,09,169,District - Mahoba,Total,Total,875958,466358,409600,238712,184837,53875,110964,52316,58648,48626,31306,17320,526282,229205,297077,29829,14272,15557
B0103,09,169,District - Mahoba,Total,Illiterate,387852,164075,223777,91479,55631,35848,56305,16460,39845,21739,9650,12089,240068,91984,148084,7890,1877,6013
B0103,09,169,District - Mahoba,Total,Literate,488106,302283,185823,147233,129206,18027,54659,35856,18803,26887,21656,5231,286214,137221,148993,21939,12395,9544
B0103,09,169,District - Mahoba,Total,Literate but below matric/secondary,353385,210637,142748,91572,79436,12136,39527,24940,14587,19198,15177,4021,222286,106261,116025,10650,5567,5083
B0103,09,169,District - Mahoba,Total,Matric/secondary but below graduate,77224,53172,24052,28948,26689,2259,8050,6261,1789,4239,3736,503,40226,20222,20004,6390,3967,2423
B0103,09,169,District - Mahoba,Total,Technical diploma or certificate not equal to degree,526,458,68,246,234,12,24,22,2,15,13,2,256,202,54,66,55,11
B0103,09,169,District - Mahoba,Total,Graduate and above other than technical degree,26612,18993,7619,14004,12552,1452,2318,1834,484,1287,1098,189,10290,4607,5683,3132,1815,1317
B0103,09,169,District - Mahoba,Total,Technical degree or diploma equal to degree or post-graduate degree,3123,2436,687,1660,1415,245,192,162,30,111,96,15,1271,859,412,473,341,132
B0103,09,169,District - Mahoba,Rural,Total,690577,368009,322568,195221,147487,47734,98492,43684,54808,41785,25964,15821,396864,176838,220026,17001,8202,8799
B0103,09,169,District - Mahoba,Rural,Illiterate,320861,135425,185436,80458,47719,32739,51457,14031,37426,19294,8174,11120,188946,73675,115271,5224,1139,4085
B0103,09,169,District - Mahoba,Rural,Literate,369716,232584,137132,114763,99768,14995,47035,29653,17382,22491,17790,4701,207918,103163,104755,11777,7063,4714
B0103,09,169,District - Mahoba,Rural,Literate but below matric/secondary,284219,171215,113004,77120,66219,10901,35059,21319,13740,16625,12911,3714,172040,83677,88363,6803,3689,3114
B0103,09,169,District - Mahoba,Rural,Matric/secondary but below graduate,50296,37011,13285,20634,19006,1628,6416,4891,1525,3300,2888,412,23246,13114,10132,3046,2097,949
B0103,09,169,District - Mahoba,Rural,Technical diploma or certificate not equal to degree,233,200,33,89,84,5,17,15,2,11,9,2,127,101,26,24,19,5
B0103,09,169,District - Mahoba,Rural,Graduate and above other than technical degree,12993,10175,2818,7470,6730,740,1531,1189,342,854,734,120,3992,2256,1736,1140,776,364
B0103,09,169,District - Mahoba,Rural,Technical degree or diploma equal to degree or post-graduate degree,1372,1159,213,726,648,78,130,111,19,72,63,9,516,400,116,169,139,30
B0103,09,169,District - Mahoba,Urban,Total,185381,98349,87032,43491,37350,6141,12472,8632,3840,6841,5342,1499,129418,52367,77051,12828,6070,6758
B0103,09,169,District - Mahoba,Urban,Illiterate,66991,28650,38341,11021,7912,3109,4848,2429,2419,2445,1476,969,51122,18309,32813,2666,738,1928
B0103,09,169,District - Mahoba,Urban,Literate,118390,69699,48691,32470,29438,3032,7624,6203,1421,4396,3866,530,78296,34058,44238,10162,5332,4830
B0103,09,169,District - Mahoba,Urban,Literate but below matric/secondary,69166,39422,29744,14452,13217,1235,4468,3621,847,2573,2266,307,50246,22584,27662,3847,1878,1969
B0103,09,169,District - Mahoba,Urban,Matric/secondary but below graduate,26928,16161,10767,8314,7683,631,1634,1370,264,939,848,91,16980,7108,9872,3344,1870,1474
B0103,09,169,District - Mahoba,Urban,Technical diploma or certificate not equal to degree,293,258,35,157,150,7,7,7,0,4,4,0,129,101,28,42,36,6
B0103,09,169,District - Mahoba,Urban,Graduate and above other than technical degree,13619,8818,4801,6534,5822,712,787,645,142,433,364,69,6298,2351,3947,1992,1039,953
B0103,09,169,District - Mahoba,Urban,Technical degree or diploma equal to degree or post-graduate degree,1751,1277,474,934,767,167,62,51,11,39,33,6,755,459,296,304,202,102
B0103,09,170,District - Banda,Total,Total,1799410,965876,833534,483232,384396,98836,218457,100918,117539,96540,63058,33482,1097721,480562,617159,58759,30094,28665
B0103,09,170,District - Banda,Total,Illiterate,796473,335250,461223,178723,109389,69334,110042,29363,80679,41478,17732,23746,507708,196498,311210,14257,3211,11046
B0103,09,170,District - Banda,Total,Literate,1002937,630626,372311,304509,275007,29502,108415,71555,36860,55062,45326,9736,590013,284064,305949,44502,26883,17619
B0103,09,170,District - Banda,Total,Literate but below matric/secondary,729635,436287,293348,181226,161704,19522,80033,50588,29445,39701,32155,7546,468376,223995,244381,21617,12164,9453
B0103,09,170,District - Banda,Total,Matric/secondary but below graduate,170338,120143,50195,68571,64215,4356,18031,13548,4483,9724,8456,1268,83736,42380,41356,13304,8588,4716
B0103,09,170,District - Banda,Total,Technical diploma or certificate not equal to degree,772,680,92,338,320,18,37,30,7,27,27,0,397,330,67,134,119,15
B0103,09,170,District - Banda,Total,Graduate and above other than technical degree,65602,48596,17006,36985,33564,3421,5248,4146,1102,3125,2719,406,23369,10886,12483,7296,4621,2675
B0103,09,170,District - Banda,Total,Technical degree or diploma equal to degree or post-graduate degree,6285,5008,1277,3542,3097,445,351,290,61,211,182,29,2392,1621,771,988,725,263
B0103,09,170,District - Banda,Rural,Total,1523655,819243,704412,414188,324923,89265,201717,89886,111831,88304,56958,31346,907750,404434,503316,40068,20510,19558
B0103,09,170,District - Banda,Rural,Illiterate,712521,300081,412440,165989,100763,65226,104351,26692,77659,38898,16298,22600,442181,172626,269555,11582,2438,9144
B0103,09,170,District - Banda,Rural,Literate,811134,519162,291972,248199,224160,24039,97366,63194,34172,49406,40660,8746,465569,231808,233761,28486,18072,10414
B0103,09,170,District - Banda,Rural,Literate but below matric/secondary,627157,380054,247103,160031,142473,17558,73719,45908,27811,36540,29584,6956,393407,191673,201734,16604,9533,7071
B0103,09,170,District - Banda,Rural,Matric/secondary but below graduate,120785,90710,30075,53146,49910,3236,15298,11403,3895,8278,7224,1054,52341,29397,22944,7723,5439,2284
B0103,09,170,District - Banda,Rural,Technical diploma or certificate not equal to degree,325,295,30,129,124,5,21,17,4,15,15,0,175,154,21,59,57,2
B0103,09,170,District - Banda,Rural,Graduate and above other than technical degree,34520,28450,6070,21218,19571,1647,3802,3047,755,2351,2088,263,9500,5832,3668,2948,2275,673
B0103,09,170,District - Banda,Rural,Technical degree or diploma equal to degree or post-graduate degree,2646,2328,318,1568,1450,118,238,202,36,150,134,16,840,676,164,322,276,46
B0103,09,170,District - Banda,Urban,Total,275755,146633,129122,69044,59473,9571,16740,11032,5708,8236,6100,2136,189971,76128,113843,18691,9584,9107
B0103,09,170,District - Banda,Urban,Illiterate,83952,35169,48783,12734,8626,4108,5691,2671,3020,2580,1434,1146,65527,23872,41655,2675,773,1902
B0103,09,170,District - Banda,Urban,Literate,191803,111464,80339,56310,50847,5463,11049,8361,2688,5656,4666,990,124444,52256,72188,16016,8811,7205
B0103,09,170,District - Banda,Urban,Literate but below matric/secondary,102478,56233,46245,21195,19231,1964,6314,4680,1634,3161,2571,590,74969,32322,42647,5013,2631,2382
B0103,09,170,District - Banda,Urban,Matric/secondary but below graduate,49553,29433,20120,15425,14305,1120,2733,2145,588,1446,1232,214,31395,12983,18412,5581,3149,2432
B0103,09,170,District - Banda,Urban,Technical diploma or certificate not equal to degree,447,385,62,209,196,13,16,13,3,12,12,0,222,176,46,75,62,13
B0103,09,170,District - Banda,Urban,Graduate and above other than technical degree,31082,20146,10936,15767,13993,1774,1446,1099,347,774,631,143,13869,5054,8815,4348,2346,2002
B0103,09,170,District - Banda,Urban,Technical degree or diploma equal to degree or post-graduate degree,3639,2680,959,1974,1647,327,113,88,25,61,48,13,1552,945,607,666,449,217
B0103,09,171,District - Chitrakoot,Total,Total,991730,527721,464009,282614,208896,73718,111583,46081,65502,40643,26379,14264,597533,272744,324789,24746,13023,11723
B0103,09,171,District - Chitrakoot,Total,Illiterate,460658,197382,263276,121415,68616,52799,60817,14949,45868,18582,8510,10072,278426,113817,164609,6076,1335,4741
B0103,09,171,District - Chitrakoot,Total,Literate,531072,330339,200733,161199,140280,20919,50766,31132,19634,22061,17869,4192,319107,158927,160180,18670,11688,6982
B0103,09,171,District - Chitrakoot,Total,Literate but below matric/secondary,381948,222524,159424,91359,77063,14296,35672,20532,15140,14732,11649,3083,254917,124929,129988,8909,4871,4038
B0103,09,171,District - Chitrakoot,Total,Matric/secondary but below graduate,96396,69237,27159,41084,37854,3230,9582,6880,2702,4659,3979,680,45730,24503,21227,5828,4045,1783
B0103,09,171,District - Chitrakoot,Total,Technical diploma or certificate not equal to degree,305,282,23,152,147,5,11,10,1,5,4,1,142,125,17,38,33,5
B0103,09,171,District - Chitrakoot,Total,Graduate and above other than technical degree,30500,23850,6650,18090,16479,1611,2490,1961,529,1409,1258,151,9920,5410,4510,2771,1979,792
B0103,09,171,District - Chitrakoot,Total,Technical degree or diploma equal to degree or post-graduate degree,3168,2571,597,1753,1531,222,179,146,33,117,103,14,1236,894,342,423,340,83
B0103,09,171,District - Chitrakoot,Rural,Total,895398,476794,418604,259462,188549,70913,107308,43176,64132,38221,24602,13619,528628,245069,283559,20225,10552,9673
B0103,09,171,District - Chitrakoot,Rural,Illiterate,427706,183292,244414,116230,64861,51369,58902,14022,44880,17541,7944,9597,252574,104409,148165,5243,1121,4122
B0103,09,171,District - Chitrakoot,Rural,Literate,467692,293502,174190,143232,123688,19544,48406,29154,19252,20680,16658,4022,276054,140660,135394,14982,9431,5551
B0103,09,171,District - Chitrakoot,Rural,Literate but below matric/secondary,347581,203527,144054,84551,70697,13854,34259,19361,14898,13886,10907,2979,228771,113469,115302,7688,4149,3539
B0103,09,171,District - Chitrakoot,Rural,Matric/secondary but below graduate,79532,59317,20215,35760,32857,2903,9072,6441,2631,4352,3709,643,34700,20019,14681,4639,3314,1325
B0103,09,171,District - Chitrakoot,Rural,Technical diploma or certificate not equal to degree,182,171,11,83,81,2,9,8,1,4,3,1,90,82,8,20,19,1
B0103,09,171,District - Chitrakoot,Rural,Graduate and above other than technical degree,22072,18293,3779,13860,12662,1198,2260,1767,493,1269,1136,133,5952,3864,2088,1789,1369,420
B0103,09,171,District - Chitrakoot,Rural,Technical degree or diploma equal to degree or post-graduate degree,2039,1744,295,1114,1012,102,165,135,30,106,94,12,760,597,163,277,238,39
B0103,09,171,District - Chitrakoot,Urban,Total,96332,50927,45405,23152,20347,2805,4275,2905,1370,2422,1777,645,68905,27675,41230,4521,2471,2050
B0103,09,171,District - Chitrakoot,Urban,Illiterate,32952,14090,18862,5185,3755,1430,1915,927,988,1041,566,475,25852,9408,16444,833,214,619
B0103,09,171,District - Chitrakoot,Urban,Literate,63380,36837,26543,17967,16592,1375,2360,1978,382,1381,1211,170,43053,18267,24786,3688,2257,1431
B0103,09,171,District - Chitrakoot,Urban,Literate but below matric/secondary,34367,18997,15370,6808,6366,442,1413,1171,242,846,742,104,26146,11460,14686,1221,722,499
B0103,09,171,District - Chitrakoot,Urban,Matric/secondary but below graduate,16864,9920,6944,5324,4997,327,510,439,71,307,270,37,11030,4484,6546,1189,731,458
B0103,09,171,District - Chitrakoot,Urban,Technical diploma or certificate not equal to degree,123,111,12,69,66,3,2,2,0,1,1,0,52,43,9,18,14,4
B0103,09,171,District - Chitrakoot,Urban,Graduate and above other than technical degree,8428,5557,2871,4230,3817,413,230,194,36,140,122,18,3968,1546,2422,982,610,372
B0103,09,171,District - Chitrakoot,Urban,Technical degree or diploma equal to degree or post-graduate degree,1129,827,302,639,519,120,14,11,3,11,9,2,476,297,179,146,102,44
B0103,09,172,District - Fatehpur,Total,Total,2632733,1384722,1248011,670156,521433,148723,393773,192303,201470,164521,107929,56592,1568804,670986,897818,105338,53142,52196
B0103,09,172,District - Fatehpur,Total,Illiterate,1120567,473719,646848,240094,146746,93348,186998,58553,128445,68180,32248,35932,693475,268420,425055,23436,6263,17173
B0103,09,172,District - Fatehpur,Total,Literate,1512166,911003,601163,430062,374687,55375,206775,133750,73025,96341,75681,20660,875329,402566,472763,81902,46879,35023
B0103,09,172,District - Fatehpur,Total,Literate but below matric/secondary,1024727,593039,431688,232747,199976,32771,139019,87708,51311,62886,49066,13820,652961,305355,347606,36974,20169,16805
B0103,09,172,District - Fatehpur,Total,Matric/secondary but below graduate,327052,211534,115518,121292,109490,11802,45721,31457,14264,22531,18127,4404,160039,70587,89452,30041,17818,12223
B0103,09,172,District - Fatehpur,Total,Technical diploma or certificate not equal to degree,1064,925,139,507,470,37,79,71,8,43,40,3,478,384,94,165,138,27
B0103,09,172,District - Fatehpur,Total,Graduate and above other than technical degree,96102,65543,30559,49067,42865,6202,10696,7481,3215,5758,4527,1231,36339,15197,21142,10863,6389,4474
B0103,09,172,District - Fatehpur,Total,Technical degree or diploma equal to degree or post-graduate degree,6924,5322,1602,3669,3110,559,525,414,111,300,257,43,2730,1798,932,1048,766,282
B0103,09,172,District - Fatehpur,Rural,Total,2310740,1215690,1095050,594710,455639,139071,370104,176927,193177,152983,99210,53773,1345926,583124,762802,80769,40274,40495
B0103,09,172,District - Fatehpur,Rural,Illiterate,1011998,425214,586784,222957,133435,89522,177540,53699,123841,63941,29433,34508,611501,238080,373421,18932,4541,14391
B0103,09,172,District - Fatehpur,Rural,Literate,1298742,790476,508266,371753,322204,49549,192564,123228,69336,89042,69777,19265,734425,345044,389381,61837,35733,26104
B0103,09,172,District - Fatehpur,Rural,Literate but below matric/secondary,916970,534196,382774,211783,180770,31013,131676,82309,49367,59159,45998,13161,573511,271117,302394,30613,16588,14025
B0103,09,172,District - Fatehpur,Rural,Matric/secondary but below graduate,267308,177855,89453,104342,93917,10425,41777,28462,13315,20443,16428,4015,121189,55476,65713,22311,13511,8800
B0103,09,172,District - Fatehpur,Rural,Technical diploma or certificate not equal to degree,739,648,91,348,323,25,69,62,7,41,38,3,322,263,59,107,92,15
B0103,09,172,District - Fatehpur,Rural,Graduate and above other than technical degree,63328,45814,17514,34001,29813,4188,8865,6191,2674,4794,3817,977,20462,9810,10652,6240,3988,2252
B0103,09,172,District - Fatehpur,Rural,Technical degree or diploma equal to degree or post-graduate degree,4076,3336,740,2198,1925,273,383,317,66,217,194,23,1495,1094,401,572,451,121
B0103,09,172,District - Fatehpur,Urban,Total,321993,169032,152961,75446,65794,9652,23669,15376,8293,11538,8719,2819,222878,87862,135016,24569,12868,11701
B0103,09,172,District - Fatehpur,Urban,Illiterate,108569,48505,60064,17137,13311,3826,9458,4854,4604,4239,2815,1424,81974,30340,51634,4504,1722,2782
B0103,09,172,District - Fatehpur,Urban,Literate,213424,120527,92897,58309,52483,5826,14211,10522,3689,7299,5904,1395,140904,57522,83382,20065,11146,8919
B0103,09,172,District - Fatehpur,Urban,Literate but below matric/secondary,107757,58843,48914,20964,19206,1758,7343,5399,1944,3727,3068,659,79450,34238,45212,6361,3581,2780
B0103,09,172,District - Fatehpur,Urban,Matric/secondary but below graduate,59744,33679,26065,16950,15573,1377,3944,2995,949,2088,1699,389,38850,15111,23739,7730,4307,3423
B0103,09,172,District - Fatehpur,Urban,Technical diploma or certificate not equal to degree,325,277,48,159,147,12,10,9,1,2,2,0,156,121,35,58,46,12
B0103,09,172,District - Fatehpur,Urban,Graduate and above other than technical degree,32774,19729,13045,15066,13052,2014,1831,1290,541,964,710,254,15877,5387,10490,4623,2401,2222
B0103,09,172,District - Fatehpur,Urban,Technical degree or diploma equal to degree or post-graduate degree,2848,1986,862,1471,1185,286,142,97,45,83,63,20,1235,704,531,476,315,161
B0103,09,173,District - Pratapgarh,Total,Total,3209141,1606085,1603056,553013,419908,133105,513588,284661,228927,233512,152763,80749,2142540,901516,1241024,186547,92118,94429
B0103,09,173,District - Pratapgarh,Total,Illiterate,1277582,484704,792878,173473,96401,77072,214689,75312,139377,86270,38242,48028,889420,312991,576429,43502,10157,33345
B0103,09,173,District - Pratapgarh,Total,Literate,1931559,1121381,810178,379540,323507,56033,298899,209349,89550,147242,114521,32721,1253120,588525,664595,143045,81961,61084
B0103,09,173,District - Pratapgarh,Total,Literate but below matric/secondary,1202844,662862,539982,176454,147210,29244,166785,112883,53902,79315,60795,18520,859605,402769,456836,57940,30400,27540
B0103,09,173,District - Pratapgarh,Total,Matric/secondary but below graduate,497779,307683,190096,121988,107529,14459,87945,64878,23067,45643,36389,9254,287846,135276,152570,59116,35183,23933
B0103,09,173,District - Pratapgarh,Total,Technical diploma or certificate not equal to degree,1614,1458,156,539,506,33,197,182,15,119,112,7,878,770,108,313,289,24
B0103,09,173,District - Pratapgarh,Total,Graduate and above other than technical degree,130949,91482,39467,51865,45189,6676,22576,17369,5207,12445,10063,2382,56508,28924,27584,18548,11959,6589
B0103,09,173,District - Pratapgarh,Total,Technical degree or diploma equal to degree or post-graduate degree,10414,8236,2178,4879,4213,666,1220,1000,220,690,575,115,4315,3023,1292,1659,1231,428
B0103,09,173,District - Pratapgarh,Rural,Total,3033899,1515583,1518316,516398,389344,127054,496990,274420,222570,225104,147133,77971,2020511,851819,1168692,171082,84129,86953
B0103,09,173,District - Pratapgarh,Rural,Illiterate,1224265,462227,762038,166367,91314,75053,210284,73346,136938,84254,37151,47103,847614,297567,550047,41072,9313,31759
B0103,09,173,District - Pratapgarh,Rural,Literate,1809634,1053356,756278,350031,298030,52001,286706,201074,85632,140850,109982,30868,1172897,554252,618645,130010,74816,55194
B0103,09,173,District - Pratapgarh,Rural,Literate but below matric/secondary,1144032,631400,512632,166162,138292,27870,161549,109278,52271,76643,58810,17833,816321,383830,432491,54007,28298,25709
B0103,09,173,District - Pratapgarh,Rural,Matric/secondary but below graduate,462137,287683,174454,113041,99677,13364,84104,62325,21779,43570,34975,8595,264992,125681,139311,53817,32219,21598
B0103,09,173,District - Pratapgarh,Rural,Technical diploma or certificate not equal to degree,1350,1232,118,407,388,19,170,159,11,110,104,6,773,685,88,271,254,17
B0103,09,173,District - Pratapgarh,Rural,Graduate and above other than technical degree,112958,80496,32462,44820,39163,5657,20587,16009,4578,11368,9317,2051,47551,25324,22227,15689,10443,5246
B0103,09,173,District - Pratapgarh,Rural,Technical degree or diploma equal to degree or post-graduate degree,8380,6845,1535,3922,3463,459,1027,868,159,582,501,81,3431,2514,917,1334,1015,319
B0103,09,173,District - Pratapgarh,Urban,Total,175242,90502,84740,36615,30564,6051,16598,10241,6357,8408,5630,2778,122029,49697,72332,15465,7989,7476
B0103,09,173,District - Pratapgarh,Urban,Illiterate,53317,22477,30840,7106,5087,2019,4405,1966,2439,2016,1091,925,41806,15424,26382,2430,844,1586
B0103,09,173,District - Pratapgarh,Urban,Literate,121925,68025,53900,29509,25477,4032,12193,8275,3918,6392,4539,1853,80223,34273,45950,13035,7145,5890
B0103,09,173,District - Pratapgarh,Urban,Literate but below matric/secondary,58812,31462,27350,10292,8918,1374,5236,3605,1631,2672,1985,687,43284,18939,24345,3933,2102,1831
B0103,09,173,District - Pratapgarh,Urban,Matric/secondary but below graduate,35642,20000,15642,8947,7852,1095,3841,2553,1288,2073,1414,659,22854,9595,13259,5299,2964,2335
B0103,09,173,District - Pratapgarh,Urban,Technical diploma or certificate not equal to degree,264,226,38,132,118,14,27,23,4,9,8,1,105,85,20,42,35,7
B0103,09,173,District - Pratapgarh,Urban,Graduate and above other than technical degree,17991,10986,7005,7045,6026,1019,1989,1360,629,1077,746,331,8957,3600,5357,2859,1516,1343
B0103,09,173,District - Pratapgarh,Urban,Technical degree or diploma equal to degree or post-graduate degree,2034,1391,643,957,750,207,193,132,61,108,74,34,884,509,375,325,216,109
B0103,09,174,District - Kaushambi,Total,Total,1599596,838485,761111,415312,292462,122850,223774,110182,113592,101425,62239,39186,960510,435841,524669,57803,30441,27362
B0103,09,174,District - Kaushambi,Total,Illiterate,786172,331206,454966,190686,101759,88927,123192,41447,81745,52956,23877,29079,472294,188000,284294,18380,5273,13107
B0103,09,174,District - Kaushambi,Total,Literate,813424,507279,306145,224626,190703,33923,100582,68735,31847,48469,38362,10107,488216,247841,240375,39423,25168,14255
B0103,09,174,District - Kaushambi,Total,Literate but below matric/secondary,543756,321820,221936,113796,94738,19058,59939,39853,20086,28361,22235,6126,370021,187229,182792,18655,11238,7417
B0103,09,174,District - Kaushambi,Total,Matric/secondary but below graduate,177597,122686,54911,70068,62102,7966,25596,18722,6874,12825,10527,2298,81933,41862,40071,14341,9566,4775
B0103,09,174,District - Kaushambi,Total,Technical diploma or certificate not equal to degree,404,366,38,166,155,11,32,27,5,23,19,4,206,184,22,70,65,5
B0103,09,174,District - Kaushambi,Total,Graduate and above other than technical degree,37848,28028,9820,19984,17398,2586,4740,3508,1232,2414,1995,419,13124,7122,6002,3383,2372,1011
B0103,09,174,District - Kaushambi,Total,Technical degree or diploma equal to degree or post-graduate degree,2994,2434,560,1592,1386,206,299,234,65,154,127,27,1103,814,289,341,276,65
B0103,09,174,District - Kaushambi,Rural,Total,1475140,773335,701805,385172,268545,116627,212926,103839,109087,96851,59182,37669,877042,400951,476091,52155,27039,25116
B0103,09,174,District - Kaushambi,Rural,Illiterate,736098,309155,426943,181090,95593,85497,118363,39212,79151,50858,22703,28155,436645,174350,262295,17091,4668,12423
B0103,09,174,District - Kaushambi,Rural,Literate,739042,464180,274862,204082,172952,31130,94563,64627,29936,45993,36479,9514,440397,226601,213796,35064,22371,12693
B0103,09,174,District - Kaushambi,Rural,Literate but below matric/secondary,502618,298862,203756,105301,87535,17766,57030,37883,19147,27109,21274,5835,340287,173444,166843,17142,10270,6872
B0103,09,174,District - Kaushambi,Rural,Matric/secondary but below graduate,156109,109882,46227,62758,55632,7126,23756,17423,6333,12088,9965,2123,69595,36827,32768,12521,8408,4113
B0103,09,174,District - Kaushambi,Rural,Technical diploma or certificate not equal to degree,361,327,34,147,136,11,29,24,5,21,17,4,185,167,18,62,59,3
B0103,09,174,District - Kaushambi,Rural,Graduate and above other than technical degree,31399,23848,7551,16978,14754,2224,4184,3139,1045,2159,1817,342,10237,5955,4282,2714,1959,755
B0103,09,174,District - Kaushambi,Rural,Technical degree or diploma equal to degree or post-graduate degree,2555,2123,432,1368,1207,161,263,212,51,132,112,20,924,704,220,285,233,52
B0103,09,174,District - Kaushambi,Urban,Total,124456,65150,59306,30140,23917,6223,10848,6343,4505,4574,3057,1517,83468,34890,48578,5648,3402,2246
B0103,09,174,District - Kaushambi,Urban,Illiterate,50074,22051,28023,9596,6166,3430,4829,2235,2594,2098,1174,924,35649,13650,21999,1289,605,684
B0103,09,174,District - Kaushambi,Urban,Literate,74382,43099,31283,20544,17751,2793,6019,4108,1911,2476,1883,593,47819,21240,26579,4359,2797,1562
B0103,09,174,District - Kaushambi,Urban,Literate but below matric/secondary,41138,22958,18180,8495,7203,1292,2909,1970,939,1252,961,291,29734,13785,15949,1513,968,545
B0103,09,174,District - Kaushambi,Urban,Matric/secondary but below graduate,21488,12804,8684,7310,6470,840,1840,1299,541,737,562,175,12338,5035,7303,1820,1158,662
B0103,09,174,District - Kaushambi,Urban,Technical diploma or certificate not equal to degree,43,39,4,19,19,0,3,3,0,2,2,0,21,17,4,8,6,2
B0103,09,174,District - Kaushambi,Urban,Graduate and above other than technical degree,6449,4180,2269,3006,2644,362,556,369,187,255,178,77,2887,1167,1720,669,413,256
B0103,09,174,District - Kaushambi,Urban,Technical degree or diploma equal to degree or post-graduate degree,439,311,128,224,179,45,36,22,14,22,15,7,179,110,69,56,43,13
B0103,09,175,District - Allahabad ,Total,Total,5954391,3131807,2822584,1286732,981133,305599,825175,444977,380198,363576,240619,122957,3842484,1705697,2136787,345689,185667,160022
B0103,09,175,District - Allahabad ,Total,Illiterate,2288664,932467,1356197,391496,214633,176863,346420,117183,229237,134403,62491,71912,1550748,600651,950097,69002,19273,49729
B0103,09,175,District - Allahabad ,Total,Literate,3665727,2199340,1466387,895236,766500,128736,478755,327794,150961,229173,178128,51045,2291736,1105046,1186690,276687,166394,110293
B0103,09,175,District - Allahabad ,Total,Literate but below matric/secondary,1943395,1095770,847625,326624,273365,53259,225641,149784,75857,102963,80120,22843,1391130,672621,718509,84237,46613,37624
B0103,09,175,District - Allahabad ,Total,Matric/secondary but below graduate,1002216,638795,363421,290265,259009,31256,147285,106267,41018,74761,59387,15374,564666,273519,291147,114270,71148,43122
B0103,09,175,District - Allahabad ,Total,Technical diploma or certificate not equal to degree,7083,6371,712,3158,3002,156,738,660,78,398,368,30,3187,2709,478,997,879,118
B0103,09,175,District - Allahabad ,Total,Graduate and above other than technical degree,402861,265913,136948,171821,148900,22921,52281,37965,14316,27195,20988,6207,178759,79048,99711,49832,29943,19889
B0103,09,175,District - Allahabad ,Total,Technical degree or diploma equal to degree or post-graduate degree,46013,34299,11714,20535,16971,3564,4529,3400,1129,2511,1928,583,20949,13928,7021,7229,5265,1964
B0103,09,175,District - Allahabad ,Rural,Total,4481518,2340959,2140559,934718,691121,243597,685629,358785,326844,295763,195335,100428,2861171,1291053,1570118,211257,113057,98200
B0103,09,175,District - Allahabad ,Rural,Illiterate,1896599,753876,1142723,330872,172950,157922,311531,99624,211907,118311,53038,65273,1254196,481302,772894,51342,12050,39292
B0103,09,175,District - Allahabad ,Rural,Literate,2584919,1587083,997836,603846,518171,85675,374098,259161,114937,177452,142297,35155,1606975,809751,797224,159915,101007,58908
B0103,09,175,District - Allahabad ,Rural,Literate but below matric/secondary,1540494,879222,661272,256127,213259,42868,189209,126123,63086,85822,67861,17961,1095158,539840,555318,58521,32772,25749
B0103,09,175,District - Allahabad ,Rural,Matric/secondary but below graduate,670893,449105,221788,201450,180381,21069,114681,84651,30030,57435,47398,10037,354762,184073,170689,67637,44636,23001
B0103,09,175,District - Allahabad ,Rural,Technical diploma or certificate not equal to degree,3717,3435,282,1361,1313,48,471,437,34,272,262,10,1885,1685,200,623,577,46
B0103,09,175,District - Allahabad ,Rural,Graduate and above other than technical degree,175465,133219,42246,80406,72341,8065,30342,23900,6442,16369,14011,2358,64717,36978,27739,19766,14166,5600
B0103,09,175,District - Allahabad ,Rural,Technical degree or diploma equal to degree or post-graduate degree,14271,11910,2361,6548,5795,753,1626,1355,271,899,786,113,6097,4760,1337,2204,1829,375
B0103,09,175,District - Allahabad ,Urban,Total,1472873,790848,682025,352014,290012,62002,139546,86192,53354,67813,45284,22529,981313,414644,566669,134432,72610,61822
B0103,09,175,District - Allahabad ,Urban,Illiterate,392065,178591,213474,60624,41683,18941,34889,17559,17330,16092,9453,6639,296552,119349,177203,17660,7223,10437
B0103,09,175,District - Allahabad ,Urban,Literate,1080808,612257,468551,291390,248329,43061,104657,68633,36024,51721,35831,15890,684761,295295,389466,116772,65387,51385
B0103,09,175,District - Allahabad ,Urban,Literate but below matric/secondary,402901,216548,186353,70497,60106,10391,36432,23661,12771,17141,12259,4882,295972,132781,163191,25716,13841,11875
B0103,09,175,District - Allahabad ,Urban,Matric/secondary but below graduate,331323,189690,141633,88815,78628,10187,32604,21616,10988,17326,11989,5337,209904,89446,120458,46633,26512,20121
B0103,09,175,District - Allahabad ,Urban,Technical diploma or certificate not equal to degree,3366,2936,430,1797,1689,108,267,223,44,126,106,20,1302,1024,278,374,302,72
B0103,09,175,District - Allahabad ,Urban,Graduate and above other than technical degree,227396,132694,94702,91415,76559,14856,21939,14065,7874,10826,6977,3849,114042,42070,71972,30066,15777,14289
B0103,09,175,District - Allahabad ,Urban,Technical degree or diploma equal to degree or post-graduate degree,31742,22389,9353,13987,11176,2811,2903,2045,858,1612,1142,470,14852,9168,5684,5025,3436,1589
B0103,09,176,District - Bara Banki,Total,Total,3260699,1707073,1553626,834294,677923,156371,358556,193318,165238,157890,108111,49779,2067849,835832,1232017,128611,54018,74593
B0103,09,176,District - Bara Banki,Total,Illiterate,1568241,696555,871686,347157,246153,101004,186556,77371,109185,76512,43682,32830,1034528,373031,661497,43696,10515,33181
B0103,09,176,District - Bara Banki,Total,Literate,1692458,1010518,681940,487137,431770,55367,172000,115947,56053,81378,64429,16949,1033321,462801,570520,84915,43503,41412
B0103,09,176,District - Bara Banki,Total,Literate but below matric/secondary,1189377,689663,499714,283079,250854,32225,116865,78243,38622,54015,43145,10870,789433,360566,428867,44736,22135,22601
B0103,09,176,District - Bara Banki,Total,Matric/secondary but below graduate,292511,187612,104899,111447,101784,9663,30321,21429,8892,15019,12047,2972,150743,64399,86344,24774,13567,11207
B0103,09,176,District - Bara Banki,Total,Technical diploma or certificate not equal to degree,1074,937,137,464,437,27,71,65,6,39,36,3,539,435,104,155,134,21
B0103,09,176,District - Bara Banki,Total,Graduate and above other than technical degree,86653,57664,28989,45054,39194,5860,7588,5529,2059,3946,3134,812,34011,12941,21070,8452,4356,4096
B0103,09,176,District - Bara Banki,Total,Technical degree or diploma equal to degree or post-graduate degree,5994,4479,1515,3036,2556,480,402,299,103,203,168,35,2556,1624,932,832,590,242
B0103,09,176,District - Bara Banki,Rural,Total,2929896,1533455,1396441,753692,608862,144830,335163,177807,157356,146873,100050,46823,1841041,746786,1094255,109461,45016,64445
B0103,09,176,District - Bara Banki,Rural,Illiterate,1436272,634154,802118,321759,225737,96022,176145,71194,104951,71641,40265,31376,938368,337223,601145,39242,8861,30381
B0103,09,176,District - Bara Banki,Rural,Literate,1493624,899301,594323,431933,383125,48808,159018,106613,52405,75232,59785,15447,902673,409563,493110,70219,36155,34064
B0103,09,176,District - Bara Banki,Rural,Literate but below matric/secondary,1082547,630744,451803,261106,230847,30259,109833,73104,36729,50561,40388,10173,711608,326793,384815,39380,19414,19966
B0103,09,176,District - Bara Banki,Rural,Matric/secondary but below graduate,244589,161199,83390,97045,88901,8144,27292,19318,7974,13550,11029,2521,120252,52980,67272,19661,10999,8662
B0103,09,176,District - Bara Banki,Rural,Technical diploma or certificate not equal to degree,732,639,93,282,264,18,60,56,4,33,31,2,390,319,71,115,100,15
B0103,09,176,District - Bara Banki,Rural,Graduate and above other than technical degree,60793,42684,18109,32959,29023,3936,6096,4473,1623,3333,2731,602,21738,9188,12550,5671,3086,2585
B0103,09,176,District - Bara Banki,Rural,Technical degree or diploma equal to degree or post-graduate degree,3604,2836,768,1854,1623,231,268,205,63,138,120,18,1482,1008,474,463,339,124
B0103,09,176,District - Bara Banki,Urban,Total,330803,173618,157185,80602,69061,11541,23393,15511,7882,11017,8061,2956,226808,89046,137762,19150,9002,10148
B0103,09,176,District - Bara Banki,Urban,Illiterate,131969,62401,69568,25398,20416,4982,10411,6177,4234,4871,3417,1454,96160,35808,60352,4454,1654,2800
B0103,09,176,District - Bara Banki,Urban,Literate,198834,111217,87617,55204,48645,6559,12982,9334,3648,6146,4644,1502,130648,53238,77410,14696,7348,7348
B0103,09,176,District - Bara Banki,Urban,Literate but below matric/secondary,106830,58919,47911,21973,20007,1966,7032,5139,1893,3454,2757,697,77825,33773,44052,5356,2721,2635
B0103,09,176,District - Bara Banki,Urban,Matric/secondary but below graduate,47922,26413,21509,14402,12883,1519,3029,2111,918,1469,1018,451,30491,11419,19072,5113,2568,2545
B0103,09,176,District - Bara Banki,Urban,Technical diploma or certificate not equal to degree,342,298,44,182,173,9,11,9,2,6,5,1,149,116,33,40,34,6
B0103,09,176,District - Bara Banki,Urban,Graduate and above other than technical degree,25860,14980,10880,12095,10171,1924,1492,1056,436,613,403,210,12273,3753,8520,2781,1270,1511
B0103,09,176,District - Bara Banki,Urban,Technical degree or diploma equal to degree or post-graduate degree,2390,1643,747,1182,933,249,134,94,40,65,48,17,1074,616,458,369,251,118
B0103,09,177,District - Faizabad,Total,Total,2470996,1259628,1211368,496579,404279,92300,334630,193609,141021,154881,109080,45801,1639787,661740,978047,126169,56598,69571
B0103,09,177,District - Faizabad,Total,Illiterate,1020095,421289,598806,165239,111499,53740,147561,61149,86412,61743,34107,27636,707295,248641,458654,31565,6715,24850
B0103,09,177,District - Faizabad,Total,Literate,1450901,838339,612562,331340,292780,38560,187069,132460,54609,93138,74973,18165,932492,413099,519393,94604,49883,44721
B0103,09,177,District - Faizabad,Total,Literate but below matric/secondary,902726,503968,398758,156648,138112,18536,109190,76547,32643,53624,43513,10111,636888,289309,347579,37740,19016,18724
B0103,09,177,District - Faizabad,Total,Matric/secondary but below graduate,335926,201006,134920,90817,82533,8284,46605,33661,12944,23632,18921,4711,198504,84812,113692,34937,19256,15681
B0103,09,177,District - Faizabad,Total,Technical diploma or certificate not equal to degree,1797,1608,189,762,715,47,181,167,14,111,102,9,854,726,128,280,253,27
B0103,09,177,District - Faizabad,Total,Graduate and above other than technical degree,122909,78133,44776,52851,45675,7176,15774,11597,4177,8580,6798,1782,54284,20861,33423,15685,8253,7432
B0103,09,177,District - Faizabad,Total,Technical degree or diploma equal to degree or post-graduate degree,10945,7876,3069,5314,4436,878,921,711,210,525,408,117,4710,2729,1981,1680,1044,636
B0103,09,177,District - Faizabad,Rural,Total,2130743,1079257,1051486,416288,335020,81268,308648,175974,132674,141763,99858,41905,1405807,568263,837544,99335,42707,56628
B0103,09,177,District - Faizabad,Rural,Illiterate,921414,376185,545229,151139,100747,50392,139850,56457,83393,58021,31560,26461,630425,218981,411444,28203,5357,22846
B0103,09,177,District - Faizabad,Rural,Literate,1209329,703072,506257,265149,234273,30876,168798,119517,49281,83742,68298,15444,775382,349282,426100,71132,37350,33782
B0103,09,177,District - Faizabad,Rural,Literate but below matric/secondary,793442,444751,348691,136030,119602,16428,101050,70768,30282,49445,40442,9003,556362,254381,301981,31326,15411,15915
B0103,09,177,District - Faizabad,Rural,Matric/secondary but below graduate,269044,163425,105619,71570,64994,6576,41928,30374,11554,21140,17195,3945,155546,68057,87489,26044,14369,11675
B0103,09,177,District - Faizabad,Rural,Technical diploma or certificate not equal to degree,1151,1053,98,408,387,21,143,135,8,87,82,5,600,531,69,205,186,19
B0103,09,177,District - Faizabad,Rural,Graduate and above other than technical degree,79439,53164,26275,34532,30068,4464,12591,9431,3160,6885,5717,1168,32316,13665,18651,9511,5332,4179
B0103,09,177,District - Faizabad,Rural,Technical degree or diploma equal to degree or post-graduate degree,5860,4552,1308,2881,2516,365,570,471,99,333,287,46,2409,1565,844,853,567,286
B0103,09,177,District - Faizabad,Urban,Total,340253,180371,159882,80291,69259,11032,25982,17635,8347,13118,9222,3896,233980,93477,140503,26834,13891,12943
B0103,09,177,District - Faizabad,Urban,Illiterate,98681,45104,53577,14100,10752,3348,7711,4692,3019,3722,2547,1175,76870,29660,47210,3362,1358,2004
B0103,09,177,District - Faizabad,Urban,Literate,241572,135267,106305,66191,58507,7684,18271,12943,5328,9396,6675,2721,157110,63817,93293,23472,12533,10939
B0103,09,177,District - Faizabad,Urban,Literate but below matric/secondary,109284,59217,50067,20618,18510,2108,8140,5779,2361,4179,3071,1108,80526,34928,45598,6414,3605,2809
B0103,09,177,District - Faizabad,Urban,Matric/secondary but below graduate,66882,37581,29301,19247,17539,1708,4677,3287,1390,2492,1726,766,42958,16755,26203,8893,4887,4006
B0103,09,177,District - Faizabad,Urban,Technical diploma or certificate not equal to degree,646,555,91,354,328,26,38,32,6,24,20,4,254,195,59,75,67,8
B0103,09,177,District - Faizabad,Urban,Graduate and above other than technical degree,43470,24969,18501,18319,15607,2712,3183,2166,1017,1695,1081,614,21968,7196,14772,6174,2921,3253
B0103,09,177,District - Faizabad,Urban,Technical degree or diploma equal to degree or post-graduate degree,5085,3324,1761,2433,1920,513,351,240,111,192,121,71,2301,1164,1137,827,477,350
B0103,09,178,District - Ambedkar Nagar,Total,Total,2397888,1212410,1185478,440998,349437,91561,346400,197969,148431,160392,108614,51778,1610490,665004,945486,137159,61453,75706
B0103,09,178,District - Ambedkar Nagar,Total,Illiterate,910949,365734,545215,131501,82595,48906,137892,52575,85317,56341,27212,29129,641556,230564,410992,29383,5967,23416
B0103,09,178,District - Ambedkar Nagar,Total,Literate,1486939,846676,640263,309497,266842,42655,208508,145394,63114,104051,81402,22649,968934,434440,534494,107776,55486,52290
B0103,09,178,District - Ambedkar Nagar,Total,Literate but below matric/secondary,930788,519719,411069,155006,134191,20815,119291,83548,35743,58095,46385,11710,656491,301980,354511,42378,21403,20975
B0103,09,178,District - Ambedkar Nagar,Total,Matric/secondary but below graduate,356808,203182,153626,81737,71964,9773,54238,37959,16279,27719,21344,6375,220833,93259,127574,41634,21462,20172
B0103,09,178,District - Ambedkar Nagar,Total,Technical diploma or certificate not equal to degree,1607,1405,202,497,460,37,172,156,16,103,95,8,938,789,149,393,336,57
B0103,09,178,District - Ambedkar Nagar,Total,Graduate and above other than technical degree,129059,80121,48938,49633,41611,8022,21662,15119,6543,11844,8927,2917,57764,23391,34373,17930,9170,8760
B0103,09,178,District - Ambedkar Nagar,Total,Technical degree or diploma equal to degree or post-graduate degree,11494,8587,2907,5156,4345,811,1357,1036,321,782,611,171,4981,3206,1775,1894,1303,591
B0103,09,178,District - Ambedkar Nagar,Rural,Total,2117158,1067762,1049396,380462,297112,83350,322250,182104,140146,148760,100049,48711,1414446,588546,825900,118607,52879,65728
B0103,09,178,District - Ambedkar Nagar,Rural,Illiterate,817492,324699,492793,117391,71649,45742,129257,48111,81146,52573,24848,27725,570844,204939,365905,26522,5152,21370
B0103,09,178,District - Ambedkar Nagar,Rural,Literate,1299666,743063,556603,263071,225463,37608,192993,133993,59000,96187,75201,20986,843602,383607,459995,92085,47727,44358
B0103,09,178,District - Ambedkar Nagar,Rural,Literate but below matric/secondary,816820,455714,361106,130451,111803,18648,109870,76471,33399,53393,42550,10843,576499,267440,309059,36502,18331,18171
B0103,09,178,District - Ambedkar Nagar,Rural,Matric/secondary but below graduate,313489,180755,132734,71268,62577,8691,50841,35566,15275,25944,20041,5903,191380,82612,108768,35821,18681,17140
B0103,09,178,District - Ambedkar Nagar,Rural,Technical diploma or certificate not equal to degree,1374,1212,162,408,380,28,154,140,14,91,84,7,812,692,120,346,295,51
B0103,09,178,District - Ambedkar Nagar,Rural,Graduate and above other than technical degree,109750,69412,40338,41980,35195,6785,20071,14001,6070,10992,8294,2698,47699,20216,27483,14968,7876,7092
B0103,09,178,District - Ambedkar Nagar,Rural,Technical degree or diploma equal to degree or post-graduate degree,9513,7223,2290,4264,3640,624,1211,926,285,708,549,159,4038,2657,1381,1547,1078,469
B0103,09,178,District - Ambedkar Nagar,Urban,Total,280730,144648,136082,60536,52325,8211,24150,15865,8285,11632,8565,3067,196044,76458,119586,18552,8574,9978
B0103,09,178,District - Ambedkar Nagar,Urban,Illiterate,93457,41035,52422,14110,10946,3164,8635,4464,4171,3768,2364,1404,70712,25625,45087,2861,815,2046
B0103,09,178,District - Ambedkar Nagar,Urban,Literate,187273,103613,83660,46426,41379,5047,15515,11401,4114,7864,6201,1663,125332,50833,74499,15691,7759,7932
B0103,09,178,District - Ambedkar Nagar,Urban,Literate but below matric/secondary,113968,64005,49963,24555,22388,2167,9421,7077,2344,4702,3835,867,79992,34540,45452,5876,3072,2804
B0103,09,178,District - Ambedkar Nagar,Urban,Matric/secondary but below graduate,43319,22427,20892,10469,9387,1082,3397,2393,1004,1775,1303,472,29453,10647,18806,5813,2781,3032
B0103,09,178,District - Ambedkar Nagar,Urban,Technical diploma or certificate not equal to degree,233,193,40,89,80,9,18,16,2,12,11,1,126,97,29,47,41,6
B0103,09,178,District - Ambedkar Nagar,Urban,Graduate and above other than technical degree,19309,10709,8600,7653,6416,1237,1591,1118,473,852,633,219,10065,3175,6890,2962,1294,1668
B0103,09,178,District - Ambedkar Nagar,Urban,Technical degree or diploma equal to degree or post-graduate degree,1981,1364,617,892,705,187,146,110,36,74,62,12,943,549,394,347,225,122
B0103,09,179,District - Sultanpur,Total,Total,3797117,1914586,1882531,690967,548315,142652,551665,321523,230142,262373,183177,79196,2554485,1044748,1509737,208004,95416,112588
B0103,09,179,District - Sultanpur,Total,Illiterate,1557215,614338,942877,220928,136915,84013,238902,95210,143692,101856,52877,48979,1097385,382213,715172,51214,10115,41099
B0103,09,179,District - Sultanpur,Total,Literate,2239902,1300248,939654,470039,411400,58639,312763,226313,86450,160517,130300,30217,1457100,662535,794565,156790,85301,71489
B0103,09,179,District - Sultanpur,Total,Literate but below matric/secondary,1508373,840792,667581,249384,216682,32702,202219,143598,58621,102036,82686,19350,1056770,480512,576258,73542,37144,36398
B0103,09,179,District - Sultanpur,Total,Matric/secondary but below graduate,483494,298470,185024,124579,112374,12205,70650,53747,16903,37205,30757,6448,288265,132349,155916,55443,32117,23326
B0103,09,179,District - Sultanpur,Total,Technical diploma or certificate not equal to degree,2931,2623,308,1226,1123,103,255,241,14,158,150,8,1450,1259,191,504,440,64
B0103,09,179,District - Sultanpur,Total,Graduate and above other than technical degree,148218,98733,49485,63395,54854,8541,20709,15736,4973,11655,9413,2242,64114,28143,35971,19739,11250,8489
B0103,09,179,District - Sultanpur,Total,Technical degree or diploma equal to degree or post-graduate degree,13062,10116,2946,6370,5524,846,1223,991,232,704,575,129,5469,3601,1868,2061,1452,609
B0103,09,179,District - Sultanpur,Rural,Total,3597201,1810496,1786705,644098,508201,135897,540128,313873,226255,256678,178937,77741,2412975,988422,1424553,193468,88394,105074
B0103,09,179,District - Sultanpur,Rural,Illiterate,1503527,591301,912226,214188,132011,82177,235890,93516,142374,100397,51880,48517,1053449,365774,687675,49354,9551,39803
B0103,09,179,District - Sultanpur,Rural,Literate,2093674,1219195,874479,429910,376190,53720,304238,220357,83881,156281,127057,29224,1359526,622648,736878,144114,78843,65271
B0103,09,179,District - Sultanpur,Rural,Literate but below matric/secondary,1437468,802992,634476,236140,204881,31259,197930,140497,57433,99901,80950,18951,1003398,457614,545784,69748,35212,34536
B0103,09,179,District - Sultanpur,Rural,Matric/secondary but below graduate,443165,276128,167037,113518,102402,11116,68366,52201,16165,36101,29949,6152,261281,121525,139756,50713,29639,21074
B0103,09,179,District - Sultanpur,Rural,Technical diploma or certificate not equal to degree,1994,1830,164,539,513,26,222,209,13,145,137,8,1233,1108,125,435,397,38
B0103,09,179,District - Sultanpur,Rural,Graduate and above other than technical degree,123052,84215,38837,51984,45152,6832,19381,14873,4508,10969,8954,2015,51687,24190,27497,16616,9829,6787
B0103,09,179,District - Sultanpur,Rural,Technical degree or diploma equal to degree or post-graduate degree,9195,7378,1817,4363,3886,477,1016,843,173,586,487,99,3816,2649,1167,1518,1109,409
B0103,09,179,District - Sultanpur,Urban,Total,199916,104090,95826,46869,40114,6755,11537,7650,3887,5695,4240,1455,141510,56326,85184,14536,7022,7514
B0103,09,179,District - Sultanpur,Urban,Illiterate,53688,23037,30651,6740,4904,1836,3012,1694,1318,1459,997,462,43936,16439,27497,1860,564,1296
B0103,09,179,District - Sultanpur,Urban,Literate,146228,81053,65175,40129,35210,4919,8525,5956,2569,4236,3243,993,97574,39887,57687,12676,6458,6218
B0103,09,179,District - Sultanpur,Urban,Literate but below matric/secondary,70905,37800,33105,13244,11801,1443,4289,3101,1188,2135,1736,399,53372,22898,30474,3794,1932,1862
B0103,09,179,District - Sultanpur,Urban,Matric/secondary but below graduate,40329,22342,17987,11061,9972,1089,2284,1546,738,1104,808,296,26984,10824,16160,4730,2478,2252
B0103,09,179,District - Sultanpur,Urban,Technical diploma or certificate not equal to degree,937,793,144,687,610,77,33,32,1,13,13,0,217,151,66,69,43,26
B0103,09,179,District - Sultanpur,Urban,Graduate and above other than technical degree,25166,14518,10648,11411,9702,1709,1328,863,465,686,459,227,12427,3953,8474,3123,1421,1702
B0103,09,179,District - Sultanpur,Urban,Technical degree or diploma equal to degree or post-graduate degree,3867,2738,1129,2007,1638,369,207,148,59,118,88,30,1653,952,701,543,343,200
B0103,09,180,District - Bahraich,Total,Total,3487731,1843884,1643847,743452,640148,103304,408708,255428,153280,191250,144906,46344,2335571,948308,1387263,108960,48813,60147
B0103,09,180,District - Bahraich,Total,Illiterate,2089363,965599,1123764,383927,310552,73375,253532,133430,120102,112538,76363,36175,1451904,521617,930287,50396,15156,35240
B0103,09,180,District - Bahraich,Total,Literate,1398368,878285,520083,359525,329596,29929,155176,121998,33178,78712,68543,10169,883667,426691,456976,58564,33657,24907
B0103,09,180,District - Bahraich,Total,Literate but below matric/secondary,1033603,640137,393466,220805,204852,15953,111489,88251,23238,57021,50208,6813,701309,347034,354275,32440,18917,13523
B0103,09,180,District - Bahraich,Total,Matric/secondary but below graduate,202484,131935,70549,71989,65960,6029,22642,17960,4682,11314,9783,1531,107853,48015,59838,15979,9190,6789
B0103,09,180,District - Bahraich,Total,Technical diploma or certificate not equal to degree,621,547,74,316,299,17,46,41,5,19,18,1,259,207,52,63,52,11
B0103,09,180,District - Bahraich,Total,Graduate and above other than technical degree,63315,42531,20784,32513,28441,4072,5645,4402,1243,2734,2268,466,25157,9688,15469,5870,3154,2716
B0103,09,180,District - Bahraich,Total,Technical degree or diploma equal to degree or post-graduate degree,4340,3288,1052,2336,1967,369,292,236,56,134,117,17,1712,1085,627,553,403,150
B0103,09,180,District - Bahraich,Rural,Total,3203687,1695122,1508565,679852,584683,95169,388737,240794,147943,182073,137541,44532,2135098,869645,1265453,90593,39955,50638
B0103,09,180,District - Bahraich,Rural,Illiterate,1973409,909151,1064258,363780,293800,69980,245114,127450,117664,108663,73291,35372,1364515,487901,876614,45937,13216,32721
B0103,09,180,District - Bahraich,Rural,Literate,1230278,785971,444307,316072,290883,25189,143623,113344,30279,73410,64250,9160,770583,381744,388839,44656,26739,17917
B0103,09,180,District - Bahraich,Rural,Literate but below matric/secondary,946175,592226,353949,204178,189562,14616,105854,83901,21953,54400,47952,6448,636143,318763,317380,27742,16473,11269
B0103,09,180,District - Bahraich,Rural,Matric/secondary but below graduate,159543,109125,50418,60516,55588,4928,19775,15823,3952,9998,8729,1269,79252,37714,41538,10692,6582,4110
B0103,09,180,District - Bahraich,Rural,Technical diploma or certificate not equal to degree,373,338,35,181,173,8,28,27,1,12,12,0,164,138,26,37,33,4
B0103,09,180,District - Bahraich,Rural,Graduate and above other than technical degree,39702,29305,10397,22219,19681,2538,4191,3410,781,2082,1824,258,13292,6214,7078,2951,1866,1085
B0103,09,180,District - Bahraich,Rural,Technical degree or diploma equal to degree or post-graduate degree,2308,1875,433,1294,1137,157,161,137,24,76,66,10,853,601,252,232,179,53
B0103,09,180,District - Bahraich,Urban,Total,284044,148762,135282,63600,55465,8135,19971,14634,5337,9177,7365,1812,200473,78663,121810,18367,8858,9509
B0103,09,180,District - Bahraich,Urban,Illiterate,115954,56448,59506,20147,16752,3395,8418,5980,2438,3875,3072,803,87389,33716,53673,4459,1940,2519
B0103,09,180,District - Bahraich,Urban,Literate,168090,92314,75776,43453,38713,4740,11553,8654,2899,5302,4293,1009,113084,44947,68137,13908,6918,6990
B0103,09,180,District - Bahraich,Urban,Literate but below matric/secondary,87428,47911,39517,16627,15290,1337,5635,4350,1285,2621,2256,365,65166,28271,36895,4698,2444,2254
B0103,09,180,District - Bahraich,Urban,Matric/secondary but below graduate,42941,22810,20131,11473,10372,1101,2867,2137,730,1316,1054,262,28601,10301,18300,5287,2608,2679
B0103,09,180,District - Bahraich,Urban,Technical diploma or certificate not equal to degree,248,209,39,135,126,9,18,14,4,7,6,1,95,69,26,26,19,7
B0103,09,180,District - Bahraich,Urban,Graduate and above other than technical degree,23613,13226,10387,10294,8760,1534,1454,992,462,652,444,208,11865,3474,8391,2919,1288,1631
B0103,09,180,District - Bahraich,Urban,Technical degree or diploma equal to degree or post-graduate degree,2032,1413,619,1042,830,212,131,99,32,58,51,7,859,484,375,321,224,97
B0103,09,181,District - Shrawasti,Total,Total,1117361,593897,523464,232762,192781,39981,170993,101200,69793,80677,58675,22002,713606,299916,413690,41295,18567,22728
B0103,09,181,District - Shrawasti,Total,Illiterate,694048,317197,376851,130448,99284,31164,110275,53457,56818,49577,31681,17896,453325,164456,288869,21114,5990,15124
B0103,09,181,District - Shrawasti,Total,Literate,423313,276700,146613,102314,93497,8817,60718,47743,12975,31100,26994,4106,260281,135460,124821,20181,12577,7604
B0103,09,181,District - Shrawasti,Total,Literate but below matric/secondary,321466,204681,116785,64207,59012,5195,43215,33782,9433,22271,19383,2888,214044,111887,102157,12588,7693,4895
B0103,09,181,District - Shrawasti,Total,Matric/secondary but below graduate,54357,38574,15783,19980,18276,1704,8514,6951,1563,4468,3914,554,25863,13347,12516,4571,2965,1606
B0103,09,181,District - Shrawasti,Total,Technical diploma or certificate not equal to degree,88,80,8,45,44,1,13,11,2,10,9,1,30,25,5,11,10,1
B0103,09,181,District - Shrawasti,Total,Graduate and above other than technical degree,13774,10612,3162,7420,6658,762,1894,1618,276,1023,908,115,4460,2336,2124,1136,749,387
B0103,09,181,District - Shrawasti,Total,Technical degree or diploma equal to degree or post-graduate degree,849,727,122,483,442,41,78,66,12,42,39,3,288,219,69,84,73,11
B0103,09,181,District - Shrawasti,Rural,Total,1078712,573681,505031,225829,186383,39446,167987,98559,69428,78770,56899,21871,684896,288739,396157,39508,17447,22061
B0103,09,181,District - Shrawasti,Rural,Illiterate,676333,308844,367489,128202,97257,30945,108748,52154,56594,48525,30722,17803,439383,159433,279950,20568,5728,14840
B0103,09,181,District - Shrawasti,Rural,Literate,402379,264837,137542,97627,89126,8501,59239,46405,12834,30245,26177,4068,245513,129306,116207,18940,11719,7221
B0103,09,181,District - Shrawasti,Rural,Literate but below matric/secondary,309109,197949,111160,62261,57151,5110,42383,33022,9361,21766,18901,2865,204465,107776,96689,12117,7376,4741
B0103,09,181,District - Shrawasti,Rural,Matric/secondary but below graduate,49205,35566,13639,18583,16973,1610,8150,6625,1525,4264,3718,546,22472,11968,10504,4082,2606,1476
B0103,09,181,District - Shrawasti,Rural,Technical diploma or certificate not equal to degree,70,63,7,33,32,1,13,11,2,10,9,1,24,20,4,8,7,1
B0103,09,181,District - Shrawasti,Rural,Graduate and above other than technical degree,11917,9440,2477,6582,5915,667,1767,1502,265,962,848,114,3568,2023,1545,965,637,328
B0103,09,181,District - Shrawasti,Rural,Technical degree or diploma equal to degree or post-graduate degree,677,595,82,387,357,30,74,62,12,42,39,3,216,176,40,67,61,6
B0103,09,181,District - Shrawasti,Urban,Total,38649,20216,18433,6933,6398,535,3006,2641,365,1907,1776,131,28710,11177,17533,1787,1120,667
B0103,09,181,District - Shrawasti,Urban,Illiterate,17715,8353,9362,2246,2027,219,1527,1303,224,1052,959,93,13942,5023,8919,546,262,284
B0103,09,181,District - Shrawasti,Urban,Literate,20934,11863,9071,4687,4371,316,1479,1338,141,855,817,38,14768,6154,8614,1241,858,383
B0103,09,181,District - Shrawasti,Urban,Literate but below matric/secondary,12357,6732,5625,1946,1861,85,832,760,72,505,482,23,9579,4111,5468,471,317,154
B0103,09,181,District - Shrawasti,Urban,Matric/secondary but below graduate,5152,3008,2144,1397,1303,94,364,326,38,204,196,8,3391,1379,2012,489,359,130
B0103,09,181,District - Shrawasti,Urban,Technical diploma or certificate not equal to degree,18,17,1,12,12,0,0,0,0,0,0,0,6,5,1,3,3,0
B0103,09,181,District - Shrawasti,Urban,Graduate and above other than technical degree,1857,1172,685,838,743,95,127,116,11,61,60,1,892,313,579,171,112,59
B0103,09,181,District - Shrawasti,Urban,Technical degree or diploma equal to degree or post-graduate degree,172,132,40,96,85,11,4,4,0,0,0,0,72,43,29,17,12,5
B0103,09,182,District - Balrampur,Total,Total,2148665,1114721,1033944,458727,367929,90798,301526,166403,135123,139665,96622,43043,1388412,580389,808023,67449,31447,36002
B0103,09,182,District - Balrampur,Total,Illiterate,1280308,569778,710530,248581,177097,71484,190067,83206,106861,83947,49153,34794,841660,309475,532185,31961,9442,22519
B0103,09,182,District - Balrampur,Total,Literate,868357,544943,323414,210146,190832,19314,111459,83197,28262,55718,47469,8249,546752,270914,275838,35488,22005,13483
B0103,09,182,District - Balrampur,Total,Literate but below matric/secondary,674540,413503,261037,136325,124167,12158,83205,61668,21537,41514,35420,6094,455010,227668,227342,22071,13458,8613
B0103,09,182,District - Balrampur,Total,Matric/secondary but below graduate,110696,75099,35597,39288,36197,3091,15146,11855,3291,7560,6566,994,56262,27047,29215,8057,5143,2914
B0103,09,182,District - Balrampur,Total,Technical diploma or certificate not equal to degree,405,377,28,211,207,4,30,29,1,10,10,0,164,141,23,52,45,7
B0103,09,182,District - Balrampur,Total,Graduate and above other than technical degree,33423,23557,9866,16835,14786,2049,3731,2986,745,1905,1637,268,12857,5785,7072,2945,1859,1086
B0103,09,182,District - Balrampur,Total,Technical degree or diploma equal to degree or post-graduate degree,3340,2674,666,1841,1609,232,273,229,44,135,118,17,1226,836,390,358,267,91
B0103,09,182,District - Balrampur,Rural,Total,1982274,1027943,954331,424869,337728,87141,288195,156215,131980,134008,91818,42190,1269210,534000,735210,58551,26737,31814
B0103,09,182,District - Balrampur,Rural,Illiterate,1209264,536730,672534,238442,168563,69879,184058,78868,105190,81427,47002,34425,786764,289299,497465,29321,8373,20948
B0103,09,182,District - Balrampur,Rural,Literate,773010,491213,281797,186427,169165,17262,104137,77347,26790,52581,44816,7765,482446,244701,237745,29230,18364,10866
B0103,09,182,District - Balrampur,Rural,Literate but below matric/secondary,621858,384667,237191,126916,115374,11542,79472,58624,20848,39836,33950,5886,415470,210669,204801,19759,12101,7658
B0103,09,182,District - Balrampur,Rural,Matric/secondary but below graduate,87264,61967,25297,32831,30187,2644,13456,10499,2957,6864,6002,862,40977,21281,19696,5871,3868,2003
B0103,09,182,District - Balrampur,Rural,Technical diploma or certificate not equal to degree,239,220,19,113,112,1,21,20,1,9,9,0,105,88,17,32,28,4
B0103,09,182,District - Balrampur,Rural,Graduate and above other than technical degree,21183,16129,5054,11510,10171,1339,2800,2277,523,1504,1332,172,6873,3681,3192,1638,1146,492
B0103,09,182,District - Balrampur,Rural,Technical degree or diploma equal to degree or post-graduate degree,1910,1624,286,1066,966,100,179,156,23,86,80,6,665,502,163,183,146,37
B0103,09,182,District - Balrampur,Urban,Total,166391,86778,79613,33858,30201,3657,13331,10188,3143,5657,4804,853,119202,46389,72813,8898,4710,4188
B0103,09,182,District - Balrampur,Urban,Illiterate,71044,33048,37996,10139,8534,1605,6009,4338,1671,2520,2151,369,54896,20176,34720,2640,1069,1571
B0103,09,182,District - Balrampur,Urban,Literate,95347,53730,41617,23719,21667,2052,7322,5850,1472,3137,2653,484,64306,26213,38093,6258,3641,2617
B0103,09,182,District - Balrampur,Urban,Literate but below matric/secondary,52682,28836,23846,9409,8793,616,3733,3044,689,1678,1470,208,39540,16999,22541,2312,1357,955
B0103,09,182,District - Balrampur,Urban,Matric/secondary but below graduate,23432,13132,10300,6457,6010,447,1690,1356,334,696,564,132,15285,5766,9519,2186,1275,911
B0103,09,182,District - Balrampur,Urban,Technical diploma or certificate not equal to degree,166,157,9,98,95,3,9,9,0,1,1,0,59,53,6,20,17,3
B0103,09,182,District - Balrampur,Urban,Graduate and above other than technical degree,12240,7428,4812,5325,4615,710,931,709,222,401,305,96,5984,2104,3880,1307,713,594
B0103,09,182,District - Balrampur,Urban,Technical degree or diploma equal to degree or post-graduate degree,1430,1050,380,775,643,132,94,73,21,49,38,11,561,334,227,175,121,54
B0103,09,183,District - Gonda,Total,Total,3433919,1787146,1646773,739663,604204,135459,430889,251644,179245,196810,140977,55833,2263367,931298,1332069,144887,68101,76786
B0103,09,183,District - Gonda,Total,Illiterate,1753925,752965,1000960,323991,232198,91793,227154,99888,127266,94903,55995,38908,1202780,420879,781901,53863,14339,39524
B0103,09,183,District - Gonda,Total,Literate,1679994,1034181,645813,415672,372006,43666,203735,151756,51979,101907,84982,16925,1060587,510419,550168,91024,53762,37262
B0103,09,183,District - Gonda,Total,Literate but below matric/secondary,1184970,705595,479375,238801,214195,24606,135062,99583,35479,66496,55668,10828,811107,391817,419290,46477,26366,20111
B0103,09,183,District - Gonda,Total,Matric/secondary but below graduate,314936,209077,105859,103216,94069,9147,41909,32752,9157,21730,18389,3341,169811,82256,87555,29591,18399,11192
B0103,09,183,District - Gonda,Total,Technical diploma or certificate not equal to degree,1359,1218,141,879,837,42,81,74,7,35,31,4,399,307,92,125,111,14
B0103,09,183,District - Gonda,Total,Graduate and above other than technical degree,88254,60639,27615,41313,36165,5148,10557,8227,2330,5704,4705,999,36384,16247,20137,9487,5752,3735
B0103,09,183,District - Gonda,Total,Technical degree or diploma equal to degree or post-graduate degree,7090,5585,1505,3617,3133,484,618,507,111,364,305,59,2855,1945,910,1020,768,252
B0103,09,183,District - Gonda,Rural,Total,3208890,1669058,1539832,687634,558769,128865,416435,241641,174794,188410,134948,53462,2104821,868648,1236173,128134,59419,68715
B0103,09,183,District - Gonda,Rural,Illiterate,1679725,718811,960914,312358,222529,89829,222516,96980,125536,92221,54191,38030,1144851,399302,745549,50753,13115,37638
B0103,09,183,District - Gonda,Rural,Literate,1529165,950247,578918,375276,336240,39036,193919,144661,49258,96189,80757,15432,959970,469346,490624,77381,46304,31077
B0103,09,183,District - Gonda,Rural,Literate but below matric/secondary,1110029,665109,444920,224653,201455,23198,130354,96113,34241,63710,53546,10164,755022,367541,387481,42198,24142,18056
B0103,09,183,District - Gonda,Rural,Matric/secondary but below graduate,273579,186077,87502,91655,83628,8027,39182,30812,8370,20130,17220,2910,142742,71637,71105,24307,15409,8898
B0103,09,183,District - Gonda,Rural,Technical diploma or certificate not equal to degree,700,631,69,384,370,14,56,52,4,22,20,2,260,209,51,74,69,5
B0103,09,183,District - Gonda,Rural,Graduate and above other than technical degree,64556,46838,17718,31010,27337,3673,9026,7179,1847,4829,4107,722,24520,12322,12198,6467,4165,2302
B0103,09,183,District - Gonda,Rural,Technical degree or diploma equal to degree or post-graduate degree,4667,3890,777,2376,2142,234,477,401,76,273,235,38,1814,1347,467,602,477,125
B0103,09,183,District - Gonda,Urban,Total,225029,118088,106941,52029,45435,6594,14454,10003,4451,8400,6029,2371,158546,62650,95896,16753,8682,8071
B0103,09,183,District - Gonda,Urban,Illiterate,74200,34154,40046,11633,9669,1964,4638,2908,1730,2682,1804,878,57929,21577,36352,3110,1224,1886
B0103,09,183,District - Gonda,Urban,Literate,150829,83934,66895,40396,35766,4630,9816,7095,2721,5718,4225,1493,100617,41073,59544,13643,7458,6185
B0103,09,183,District - Gonda,Urban,Literate but below matric/secondary,74941,40486,34455,14148,12740,1408,4708,3470,1238,2786,2122,664,56085,24276,31809,4279,2224,2055
B0103,09,183,District - Gonda,Urban,Matric/secondary but below graduate,41357,23000,18357,11561,10441,1120,2727,1940,787,1600,1169,431,27069,10619,16450,5284,2990,2294
B0103,09,183,District - Gonda,Urban,Technical diploma or certificate not equal to degree,659,587,72,495,467,28,25,22,3,13,11,2,139,98,41,51,42,9
B0103,09,183,District - Gonda,Urban,Graduate and above other than technical degree,23698,13801,9897,10303,8828,1475,1531,1048,483,875,598,277,11864,3925,7939,3020,1587,1433
B0103,09,183,District - Gonda,Urban,Technical degree or diploma equal to degree or post-graduate degree,2423,1695,728,1241,991,250,141,106,35,91,70,21,1041,598,443,418,291,127
B0103,09,184,District - Siddharthnagar,Total,Total,2559297,1295095,1264202,447943,347611,100332,430955,236022,194933,205393,139780,65613,1680399,711462,968937,94706,42759,51947
B0103,09,184,District - Siddharthnagar,Total,Illiterate,1330371,554377,775994,199734,129294,70440,231988,89611,142377,99479,51603,47876,898649,335472,563177,36556,8418,28138
B0103,09,184,District - Siddharthnagar,Total,Literate,1228926,740718,488208,248209,218317,29892,198967,146411,52556,105914,88177,17737,781750,375990,405760,58150,34341,23809
B0103,09,184,District - Siddharthnagar,Total,Literate but below matric/secondary,936365,545263,391102,153041,134429,18612,142505,102916,39589,75489,62414,13075,640819,307918,332901,35107,19807,15300
B0103,09,184,District - Siddharthnagar,Total,Matric/secondary but below graduate,176896,117923,58973,53055,47771,5284,32747,25919,6828,18126,15599,2527,91094,44233,46861,14862,9369,5493
B0103,09,184,District - Siddharthnagar,Total,Technical diploma or certificate not equal to degree,782,738,44,349,335,14,111,107,4,61,59,2,322,296,26,92,87,5
B0103,09,184,District - Siddharthnagar,Total,Graduate and above other than technical degree,45942,33383,12559,21260,18674,2586,7519,6123,1396,4322,3753,569,17163,8586,8577,4469,2917,1552
B0103,09,184,District - Siddharthnagar,Total,Technical degree or diploma equal to degree or post-graduate degree,4220,3649,571,2203,1987,216,434,391,43,212,199,13,1583,1271,312,463,403,60
B0103,09,184,District - Siddharthnagar,Rural,Total,2398606,1212141,1186465,417811,322682,95129,414480,224306,190174,196368,132360,64008,1566315,665153,901162,86625,38339,48286
B0103,09,184,District - Siddharthnagar,Rural,Illiterate,1267299,526905,740394,191779,123797,67982,225755,86022,139733,96257,49312,46945,849765,317086,532679,34591,7729,26862
B0103,09,184,District - Siddharthnagar,Rural,Literate,1131307,685236,446071,226032,198885,27147,188725,138284,50441,100111,83048,17063,716550,348067,368483,52034,30610,21424
B0103,09,184,District - Siddharthnagar,Rural,Literate but below matric/secondary,877471,512941,364530,143172,125755,17417,136572,98212,38360,72147,59420,12727,597727,288974,308753,32672,18338,14334
B0103,09,184,District - Siddharthnagar,Rural,Matric/secondary but below graduate,153302,104289,49013,46567,42043,4524,30136,23848,6288,16608,14285,2323,76599,38398,38201,12618,8005,4613
B0103,09,184,District - Siddharthnagar,Rural,Technical diploma or certificate not equal to degree,625,592,33,276,266,10,95,93,2,54,52,2,254,233,21,72,68,4
B0103,09,184,District - Siddharthnagar,Rural,Graduate and above other than technical degree,36590,27401,9189,17272,15218,2054,6575,5369,1206,3780,3295,485,12743,6814,5929,3432,2307,1125
B0103,09,184,District - Siddharthnagar,Rural,Technical degree or diploma equal to degree or post-graduate degree,3339,2939,400,1754,1591,163,360,329,31,185,173,12,1225,1019,206,346,305,41
B0103,09,184,District - Siddharthnagar,Urban,Total,160691,82954,77737,30132,24929,5203,16475,11716,4759,9025,7420,1605,114084,46309,67775,8081,4420,3661
B0103,09,184,District - Siddharthnagar,Urban,Illiterate,63072,27472,35600,7955,5497,2458,6233,3589,2644,3222,2291,931,48884,18386,30498,1965,689,1276
B0103,09,184,District - Siddharthnagar,Urban,Literate,97619,55482,42137,22177,19432,2745,10242,8127,2115,5803,5129,674,65200,27923,37277,6116,3731,2385
B0103,09,184,District - Siddharthnagar,Urban,Literate but below matric/secondary,58894,32322,26572,9869,8674,1195,5933,4704,1229,3342,2994,348,43092,18944,24148,2435,1469,966
B0103,09,184,District - Siddharthnagar,Urban,Matric/secondary but below graduate,23594,13634,9960,6488,5728,760,2611,2071,540,1518,1314,204,14495,5835,8660,2244,1364,880
B0103,09,184,District - Siddharthnagar,Urban,Technical diploma or certificate not equal to degree,157,146,11,73,69,4,16,14,2,7,7,0,68,63,5,20,19,1
B0103,09,184,District - Siddharthnagar,Urban,Graduate and above other than technical degree,9352,5982,3370,3988,3456,532,944,754,190,542,458,84,4420,1772,2648,1037,610,427
B0103,09,184,District - Siddharthnagar,Urban,Technical degree or diploma equal to degree or post-graduate degree,881,710,171,449,396,53,74,62,12,27,26,1,358,252,106,117,98,19
B0103,09,185,District - Basti,Total,Total,2464464,1255272,1209192,443724,360797,82927,339964,197845,142119,158868,113438,45430,1680776,696630,984146,116657,53932,62725
B0103,09,185,District - Basti,Total,Illiterate,1070681,435553,635128,155122,104486,50636,158266,64051,94215,65565,35555,30010,757293,267016,490277,32244,6959,25285
B0103,09,185,District - Basti,Total,Literate,1393783,819719,574064,288602,256311,32291,181698,133794,47904,93303,77883,15420,923483,429614,493869,84413,46973,37440
B0103,09,185,District - Basti,Total,Literate but below matric/secondary,924269,521315,402954,145083,128245,16838,111176,80315,30861,56527,47019,9508,668010,312755,355255,37080,19299,17781
B0103,09,185,District - Basti,Total,Matric/secondary but below graduate,300106,188300,111806,80372,73143,7229,43208,33338,9870,22631,19252,3379,176526,81819,94707,29873,17375,12498
B0103,09,185,District - Basti,Total,Technical diploma or certificate not equal to degree,1737,1586,151,826,796,30,179,166,13,102,100,2,732,624,108,204,182,22
B0103,09,185,District - Basti,Total,Graduate and above other than technical degree,92185,61803,30382,38363,33567,4796,12143,9447,2696,6679,5608,1071,41679,18789,22890,11944,7095,4849
B0103,09,185,District - Basti,Total,Technical degree or diploma equal to degree or post-graduate degree,8437,6728,1709,4082,3552,530,794,678,116,412,365,47,3561,2498,1063,1302,990,312
B0103,09,185,District - Basti,Rural,Total,2326367,1182846,1143521,415881,336427,79454,330783,190852,139931,154765,110008,44757,1579703,655567,924136,107588,48850,58738
B0103,09,185,District - Basti,Rural,Illiterate,1033048,419367,613681,151271,101485,49786,155892,62410,93482,64373,34668,29705,725885,255472,470413,31088,6525,24563
B0103,09,185,District - Basti,Rural,Literate,1293319,763479,529840,264610,234942,29668,174891,128442,46449,90392,75340,15052,853818,400095,453723,76500,42325,34175
B0103,09,185,District - Basti,Rural,Literate but below matric/secondary,879889,497434,382455,138364,122148,16216,108222,77924,30298,55216,45837,9379,633303,297362,335941,35016,18061,16955
B0103,09,185,District - Basti,Rural,Matric/secondary but below graduate,270786,171924,98862,73477,66872,6605,41281,31823,9458,21838,18551,3287,156028,73229,82799,27023,15671,11352
B0103,09,185,District - Basti,Rural,Technical diploma or certificate not equal to degree,1316,1213,103,582,566,16,160,149,11,97,96,1,574,498,76,176,162,14
B0103,09,185,District - Basti,Rural,Graduate and above other than technical degree,72771,50469,22302,30563,26808,3755,10933,8575,2358,6186,5222,964,31275,15086,16189,9574,5806,3768
B0103,09,185,District - Basti,Rural,Technical degree or diploma equal to degree or post-graduate degree,5971,4939,1032,2884,2547,337,630,559,71,348,318,30,2457,1833,624,955,756,199
B0103,09,185,District - Basti,Urban,Total,138097,72426,65671,27843,24370,3473,9181,6993,2188,4103,3430,673,101073,41063,60010,9069,5082,3987
B0103,09,185,District - Basti,Urban,Illiterate,37633,16186,21447,3851,3001,850,2374,1641,733,1192,887,305,31408,11544,19864,1156,434,722
B0103,09,185,District - Basti,Urban,Literate,100464,56240,44224,23992,21369,2623,6807,5352,1455,2911,2543,368,69665,29519,40146,7913,4648,3265
B0103,09,185,District - Basti,Urban,Literate but below matric/secondary,44380,23881,20499,6719,6097,622,2954,2391,563,1311,1182,129,34707,15393,19314,2064,1238,826
B0103,09,185,District - Basti,Urban,Matric/secondary but below graduate,29320,16376,12944,6895,6271,624,1927,1515,412,793,701,92,20498,8590,11908,2850,1704,1146
B0103,09,185,District - Basti,Urban,Technical diploma or certificate not equal to degree,421,373,48,244,230,14,19,17,2,5,4,1,158,126,32,28,20,8
B0103,09,185,District - Basti,Urban,Graduate and above other than technical degree,19414,11334,8080,7800,6759,1041,1210,872,338,493,386,107,10404,3703,6701,2370,1289,1081
B0103,09,185,District - Basti,Urban,Technical degree or diploma equal to degree or post-graduate degree,2466,1789,677,1198,1005,193,164,119,45,64,47,17,1104,665,439,347,234,113
B0103,09,186,District - Sant Kabir Nagar,Total,Total,1715183,869656,845527,265453,218934,46519,274016,164548,109468,130160,94082,36078,1175714,486174,689540,72113,34187,37926
B0103,09,186,District - Sant Kabir Nagar,Total,Illiterate,760234,302558,457676,89404,60217,29187,122752,48948,73804,51525,27235,24290,548078,193393,354685,21310,4686,16624
B0103,09,186,District - Sant Kabir Nagar,Total,Literate,954949,567098,387851,176049,158717,17332,151264,115600,35664,78635,66847,11788,627636,292781,334855,50803,29501,21302
B0103,09,186,District - Sant Kabir Nagar,Total,Literate but below matric/secondary,675861,382914,292947,97936,87452,10484,98512,73286,25226,50643,42560,8083,479413,222176,257237,26180,14297,11883
B0103,09,186,District - Sant Kabir Nagar,Total,Matric/secondary but below graduate,193841,126490,67351,48795,45372,3423,36166,29518,6648,19409,17017,2392,108880,51600,57280,16894,10250,6644
B0103,09,186,District - Sant Kabir Nagar,Total,Technical diploma or certificate not equal to degree,972,880,92,390,382,8,167,160,7,104,99,5,415,338,77,116,107,9
B0103,09,186,District - Sant Kabir Nagar,Total,Graduate and above other than technical degree,47619,33479,14140,19191,17033,2158,8130,6649,1481,4577,3971,606,20298,9797,10501,5288,3414,1874
B0103,09,186,District - Sant Kabir Nagar,Total,Technical degree or diploma equal to degree or post-graduate degree,3812,3233,579,1878,1698,180,435,389,46,255,231,24,1499,1146,353,460,375,85
B0103,09,186,District - Sant Kabir Nagar,Rural,Total,1586652,802609,784043,240109,197105,43004,261026,155671,105355,124566,89684,34882,1085517,449833,635684,65137,30649,34488
B0103,09,186,District - Sant Kabir Nagar,Rural,Illiterate,713850,282738,431112,83367,55807,27560,118369,46646,71723,49921,26101,23820,512114,180285,331829,19854,4172,15682
B0103,09,186,District - Sant Kabir Nagar,Rural,Literate,872802,519871,352931,156742,141298,15444,142657,109025,33632,74645,63583,11062,573403,269548,303855,45283,26477,18806
B0103,09,186,District - Sant Kabir Nagar,Rural,Literate but below matric/secondary,627000,356100,270900,89349,79821,9528,93572,69550,24022,48511,40775,7736,444079,206729,237350,23870,13107,10763
B0103,09,186,District - Sant Kabir Nagar,Rural,Matric/secondary but below graduate,173461,114314,59147,43080,40025,3055,33894,27717,6177,18230,16066,2164,96487,46572,49915,14979,9157,5822
B0103,09,186,District - Sant Kabir Nagar,Rural,Technical diploma or certificate not equal to degree,844,765,79,327,320,7,153,146,7,96,91,5,364,299,65,103,96,7
B0103,09,186,District - Sant Kabir Nagar,Rural,Graduate and above other than technical degree,39337,28157,11180,15556,13773,1783,7373,6056,1317,4160,3642,518,16408,8328,8080,4331,2880,1451
B0103,09,186,District - Sant Kabir Nagar,Rural,Technical degree or diploma equal to degree or post-graduate degree,3033,2617,416,1465,1340,125,374,337,37,224,205,19,1194,940,254,368,305,63
B0103,09,186,District - Sant Kabir Nagar,Urban,Total,128531,67047,61484,25344,21829,3515,12990,8877,4113,5594,4398,1196,90197,36341,53856,6976,3538,3438
B0103,09,186,District - Sant Kabir Nagar,Urban,Illiterate,46384,19820,26564,6037,4410,1627,4383,2302,2081,1604,1134,470,35964,13108,22856,1456,514,942
B0103,09,186,District - Sant Kabir Nagar,Urban,Literate,82147,47227,34920,19307,17419,1888,8607,6575,2032,3990,3264,726,54233,23233,31000,5520,3024,2496
B0103,09,186,District - Sant Kabir Nagar,Urban,Literate but below matric/secondary,48861,26814,22047,8587,7631,956,4940,3736,1204,2132,1785,347,35334,15447,19887,2310,1190,1120
B0103,09,186,District - Sant Kabir Nagar,Urban,Matric/secondary but below graduate,20380,12176,8204,5715,5347,368,2272,1801,471,1179,951,228,12393,5028,7365,1915,1093,822
B0103,09,186,District - Sant Kabir Nagar,Urban,Technical diploma or certificate not equal to degree,128,115,13,63,62,1,14,14,0,8,8,0,51,39,12,13,11,2
B0103,09,186,District - Sant Kabir Nagar,Urban,Graduate and above other than technical degree,8282,5322,2960,3635,3260,375,757,593,164,417,329,88,3890,1469,2421,957,534,423
B0103,09,186,District - Sant Kabir Nagar,Urban,Technical degree or diploma equal to degree or post-graduate degree,779,616,163,413,358,55,61,52,9,31,26,5,305,206,99,92,70,22
B0103,09,187,District - Mahrajganj,Total,Total,2684703,1381754,1302949,439293,343119,96174,554960,316346,238614,254480,177746,76734,1690450,722289,968161,114650,54166,60484
B0103,09,187,District - Mahrajganj,Total,Illiterate,1265559,500080,765479,170395,104236,66159,276232,102293,173939,109636,54095,55541,818932,293551,525381,38166,8162,30004
B0103,09,187,District - Mahrajganj,Total,Literate,1419144,881674,537470,268898,238883,30015,278728,214053,64675,144844,123651,21193,871518,428738,442780,76484,46004,30480
B0103,09,187,District - Mahrajganj,Total,Literate but below matric/secondary,1010135,604722,405413,150846,133795,17051,181629,137737,43892,93282,79574,13708,677660,333190,344470,40809,23889,16920
B0103,09,187,District - Mahrajganj,Total,Matric/secondary but below graduate,253821,171104,82717,66387,60206,6181,58181,47001,11180,31582,27513,4069,129253,63897,65356,22868,14136,8732
B0103,09,187,District - Mahrajganj,Total,Technical diploma or certificate not equal to degree,1032,942,90,416,401,15,156,146,10,88,82,6,460,395,65,137,116,21
B0103,09,187,District - Mahrajganj,Total,Graduate and above other than technical degree,62375,45335,17040,25392,22419,2973,13077,10779,2298,7576,6512,1064,23906,12137,11769,7149,4575,2574
B0103,09,187,District - Mahrajganj,Total,Technical degree or diploma equal to degree or post-graduate degree,4979,4230,749,2388,2159,229,680,602,78,396,358,38,1911,1469,442,710,571,139
B0103,09,187,District - Mahrajganj,Rural,Total,2549973,1312126,1237847,411102,318292,92810,545349,309359,235990,249938,174338,75600,1593522,684475,909047,105472,49885,55587
B0103,09,187,District - Mahrajganj,Rural,Illiterate,1222797,482642,740155,165228,100491,64737,273192,100601,172591,108431,53380,55051,784377,281550,502827,36862,7826,29036
B0103,09,187,District - Mahrajganj,Rural,Literate,1327176,829484,497692,245874,217801,28073,272157,208758,63399,141507,120958,20549,809145,402925,406220,68610,42059,26551
B0103,09,187,District - Mahrajganj,Rural,Literate but below matric/secondary,959205,576808,382397,141653,125300,16353,178038,134842,43196,91506,78107,13399,639514,316666,322848,38114,22560,15554
B0103,09,187,District - Mahrajganj,Rural,Matric/secondary but below graduate,227908,156246,71662,58879,53273,5606,56297,45459,10838,30602,26730,3872,112732,57514,55218,19816,12602,7214
B0103,09,187,District - Mahrajganj,Rural,Technical diploma or certificate not equal to degree,906,831,75,345,335,10,147,137,10,83,77,6,414,359,55,122,105,17
B0103,09,187,District - Mahrajganj,Rural,Graduate and above other than technical degree,51663,38594,13069,20762,18286,2476,12333,10172,2161,7162,6188,974,18568,10136,8432,5502,3758,1744
B0103,09,187,District - Mahrajganj,Rural,Technical degree or diploma equal to degree or post-graduate degree,4003,3460,543,1881,1709,172,631,566,65,369,336,33,1491,1185,306,517,437,80
B0103,09,187,District - Mahrajganj,Urban,Total,134730,69628,65102,28191,24827,3364,9611,6987,2624,4542,3408,1134,96928,37814,59114,9178,4281,4897
B0103,09,187,District - Mahrajganj,Urban,Illiterate,42762,17438,25324,5167,3745,1422,3040,1692,1348,1205,715,490,34555,12001,22554,1304,336,968
B0103,09,187,District - Mahrajganj,Urban,Literate,91968,52190,39778,23024,21082,1942,6571,5295,1276,3337,2693,644,62373,25813,36560,7874,3945,3929
B0103,09,187,District - Mahrajganj,Urban,Literate but below matric/secondary,50930,27914,23016,9193,8495,698,3591,2895,696,1776,1467,309,38146,16524,21622,2695,1329,1366
B0103,09,187,District - Mahrajganj,Urban,Matric/secondary but below graduate,25913,14858,11055,7508,6933,575,1884,1542,342,980,783,197,16521,6383,10138,3052,1534,1518
B0103,09,187,District - Mahrajganj,Urban,Technical diploma or certificate not equal to degree,126,111,15,71,66,5,9,9,0,5,5,0,46,36,10,15,11,4
B0103,09,187,District - Mahrajganj,Urban,Graduate and above other than technical degree,10712,6741,3971,4630,4133,497,744,607,137,414,324,90,5338,2001,3337,1647,817,830
B0103,09,187,District - Mahrajganj,Urban,Technical degree or diploma equal to degree or post-graduate degree,976,770,206,507,450,57,49,36,13,27,22,5,420,284,136,193,134,59
B0103,09,188,District - Gorakhpur,Total,Total,4440895,2277777,2163118,746381,616241,130140,605248,400635,204613,295002,226655,68347,3089266,1260901,1828365,269403,134734,134669
B0103,09,188,District - Gorakhpur,Total,Illiterate,1740567,683887,1056680,197685,129621,68064,230551,106409,124142,98115,58298,39817,1312331,447857,864474,65537,16229,49308
B0103,09,188,District - Gorakhpur,Total,Literate,2700328,1593890,1106438,548696,486620,62076,374697,294226,80471,196887,168357,28530,1776935,813044,963891,203866,118505,85361
B0103,09,188,District - Gorakhpur,Total,Literate but below matric/secondary,1581069,891583,689486,221933,196831,25102,202734,157717,45017,106287,91376,14911,1156402,537035,619367,79335,44353,34982
B0103,09,188,District - Gorakhpur,Total,Matric/secondary but below graduate,697965,437187,260778,177494,161110,16384,109636,89516,20120,59519,51506,8013,410835,186561,224274,78486,47483,31003
B0103,09,188,District - Gorakhpur,Total,Technical diploma or certificate not equal to degree,6163,5467,696,2758,2617,141,542,500,42,310,282,28,2863,2350,513,864,733,131
B0103,09,188,District - Gorakhpur,Total,Graduate and above other than technical degree,233489,148644,84845,93169,80838,12331,28996,22471,6525,15149,12342,2807,111324,45335,65989,29799,16746,13053
B0103,09,188,District - Gorakhpur,Total,Technical degree or diploma equal to degree or post-graduate degree,24613,18371,6242,11765,9959,1806,2209,1737,472,1116,886,230,10639,6675,3964,3496,2415,1081
B0103,09,188,District - Gorakhpur,Rural,Total,3604766,1838726,1766040,558259,455967,102292,539831,356485,183346,263606,203968,59638,2506676,1026274,1480402,195826,97580,98246
B0103,09,188,District - Gorakhpur,Rural,Illiterate,1518138,587816,930322,170820,109877,60943,214922,97200,117722,90754,53306,37448,1132396,380739,751657,55123,12669,42454
B0103,09,188,District - Gorakhpur,Rural,Literate,2086628,1250910,835718,387439,346090,41349,324909,259285,65624,172852,150662,22190,1374280,645535,728745,140703,84911,55792
B0103,09,188,District - Gorakhpur,Rural,Literate but below matric/secondary,1331153,757868,573285,181565,161349,20216,183578,143908,39670,97046,84214,12832,966010,452611,513399,62946,35621,27325
B0103,09,188,District - Gorakhpur,Rural,Matric/secondary but below graduate,509703,331888,177815,126735,115855,10880,93800,78343,15457,51674,45786,5888,289168,137690,151478,53341,33848,19493
B0103,09,188,District - Gorakhpur,Rural,Technical diploma or certificate not equal to degree,2564,2353,211,943,912,31,286,275,11,165,161,4,1335,1166,169,412,372,40
B0103,09,188,District - Gorakhpur,Rural,Graduate and above other than technical degree,113959,79242,34717,43534,38353,5181,19295,16115,3180,10577,9302,1275,51130,24774,26356,14427,9282,5145
B0103,09,188,District - Gorakhpur,Rural,Technical degree or diploma equal to degree or post-graduate degree,8750,7127,1623,4132,3640,492,1007,884,123,516,468,48,3611,2603,1008,1129,866,263
B0103,09,188,District - Gorakhpur,Urban,Total,836129,439051,397078,188122,160274,27848,65417,44150,21267,31396,22687,8709,582590,234627,347963,73577,37154,36423
B0103,09,188,District - Gorakhpur,Urban,Illiterate,222429,96071,126358,26865,19744,7121,15629,9209,6420,7361,4992,2369,179935,67118,112817,10414,3560,6854
B0103,09,188,District - Gorakhpur,Urban,Literate,613700,342980,270720,161257,140530,20727,49788,34941,14847,24035,17695,6340,402655,167509,235146,63163,33594,29569
B0103,09,188,District - Gorakhpur,Urban,Literate but below matric/secondary,249916,133715,116201,40368,35482,4886,19156,13809,5347,9241,7162,2079,190392,84424,105968,16389,8732,7657
B0103,09,188,District - Gorakhpur,Urban,Matric/secondary but below graduate,188262,105299,82963,50759,45255,5504,15836,11173,4663,7845,5720,2125,121667,48871,72796,25145,13635,11510
B0103,09,188,District - Gorakhpur,Urban,Technical diploma or certificate not equal to degree,3599,3114,485,1815,1705,110,256,225,31,145,121,24,1528,1184,344,452,361,91
B0103,09,188,District - Gorakhpur,Urban,Graduate and above other than technical degree,119530,69402,50128,49635,42485,7150,9701,6356,3345,4572,3040,1532,60194,20561,39633,15372,7464,7908
B0103,09,188,District - Gorakhpur,Urban,Technical degree or diploma equal to degree or post-graduate degree,15863,11244,4619,7633,6319,1314,1202,853,349,600,418,182,7028,4072,2956,2367,1549,818
B0103,09,189,District - Kushinagar,Total,Total,3564544,1818055,1746489,523258,422820,100438,593715,382037,211678,280041,212617,67424,2447571,1013198,1434373,176751,83425,93326
B0103,09,189,District - Kushinagar,Total,Illiterate,1609724,634333,975391,181030,118599,62431,251925,112768,139157,104007,60445,43562,1176769,402966,773803,58283,12753,45530
B0103,09,189,District - Kushinagar,Total,Literate,1954820,1183722,771098,342228,304221,38007,341790,269269,72521,176034,152172,23862,1270802,610232,660570,118468,70672,47796
B0103,09,189,District - Kushinagar,Total,Literate but below matric/secondary,1294955,753097,541858,170816,151429,19387,200179,155638,44541,101774,87863,13911,923960,446030,477930,59591,34479,25112
B0103,09,189,District - Kushinagar,Total,Matric/secondary but below graduate,403373,263321,140052,96444,87663,8781,84354,69562,14792,45388,39998,5390,222575,106096,116479,37875,23287,14588
B0103,09,189,District - Kushinagar,Total,Technical diploma or certificate not equal to degree,2045,1869,176,711,678,33,272,262,10,159,154,5,1062,929,133,282,259,23
B0103,09,189,District - Kushinagar,Total,Graduate and above other than technical degree,92999,65753,27246,35441,31445,3996,17979,15054,2925,9917,8707,1210,39579,19254,20325,10295,6470,3825
B0103,09,189,District - Kushinagar,Total,Technical degree or diploma equal to degree or post-graduate degree,8963,7691,1272,4175,3814,361,1256,1138,118,643,591,52,3532,2739,793,1039,854,185
B0103,09,189,District - Kushinagar,Rural,Total,3396437,1730377,1666060,491425,394950,96475,580073,371474,208599,275166,208543,66623,2324939,963953,1360986,168762,79125,89637
B0103,09,189,District - Kushinagar,Rural,Illiterate,1550686,608532,942154,174090,113111,60979,248201,110338,137863,102732,59498,43234,1128395,385083,743312,56908,12214,44694
B0103,09,189,District - Kushinagar,Rural,Literate,1845751,1121845,723906,317335,281839,35496,331872,261136,70736,172434,149045,23389,1196544,578870,617674,111854,66911,44943
B0103,09,189,District - Kushinagar,Rural,Literate but below matric/secondary,1240126,723218,516908,162225,143756,18469,195610,151850,43760,100069,86337,13732,882291,427612,454679,57542,33324,24218
B0103,09,189,District - Kushinagar,Rural,Matric/secondary but below graduate,373666,246466,127200,88907,80762,8145,81536,67228,14308,44335,39073,5262,203223,98476,104747,35476,21955,13521
B0103,09,189,District - Kushinagar,Rural,Technical diploma or certificate not equal to degree,1764,1622,142,568,539,29,253,246,7,152,149,3,943,837,106,254,236,18
B0103,09,189,District - Kushinagar,Rural,Graduate and above other than technical degree,80118,57512,22606,30124,26637,3487,16820,14120,2700,9482,8353,1129,33174,16755,16419,8889,5671,3218
B0103,09,189,District - Kushinagar,Rural,Technical degree or diploma equal to degree or post-graduate degree,7485,6538,947,3443,3177,266,1155,1054,101,614,565,49,2887,2307,580,862,719,143
B0103,09,189,District - Kushinagar,Urban,Total,168107,87678,80429,31833,27870,3963,13642,10563,3079,4875,4074,801,122632,49245,73387,7989,4300,3689
B0103,09,189,District - Kushinagar,Urban,Illiterate,59038,25801,33237,6940,5488,1452,3724,2430,1294,1275,947,328,48374,17883,30491,1375,539,836
B0103,09,189,District - Kushinagar,Urban,Literate,109069,61877,47192,24893,22382,2511,9918,8133,1785,3600,3127,473,74258,31362,42896,6614,3761,2853
B0103,09,189,District - Kushinagar,Urban,Literate but below matric/secondary,54829,29879,24950,8591,7673,918,4569,3788,781,1705,1526,179,41669,18418,23251,2049,1155,894
B0103,09,189,District - Kushinagar,Urban,Matric/secondary but below graduate,29707,16855,12852,7537,6901,636,2818,2334,484,1053,925,128,19352,7620,11732,2399,1332,1067
B0103,09,189,District - Kushinagar,Urban,Technical diploma or certificate not equal to degree,281,247,34,143,139,4,19,16,3,7,5,2,119,92,27,28,23,5
B0103,09,189,District - Kushinagar,Urban,Graduate and above other than technical degree,12881,8241,4640,5317,4808,509,1159,934,225,435,354,81,6405,2499,3906,1406,799,607
B0103,09,189,District - Kushinagar,Urban,Technical degree or diploma equal to degree or post-graduate degree,1478,1153,325,732,637,95,101,84,17,29,26,3,645,432,213,177,135,42
B0103,09,190,District - Deoria,Total,Total,3100946,1537436,1563510,455382,375569,79813,420864,263504,157360,189614,142480,47134,2224700,898363,1326337,176759,88623,88136
B0103,09,190,District - Deoria,Total,Illiterate,1225707,458148,767559,123577,78831,44746,163341,65053,98288,60012,32077,27935,938789,314264,624525,37917,8635,29282
B0103,09,190,District - Deoria,Total,Literate,1875239,1079288,795951,331805,296738,35067,257523,198451,59072,129602,110403,19199,1285911,584099,701812,138842,79988,58854
B0103,09,190,District - Deoria,Total,Literate but below matric/secondary,1114498,608310,506188,130382,115520,14862,130130,96562,33568,62406,52542,9864,853986,396228,457758,50277,27702,22575
B0103,09,190,District - Deoria,Total,Matric/secondary but below graduate,539974,328616,211358,124240,113633,10607,92120,74448,17672,49223,42646,6577,323614,140535,183079,61514,36147,25367
B0103,09,190,District - Deoria,Total,Technical diploma or certificate not equal to degree,2992,2807,185,1022,995,27,355,349,6,205,203,2,1615,1463,152,567,528,39
B0103,09,190,District - Deoria,Total,Graduate and above other than technical degree,132229,87890,44339,51419,45230,6189,19130,15657,3473,10595,9112,1483,61680,27003,34677,19260,11204,8056
B0103,09,190,District - Deoria,Total,Technical degree or diploma equal to degree or post-graduate degree,13195,10858,2337,6793,6025,768,1299,1144,155,661,593,68,5103,3689,1414,1806,1406,400
B0103,09,190,District - Deoria,Rural,Total,2784143,1373111,1411032,393211,320098,73113,400369,248228,152141,180095,134762,45333,1990563,804785,1185778,150327,75331,74996
B0103,09,190,District - Deoria,Rural,Illiterate,1129716,417822,711894,113761,70981,42780,157240,61393,95847,57401,30236,27165,858715,285448,573267,34090,7459,26631
B0103,09,190,District - Deoria,Rural,Literate,1654427,955289,699138,279450,249117,30333,243129,186835,56294,122694,104526,18168,1131848,519337,612511,116237,67872,48365
B0103,09,190,District - Deoria,Rural,Literate but below matric/secondary,1011899,553728,458171,116155,102387,13768,123827,91424,32403,59296,49811,9485,771917,359917,412000,44208,24593,19615
B0103,09,190,District - Deoria,Rural,Matric/secondary but below graduate,470823,289819,181004,106596,97318,9278,87235,70486,16749,46877,40667,6210,276992,122015,154977,52016,30954,21062
B0103,09,190,District - Deoria,Rural,Technical diploma or certificate not equal to degree,2338,2231,107,739,728,11,322,317,5,192,190,2,1277,1186,91,457,432,25
B0103,09,190,District - Deoria,Rural,Graduate and above other than technical degree,97965,66482,31483,36520,31968,4552,17064,14039,3025,9621,8353,1268,44381,20475,23906,13961,8429,5532
B0103,09,190,District - Deoria,Rural,Technical degree or diploma equal to degree or post-graduate degree,8866,7569,1297,4464,4042,422,1090,986,104,574,528,46,3312,2541,771,1165,940,225
B0103,09,190,District - Deoria,Urban,Total,316803,164325,152478,62171,55471,6700,20495,15276,5219,9519,7718,1801,234137,93578,140559,26432,13292,13140
B0103,09,190,District - Deoria,Urban,Illiterate,95991,40326,55665,9816,7850,1966,6101,3660,2441,2611,1841,770,80074,28816,51258,3827,1176,2651
B0103,09,190,District - Deoria,Urban,Literate,220812,123999,96813,52355,47621,4734,14394,11616,2778,6908,5877,1031,154063,64762,89301,22605,12116,10489
B0103,09,190,District - Deoria,Urban,Literate but below matric/secondary,102599,54582,48017,14227,13133,1094,6303,5138,1165,3110,2731,379,82069,36311,45758,6069,3109,2960
B0103,09,190,District - Deoria,Urban,Matric/secondary but below graduate,69151,38797,30354,17644,16315,1329,4885,3962,923,2346,1979,367,46622,18520,28102,9498,5193,4305
B0103,09,190,District - Deoria,Urban,Technical diploma or certificate not equal to degree,654,576,78,283,267,16,33,32,1,13,13,0,338,277,61,110,96,14
B0103,09,190,District - Deoria,Urban,Graduate and above other than technical degree,34264,21408,12856,14899,13262,1637,2066,1618,448,974,759,215,17299,6528,10771,5299,2775,2524
B0103,09,190,District - Deoria,Urban,Technical degree or diploma equal to degree or post-graduate degree,4329,3289,1040,2329,1983,346,209,158,51,87,65,22,1791,1148,643,641,466,175
B0103,09,191,District - Azamgarh,Total,Total,4613913,2285004,2328909,784272,611015,173257,587760,330875,256885,252743,174954,77789,3241881,1343114,1898767,240380,115983,124397
B0103,09,191,District - Azamgarh,Total,Illiterate,1841996,725590,1116406,249450,151387,98063,248154,92314,155840,91729,46177,45552,1344392,481889,862503,54109,12222,41887
B0103,09,191,District - Azamgarh,Total,Literate,2771917,1559414,1212503,534822,459628,75194,339606,238561,101045,161014,128777,32237,1897489,861225,1036264,186271,103761,82510
B0103,09,191,District - Azamgarh,Total,Literate but below matric/secondary,1750671,945269,805402,255821,216660,39161,189174,130227,58947,86987,69486,17501,1305676,598382,707294,74326,39378,34948
B0103,09,191,District - Azamgarh,Total,Matric/secondary but below graduate,683837,401534,282303,158370,140407,17963,97425,70465,26960,48088,38636,9452,428042,190662,237380,74329,42273,32056
B0103,09,191,District - Azamgarh,Total,Technical diploma or certificate not equal to degree,3698,3423,275,1219,1178,41,369,354,15,215,209,6,2110,1891,219,636,586,50
B0103,09,191,District - Azamgarh,Total,Graduate and above other than technical degree,190128,122409,67719,72978,62504,10474,27488,20218,7270,14935,11919,3016,89662,39687,49975,26390,15300,11090
B0103,09,191,District - Azamgarh,Total,Technical degree or diploma equal to degree or post-graduate degree,18923,14568,4355,8902,7606,1296,1920,1533,387,1056,864,192,8101,5429,2672,2877,2107,770
B0103,09,191,District - Azamgarh,Rural,Total,4220512,2082707,2137805,695830,541151,154679,557868,312921,244947,243635,168317,75318,2966814,1228635,1738179,221771,105477,116294
B0103,09,191,District - Azamgarh,Rural,Illiterate,1709369,666250,1043119,228396,137360,91036,237947,87533,150414,89085,44445,44640,1243026,441357,801669,51242,11104,40138
B0103,09,191,District - Azamgarh,Rural,Literate,2511143,1416457,1094686,467434,403791,63643,319921,225388,94533,154550,123872,30678,1723788,787278,936510,170529,94373,76156
B0103,09,191,District - Azamgarh,Rural,Literate but below matric/secondary,1601891,866387,735504,225036,192112,32924,178723,123345,55378,83878,67085,16793,1198132,550930,647202,68967,36170,32797
B0103,09,191,District - Azamgarh,Rural,Matric/secondary but below graduate,620201,366168,254033,141477,125641,15836,92483,67112,25371,46175,37217,8958,386241,173415,212826,68590,38754,29836
B0103,09,191,District - Azamgarh,Rural,Technical diploma or certificate not equal to degree,3117,2908,209,947,918,29,344,329,15,201,195,6,1826,1661,165,565,523,42
B0103,09,191,District - Azamgarh,Rural,Graduate and above other than technical degree,161905,105728,56177,60933,52240,8693,25589,18935,6654,14126,11324,2802,75383,34553,40830,23047,13478,9569
B0103,09,191,District - Azamgarh,Rural,Technical degree or diploma equal to degree or post-graduate degree,15558,12300,3258,7193,6264,929,1749,1416,333,984,818,166,6616,4620,1996,2467,1834,633
B0103,09,191,District - Azamgarh,Urban,Total,393401,202297,191104,88442,69864,18578,29892,17954,11938,9108,6637,2471,275067,114479,160588,18609,10506,8103
B0103,09,191,District - Azamgarh,Urban,Illiterate,132627,59340,73287,21054,14027,7027,10207,4781,5426,2644,1732,912,101366,40532,60834,2867,1118,1749
B0103,09,191,District - Azamgarh,Urban,Literate,260774,142957,117817,67388,55837,11551,19685,13173,6512,6464,4905,1559,173701,73947,99754,15742,9388,6354
B0103,09,191,District - Azamgarh,Urban,Literate but below matric/secondary,148780,78882,69898,30785,24548,6237,10451,6882,3569,3109,2401,708,107544,47452,60092,5359,3208,2151
B0103,09,191,District - Azamgarh,Urban,Matric/secondary but below graduate,63636,35366,28270,16893,14766,2127,4942,3353,1589,1913,1419,494,41801,17247,24554,5739,3519,2220
B0103,09,191,District - Azamgarh,Urban,Technical diploma or certificate not equal to degree,581,515,66,272,260,12,25,25,0,14,14,0,284,230,54,71,63,8
B0103,09,191,District - Azamgarh,Urban,Graduate and above other than technical degree,28223,16681,11542,12045,10264,1781,1899,1283,616,809,595,214,14279,5134,9145,3343,1822,1521
B0103,09,191,District - Azamgarh,Urban,Technical degree or diploma equal to degree or post-graduate degree,3365,2268,1097,1709,1342,367,171,117,54,72,46,26,1485,809,676,410,273,137
B0103,09,192,District - Mau,Total,Total,2205968,1114709,1091259,396438,301006,95432,300309,174407,125902,131300,92583,38717,1509221,639296,869925,120252,58612,61640
B0103,09,192,District - Mau,Total,Illiterate,842924,341627,501297,110626,66388,44238,116884,45320,71564,42439,21986,20453,615414,229919,385495,23390,5617,17773
B0103,09,192,District - Mau,Total,Literate,1363044,773082,589962,285812,234618,51194,183425,129087,54338,88861,70597,18264,893807,409377,484430,96862,52995,43867
B0103,09,192,District - Mau,Total,Literate but below matric/secondary,778055,422582,355473,119819,94942,24877,83889,57690,26199,37821,30118,7703,574347,269950,304397,30767,16194,14573
B0103,09,192,District - Mau,Total,Matric/secondary but below graduate,376025,222786,153239,91306,78759,12547,62886,45699,17187,32346,25919,6427,221833,98328,123505,43314,24243,19071
B0103,09,192,District - Mau,Total,Technical diploma or certificate not equal to degree,2376,1942,434,717,643,74,285,256,29,138,124,14,1374,1043,331,376,335,41
B0103,09,192,District - Mau,Total,Graduate and above other than technical degree,107445,66611,40834,40846,34032,6814,17697,12706,4991,9724,7571,2153,48902,19873,29029,15226,8137,7089
B0103,09,192,District - Mau,Total,Technical degree or diploma equal to degree or post-graduate degree,10619,7951,2668,4971,4137,834,1124,887,237,626,502,124,4524,2927,1597,1592,1093,499
B0103,09,192,District - Mau,Rural,Total,1706760,858843,847917,268569,206817,61752,264429,153712,110717,118688,84008,34680,1173762,498314,675448,99625,47971,51654
B0103,09,192,District - Mau,Rural,Illiterate,671008,265237,405771,81443,48219,33224,105890,40399,65491,38838,19929,18909,483675,176619,307056,20121,4447,15674
B0103,09,192,District - Mau,Rural,Literate,1035752,593606,442146,187126,158598,28528,158539,113313,45226,79850,64079,15771,690087,321695,368392,79504,43524,35980
B0103,09,192,District - Mau,Rural,Literate but below matric/secondary,582786,320006,262780,70355,58861,11494,70702,49797,20905,33555,27050,6505,441729,211348,230381,24457,12873,11584
B0103,09,192,District - Mau,Rural,Matric/secondary but below graduate,299022,178354,120668,66426,58137,8289,56348,41214,15134,29652,23937,5715,176248,79003,97245,36702,20546,16156
B0103,09,192,District - Mau,Rural,Technical diploma or certificate not equal to degree,1728,1526,202,502,462,40,251,224,27,129,116,13,975,840,135,325,292,33
B0103,09,192,District - Mau,Rural,Graduate and above other than technical degree,79526,50136,29390,28383,23773,4610,15448,11153,4295,8752,6874,1878,35695,15210,20485,12312,6588,5724
B0103,09,192,District - Mau,Rural,Technical degree or diploma equal to degree or post-graduate degree,7535,5699,1836,3440,2877,563,935,735,200,539,435,104,3160,2087,1073,1203,815,388
B0103,09,192,District - Mau,Urban,Total,499208,255866,243342,127869,94189,33680,35880,20695,15185,12612,8575,4037,335459,140982,194477,20627,10641,9986
B0103,09,192,District - Mau,Urban,Illiterate,171916,76390,95526,29183,18169,11014,10994,4921,6073,3601,2057,1544,131739,53300,78439,3269,1170,2099
B0103,09,192,District - Mau,Urban,Literate,327292,179476,147816,98686,76020,22666,24886,15774,9112,9011,6518,2493,203720,87682,116038,17358,9471,7887
B0103,09,192,District - Mau,Urban,Literate but below matric/secondary,195269,102576,92693,49464,36081,13383,13187,7893,5294,4266,3068,1198,132618,58602,74016,6310,3321,2989
B0103,09,192,District - Mau,Urban,Matric/secondary but below graduate,77003,44432,32571,24880,20622,4258,6538,4485,2053,2694,1982,712,45585,19325,26260,6612,3697,2915
B0103,09,192,District - Mau,Urban,Technical diploma or certificate not equal to degree,648,416,232,215,181,34,34,32,2,9,8,1,399,203,196,51,43,8
B0103,09,192,District - Mau,Urban,Graduate and above other than technical degree,27919,16475,11444,12463,10259,2204,2249,1553,696,972,697,275,13207,4663,8544,2914,1549,1365
B0103,09,192,District - Mau,Urban,Technical degree or diploma equal to degree or post-graduate degree,3084,2252,832,1531,1260,271,189,152,37,87,67,20,1364,840,524,389,278,111
B0103,09,193,District - Ballia,Total,Total,3239774,1672902,1566872,569522,445393,124129,449961,277667,172294,204484,145577,58907,2220291,949842,1270449,196806,104555,92251
B0103,09,193,District - Ballia,Total,Illiterate,1276184,511942,764242,166615,101459,65156,172034,74651,97383,68884,37150,31734,937535,335832,601703,42802,11855,30947
B0103,09,193,District - Ballia,Total,Literate,1963590,1160960,802630,402907,343934,58973,277927,203016,74911,135600,108427,27173,1282756,614010,668746,154004,92700,61304
B0103,09,193,District - Ballia,Total,Literate but below matric/secondary,1031524,561930,469594,135188,110666,24522,115938,79954,35984,52138,40368,11770,780398,371310,409088,47701,25755,21946
B0103,09,193,District - Ballia,Total,Matric/secondary but below graduate,611069,389906,221163,159575,141016,18559,104720,81100,23620,54765,45249,9516,346774,167790,178984,71989,44735,27254
B0103,09,193,District - Ballia,Total,Technical diploma or certificate not equal to degree,3802,3425,377,1314,1236,78,482,447,35,277,262,15,2006,1742,264,700,629,71
B0103,09,193,District - Ballia,Total,Graduate and above other than technical degree,155943,108238,47705,60651,53232,7419,25397,19841,5556,13728,11288,2440,69895,35165,34730,21165,13888,7277
B0103,09,193,District - Ballia,Total,Technical degree or diploma equal to degree or post-graduate degree,14432,11211,3221,6561,5651,910,1804,1442,362,980,815,165,6067,4118,1949,2188,1620,568
B0103,09,193,District - Ballia,Rural,Total,2935665,1514018,1421647,507642,392863,114779,420816,258890,161926,189703,135187,54516,2007207,862265,1144942,174458,92458,82000
B0103,09,193,District - Ballia,Rural,Illiterate,1177030,468987,708043,154326,92277,62049,163123,70024,93099,64633,34579,30054,859581,306686,552895,39235,10660,28575
B0103,09,193,District - Ballia,Rural,Literate,1758635,1045031,713604,353316,300586,52730,257693,188866,68827,125070,100608,24462,1147626,555579,592047,135223,81798,53425
B0103,09,193,District - Ballia,Rural,Literate but below matric/secondary,937897,512868,425029,120752,98353,22399,108048,74663,33385,48199,37501,10698,709097,339852,369245,42887,23084,19803
B0103,09,193,District - Ballia,Rural,Matric/secondary but below graduate,546763,352922,193841,142366,125695,16671,97931,76265,21666,51061,42484,8577,306466,150962,155504,63585,39905,23680
B0103,09,193,District - Ballia,Rural,Technical diploma or certificate not equal to degree,3192,2895,297,1054,988,66,424,400,24,240,231,9,1714,1507,207,605,549,56
B0103,09,193,District - Ballia,Rural,Graduate and above other than technical degree,129482,91127,38355,49634,43506,6128,22636,17858,4778,12179,10143,2036,57212,29763,27449,17381,11626,5755
B0103,09,193,District - Ballia,Rural,Technical degree or diploma equal to degree or post-graduate degree,11533,9068,2465,5188,4503,685,1571,1269,302,849,717,132,4774,3296,1478,1721,1280,441
B0103,09,193,District - Ballia,Urban,Total,304109,158884,145225,61880,52530,9350,29145,18777,10368,14781,10390,4391,213084,87577,125507,22348,12097,10251
B0103,09,193,District - Ballia,Urban,Illiterate,99154,42955,56199,12289,9182,3107,8911,4627,4284,4251,2571,1680,77954,29146,48808,3567,1195,2372
B0103,09,193,District - Ballia,Urban,Literate,204955,115929,89026,49591,43348,6243,20234,14150,6084,10530,7819,2711,135130,58431,76699,18781,10902,7879
B0103,09,193,District - Ballia,Urban,Literate but below matric/secondary,93627,49062,44565,14436,12313,2123,7890,5291,2599,3939,2867,1072,71301,31458,39843,4814,2671,2143
B0103,09,193,District - Ballia,Urban,Matric/secondary but below graduate,64306,36984,27322,17209,15321,1888,6789,4835,1954,3704,2765,939,40308,16828,23480,8404,4830,3574
B0103,09,193,District - Ballia,Urban,Technical diploma or certificate not equal to degree,610,530,80,260,248,12,58,47,11,37,31,6,292,235,57,95,80,15
B0103,09,193,District - Ballia,Urban,Graduate and above other than technical degree,26461,17111,9350,11017,9726,1291,2761,1983,778,1549,1145,404,12683,5402,7281,3784,2262,1522
B0103,09,193,District - Ballia,Urban,Technical degree or diploma equal to degree or post-graduate degree,2899,2143,756,1373,1148,225,233,173,60,131,98,33,1293,822,471,467,340,127
B0103,09,194,District - Jaunpur,Total,Total,4494204,2220465,2273739,896547,664609,231938,540828,269548,271280,203065,134528,68537,3056829,1286308,1770521,207618,106591,101027
B0103,09,194,District - Jaunpur,Total,Illiterate,1762527,655071,1107456,284819,146040,138779,221224,63826,157398,67969,29867,38102,1256484,445205,811279,42558,9853,32705
B0103,09,194,District - Jaunpur,Total,Literate,2731677,1565394,1166283,611728,518569,93159,319604,205722,113882,135096,104661,30435,1800345,841103,959242,165060,96738,68322
B0103,09,194,District - Jaunpur,Total,Literate but below matric/secondary,1678700,908526,770174,283493,234791,48702,172469,106379,66090,67557,51598,15959,1222738,567356,655382,62403,33153,29250
B0103,09,194,District - Jaunpur,Total,Matric/secondary but below graduate,711762,431087,280675,194514,170461,24053,97581,65537,32044,43894,34501,9393,419667,195089,224578,65822,39587,26235
B0103,09,194,District - Jaunpur,Total,Technical diploma or certificate not equal to degree,4514,4264,250,1273,1220,53,518,491,27,306,294,12,2723,2553,170,833,790,43
B0103,09,194,District - Jaunpur,Total,Graduate and above other than technical degree,208711,144636,64075,88333,76887,11446,28532,20900,7632,14900,12081,2819,91846,46849,44997,26798,17462,9336
B0103,09,194,District - Jaunpur,Total,Technical degree or diploma equal to degree or post-graduate degree,25014,20120,4894,12049,10597,1452,2850,2293,557,1594,1341,253,10115,7230,2885,3574,2712,862
B0103,09,194,District - Jaunpur,Rural,Total,4147624,2041217,2106407,820254,598990,221264,522596,256948,265648,195141,128427,66714,2804774,1185279,1619495,184277,94023,90254
B0103,09,194,District - Jaunpur,Rural,Illiterate,1656580,609019,1047561,270565,135580,134985,216411,61043,155368,65999,28538,37461,1169604,412396,757208,39063,8491,30572
B0103,09,194,District - Jaunpur,Rural,Literate,2491044,1432198,1058846,549689,463410,86279,306185,195905,110280,129142,99889,29253,1635170,772883,862287,145214,85532,59682
B0103,09,194,District - Jaunpur,Rural,Literate but below matric/secondary,1551809,840050,711759,258550,212497,46053,166125,101639,64486,64783,49318,15465,1127134,525914,601220,55928,29392,26536
B0103,09,194,District - Jaunpur,Rural,Matric/secondary but below graduate,641828,392737,249091,175246,152984,22262,93579,62599,30980,42047,33032,9015,373003,177154,195849,57969,35169,22800
B0103,09,194,District - Jaunpur,Rural,Technical diploma or certificate not equal to degree,4006,3830,176,1060,1022,38,476,455,21,281,271,10,2470,2353,117,753,721,32
B0103,09,194,District - Jaunpur,Rural,Graduate and above other than technical degree,176590,125461,51129,74882,65082,9800,26450,19417,7033,13958,11359,2599,75258,40962,34296,22561,15234,7327
B0103,09,194,District - Jaunpur,Rural,Technical degree or diploma equal to degree or post-graduate degree,20949,17311,3638,10131,9048,1083,2626,2135,491,1483,1258,225,8192,6128,2064,2911,2282,629
B0103,09,194,District - Jaunpur,Urban,Total,346580,179248,167332,76293,65619,10674,18232,12600,5632,7924,6101,1823,252055,101029,151026,23341,12568,10773
B0103,09,194,District - Jaunpur,Urban,Illiterate,105947,46052,59895,14254,10460,3794,4813,2783,2030,1970,1329,641,86880,32809,54071,3495,1362,2133
B0103,09,194,District - Jaunpur,Urban,Literate,240633,133196,107437,62039,55159,6880,13419,9817,3602,5954,4772,1182,165175,68220,96955,19846,11206,8640
B0103,09,194,District - Jaunpur,Urban,Literate but below matric/secondary,126891,68476,58415,24943,22294,2649,6344,4740,1604,2774,2280,494,95604,41442,54162,6475,3761,2714
B0103,09,194,District - Jaunpur,Urban,Matric/secondary but below graduate,69934,38350,31584,19268,17477,1791,4002,2938,1064,1847,1469,378,46664,17935,28729,7853,4418,3435
B0103,09,194,District - Jaunpur,Urban,Technical diploma or certificate not equal to degree,508,434,74,213,198,15,42,36,6,25,23,2,253,200,53,80,69,11
B0103,09,194,District - Jaunpur,Urban,Graduate and above other than technical degree,32121,19175,12946,13451,11805,1646,2082,1483,599,942,722,220,16588,5887,10701,4237,2228,2009
B0103,09,194,District - Jaunpur,Urban,Technical degree or diploma equal to degree or post-graduate degree,4065,2809,1256,1918,1549,369,224,158,66,111,83,28,1923,1102,821,663,430,233
B0103,09,195,District - Ghazipur,Total,Total,3620268,1855075,1765193,766881,581125,185756,437721,227575,210146,175897,118695,57202,2415666,1046375,1369291,204713,107782,96931
B0103,09,195,District - Ghazipur,Total,Illiterate,1422719,561522,861197,239647,131480,108167,176947,55074,121873,57463,26210,31253,1006125,374968,631157,39923,9605,30318
B0103,09,195,District - Ghazipur,Total,Literate,2197549,1293553,903996,527234,449645,77589,260774,172501,88273,118434,92485,25949,1409541,671407,738134,164790,98177,66613
B0103,09,195,District - Ghazipur,Total,Literate but below matric/secondary,1203896,654158,549738,193212,157676,35536,116225,72045,44180,47663,36433,11230,894459,424437,470022,51946,27396,24550
B0103,09,195,District - Ghazipur,Total,Matric/secondary but below graduate,671199,427211,243988,205848,182299,23549,96850,68284,28566,47640,38109,9531,368501,176628,191873,77468,48171,29297
B0103,09,195,District - Ghazipur,Total,Technical diploma or certificate not equal to degree,4025,3761,264,1308,1259,49,351,326,25,209,201,8,2366,2176,190,938,882,56
B0103,09,195,District - Ghazipur,Total,Graduate and above other than technical degree,169354,117548,51806,75811,66687,9124,22374,16331,6043,12108,9709,2399,71169,34530,36639,23259,14851,8408
B0103,09,195,District - Ghazipur,Total,Technical degree or diploma equal to degree or post-graduate degree,15203,12087,3116,7320,6453,867,1482,1176,306,867,737,130,6401,4458,1943,2631,1979,652
B0103,09,195,District - Ghazipur,Rural,Total,3345908,1711651,1634257,705419,529055,176364,423474,217915,205559,167889,112932,54957,2217015,964681,1252334,182538,95939,86599
B0103,09,195,District - Ghazipur,Rural,Illiterate,1338167,525180,812987,228231,123437,104794,173005,53101,119904,55524,25080,30444,936931,348642,588289,37194,8686,28508
B0103,09,195,District - Ghazipur,Rural,Literate,2007741,1186471,821270,477188,405618,71570,250469,164814,85655,112365,87852,24513,1280084,616039,664045,145344,87253,58091
B0103,09,195,District - Ghazipur,Rural,Literate but below matric/secondary,1112159,605293,506866,176474,143226,33248,111489,68619,42870,44895,34312,10583,824196,393448,430748,46522,24514,22008
B0103,09,195,District - Ghazipur,Rural,Matric/secondary but below graduate,613335,393671,219664,189329,167314,22015,93546,65726,27820,45652,36579,9073,330460,160631,169829,69232,43383,25849
B0103,09,195,District - Ghazipur,Rural,Technical diploma or certificate not equal to degree,3514,3298,216,1082,1045,37,333,310,23,203,196,7,2099,1943,156,828,781,47
B0103,09,195,District - Ghazipur,Rural,Graduate and above other than technical degree,142995,101223,41772,64227,56476,7751,21223,15439,5784,11432,9194,2238,57545,29308,28237,18990,12562,6428
B0103,09,195,District - Ghazipur,Rural,Technical degree or diploma equal to degree or post-graduate degree,12304,10015,2289,5946,5311,635,1400,1115,285,816,698,118,4958,3589,1369,2059,1597,462
B0103,09,195,District - Ghazipur,Urban,Total,274360,143424,130936,61462,52070,9392,14247,9660,4587,8008,5763,2245,198651,81694,116957,22175,11843,10332
B0103,09,195,District - Ghazipur,Urban,Illiterate,84552,36342,48210,11416,8043,3373,3942,1973,1969,1939,1130,809,69194,26326,42868,2729,919,1810
B0103,09,195,District - Ghazipur,Urban,Literate,189808,107082,82726,50046,44027,6019,10305,7687,2618,6069,4633,1436,129457,55368,74089,19446,10924,8522
B0103,09,195,District - Ghazipur,Urban,Literate but below matric/secondary,91737,48865,42872,16738,14450,2288,4736,3426,1310,2768,2121,647,70263,30989,39274,5424,2882,2542
B0103,09,195,District - Ghazipur,Urban,Matric/secondary but below graduate,57864,33540,24324,16519,14985,1534,3304,2558,746,1988,1530,458,38041,15997,22044,8236,4788,3448
B0103,09,195,District - Ghazipur,Urban,Technical diploma or certificate not equal to degree,511,463,48,226,214,12,18,16,2,6,5,1,267,233,34,110,101,9
B0103,09,195,District - Ghazipur,Urban,Graduate and above other than technical degree,26359,16325,10034,11584,10211,1373,1151,892,259,676,515,161,13624,5222,8402,4269,2289,1980
B0103,09,195,District - Ghazipur,Urban,Technical degree or diploma equal to degree or post-graduate degree,2899,2072,827,1374,1142,232,82,61,21,51,39,12,1443,869,574,572,382,190
B0103,09,196,District - Chandauli,Total,Total,1952756,1017905,934851,341927,273276,68651,310616,189695,120921,154786,111282,43504,1300213,554934,745279,100646,50960,49686
B0103,09,196,District - Chandauli,Total,Illiterate,778150,318451,459699,98285,59443,38842,129182,54347,74835,60752,32664,28088,550683,204661,346022,23268,4971,18297
B0103,09,196,District - Chandauli,Total,Literate,1174606,699454,475152,243642,213833,29809,181434,135348,46086,94034,78618,15416,749530,350273,399257,77378,45989,31389
B0103,09,196,District - Chandauli,Total,Literate but below matric/secondary,694683,385073,309610,97536,82864,14672,94688,67676,27012,48294,39641,8653,502459,234533,267926,28502,15011,13491
B0103,09,196,District - Chandauli,Total,Matric/secondary but below graduate,331394,213876,117518,90575,82147,8428,59862,47177,12685,31648,27245,4403,180957,84552,96405,33247,20734,12513
B0103,09,196,District - Chandauli,Total,Technical diploma or certificate not equal to degree,3589,3304,285,1390,1344,46,410,381,29,255,236,19,1789,1579,210,598,547,51
B0103,09,196,District - Chandauli,Total,Graduate and above other than technical degree,90068,63000,27068,37135,33172,3963,14427,11620,2807,7924,6831,1093,38506,18208,20298,10938,7150,3788
B0103,09,196,District - Chandauli,Total,Technical degree or diploma equal to degree or post-graduate degree,8588,6830,1758,4029,3542,487,785,666,119,444,386,58,3774,2622,1152,1291,995,296
B0103,09,196,District - Chandauli,Rural,Total,1710203,890630,819573,295252,232594,62658,288742,174159,114583,143425,102588,40837,1126209,483877,642332,82215,41103,41112
B0103,09,196,District - Chandauli,Rural,Illiterate,696183,282067,414116,87278,51338,35940,122177,50373,71804,57047,30282,26765,486728,180356,306372,19786,3896,15890
B0103,09,196,District - Chandauli,Rural,Literate,1014020,608563,405457,207974,181256,26718,166565,123786,42779,86378,72306,14072,639481,303521,335960,62429,37207,25222
B0103,09,196,District - Chandauli,Rural,Literate but below matric/secondary,612492,341188,271304,85211,71708,13503,87407,62061,25346,44493,36459,8034,439874,207419,232455,23607,12395,11212
B0103,09,196,District - Chandauli,Rural,Matric/secondary but below graduate,281971,184995,96976,78132,70484,7648,54909,43246,11663,29118,25151,3967,148930,71265,77665,26969,16909,10060
B0103,09,196,District - Chandauli,Rural,Technical diploma or certificate not equal to degree,2731,2536,195,984,954,30,358,336,22,226,212,14,1389,1246,143,451,423,28
B0103,09,196,District - Chandauli,Rural,Graduate and above other than technical degree,69745,50284,19461,29298,26085,3213,12636,10226,2410,7014,6113,901,27811,13973,13838,8167,5456,2711
B0103,09,196,District - Chandauli,Rural,Technical degree or diploma equal to degree or post-graduate degree,6222,5114,1108,2935,2613,322,659,565,94,382,338,44,2628,1936,692,917,722,195
B0103,09,196,District - Chandauli,Urban,Total,242553,127275,115278,46675,40682,5993,21874,15536,6338,11361,8694,2667,174004,71057,102947,18431,9857,8574
B0103,09,196,District - Chandauli,Urban,Illiterate,81967,36384,45583,11007,8105,2902,7005,3974,3031,3705,2382,1323,63955,24305,39650,3482,1075,2407
B0103,09,196,District - Chandauli,Urban,Literate,160586,90891,69695,35668,32577,3091,14869,11562,3307,7656,6312,1344,110049,46752,63297,14949,8782,6167
B0103,09,196,District - Chandauli,Urban,Literate but below matric/secondary,82191,43885,38306,12325,11156,1169,7281,5615,1666,3801,3182,619,62585,27114,35471,4895,2616,2279
B0103,09,196,District - Chandauli,Urban,Matric/secondary but below graduate,49423,28881,20542,12443,11663,780,4953,3931,1022,2530,2094,436,32027,13287,18740,6278,3825,2453
B0103,09,196,District - Chandauli,Urban,Technical diploma or certificate not equal to degree,858,768,90,406,390,16,52,45,7,29,24,5,400,333,67,147,124,23
B0103,09,196,District - Chandauli,Urban,Graduate and above other than technical degree,20323,12716,7607,7837,7087,750,1791,1394,397,910,718,192,10695,4235,6460,2771,1694,1077
B0103,09,196,District - Chandauli,Urban,Technical degree or diploma equal to degree or post-graduate degree,2366,1716,650,1094,929,165,126,101,25,62,48,14,1146,686,460,374,273,101
B0103,09,197,District - Varanasi,Total,Total,3676841,1921857,1754984,920761,750828,169933,299947,170406,129541,121652,85374,36278,2456133,1000623,1455510,183822,91034,92788
B0103,09,197,District - Varanasi,Total,Illiterate,1272938,532741,740197,233329,150798,82531,108269,41775,66494,38469,20387,18082,931340,340168,591172,32363,7642,24721
B0103,09,197,District - Varanasi,Total,Literate,2403903,1389116,1014787,687432,600030,87402,191678,128631,63047,83183,64987,18196,1524793,660455,864338,151459,83392,68067
B0103,09,197,District - Varanasi,Total,Literate but below matric/secondary,1304672,717192,587480,271172,233814,37358,99000,65266,33734,40854,32447,8407,934500,418112,516388,48844,24828,24016
B0103,09,197,District - Varanasi,Total,Matric/secondary but below graduate,661066,399789,261277,220244,198407,21837,57621,40198,17423,26513,20859,5654,383201,161184,222017,60902,35305,25597
B0103,09,197,District - Varanasi,Total,Technical diploma or certificate not equal to degree,8464,7614,850,3735,3513,222,499,455,44,288,271,17,4230,3646,584,1168,1028,140
B0103,09,197,District - Varanasi,Total,Graduate and above other than technical degree,281338,173640,107698,132393,114548,17845,19032,12916,6116,9116,6676,2440,129913,46176,83737,29282,15562,13720
B0103,09,197,District - Varanasi,Total,Technical degree or diploma equal to degree or post-graduate degree,36825,27106,9719,18557,15500,3057,1985,1427,558,1040,780,260,16283,10179,6104,4864,3389,1475
B0103,09,197,District - Varanasi,Rural,Total,2079790,1076526,1003264,481833,380640,101193,213585,115848,97737,89650,62482,27168,1384372,580038,804334,97933,46916,51017
B0103,09,197,District - Varanasi,Rural,Illiterate,778558,307070,471488,136518,78702,57816,84763,29439,55324,30944,15534,15410,557277,198929,358348,21285,3710,17575
B0103,09,197,District - Varanasi,Rural,Literate,1301232,769456,531776,345315,301938,43377,128822,86409,42413,58706,46948,11758,827095,381109,445986,76648,43206,33442
B0103,09,197,District - Varanasi,Rural,Literate but below matric/secondary,788831,437653,351178,151277,129596,21681,71012,46410,24602,30758,24663,6095,566542,261647,304895,28517,14110,14407
B0103,09,197,District - Varanasi,Rural,Matric/secondary but below graduate,352008,224480,127528,121067,109283,11784,39779,27799,11980,19183,15388,3795,191162,87398,103764,32054,19232,12822
B0103,09,197,District - Varanasi,Rural,Technical diploma or certificate not equal to degree,4098,3830,268,1520,1461,59,294,277,17,187,180,7,2284,2092,192,681,625,56
B0103,09,197,District - Varanasi,Rural,Graduate and above other than technical degree,98632,67589,31043,49168,43189,5979,9287,6594,2693,4960,3937,1023,40177,17806,22371,11242,6726,4516
B0103,09,197,District - Varanasi,Rural,Technical degree or diploma equal to degree or post-graduate degree,11758,9426,2332,6066,5321,745,764,592,172,441,367,74,4928,3513,1415,1707,1290,417
B0103,09,197,District - Varanasi,Urban,Total,1597051,845331,751720,438928,370188,68740,86362,54558,31804,32002,22892,9110,1071761,420585,651176,85889,44118,41771
B0103,09,197,District - Varanasi,Urban,Illiterate,494380,225671,268709,96811,72096,24715,23506,12336,11170,7525,4853,2672,374063,141239,232824,11078,3932,7146
B0103,09,197,District - Varanasi,Urban,Literate,1102671,619660,483011,342117,298092,44025,62856,42222,20634,24477,18039,6438,697698,279346,418352,74811,40186,34625
B0103,09,197,District - Varanasi,Urban,Literate but below matric/secondary,515841,279539,236302,119895,104218,15677,27988,18856,9132,10096,7784,2312,367958,156465,211493,20327,10718,9609
B0103,09,197,District - Varanasi,Urban,Matric/secondary but below graduate,309058,175309,133749,99177,89124,10053,17842,12399,5443,7330,5471,1859,192039,73786,118253,28848,16073,12775
B0103,09,197,District - Varanasi,Urban,Technical diploma or certificate not equal to degree,4366,3784,582,2215,2052,163,205,178,27,101,91,10,1946,1554,392,487,403,84
B0103,09,197,District - Varanasi,Urban,Graduate and above other than technical degree,182706,106051,76655,83225,71359,11866,9745,6322,3423,4156,2739,1417,89736,28370,61366,18040,8836,9204
B0103,09,197,District - Varanasi,Urban,Technical degree or diploma equal to degree or post-graduate degree,25067,17680,7387,12491,10179,2312,1221,835,386,599,413,186,11355,6666,4689,3157,2099,1058
B0103,09,198,District - Sant Ravidas Nagar (Bhadohi),Total,Total,1578213,807099,771114,286978,237468,49510,183630,105687,77943,77737,54365,23372,1107605,463944,643661,72059,34866,37193
B0103,09,198,District - Sant Ravidas Nagar (Bhadohi),Total,Illiterate,668067,260317,407750,84886,54500,30386,84157,31424,52733,32121,16110,16011,499024,174393,324631,20470,3854,16616
B0103,09,198,District - Sant Ravidas Nagar (Bhadohi),Total,Literate,910146,546782,363364,202092,182968,19124,99473,74263,25210,45616,38255,7361,608581,289551,319030,51589,31012,20577
B0103,09,198,District - Sant Ravidas Nagar (Bhadohi),Total,Literate but below matric/secondary,578581,324157,254424,94054,83666,10388,54527,38983,15544,24256,19935,4321,430000,201508,228492,21257,11054,10203
B0103,09,198,District - Sant Ravidas Nagar (Bhadohi),Total,Matric/secondary but below graduate,227183,149866,77317,65547,60954,4593,30118,23785,6333,14304,12290,2014,131518,65127,66391,20334,13097,7237
B0103,09,198,District - Sant Ravidas Nagar (Bhadohi),Total,Technical diploma or certificate not equal to degree,1127,1053,74,342,334,8,82,76,6,36,33,3,703,643,60,214,196,18
B0103,09,198,District - Sant Ravidas Nagar (Bhadohi),Total,Graduate and above other than technical degree,60223,44863,15360,27426,25090,2336,7721,6449,1272,3919,3483,436,25076,13324,11752,6848,4894,1954
B0103,09,198,District - Sant Ravidas Nagar (Bhadohi),Total,Technical degree or diploma equal to degree or post-graduate degree,4827,4059,768,2198,1976,222,397,355,42,216,202,14,2232,1728,504,731,607,124
B0103,09,198,District - Sant Ravidas Nagar (Bhadohi),Rural,Total,1348911,686589,662322,234519,192251,42268,169452,96357,73095,71643,49713,21930,944940,397981,546959,59957,28998,30959
B0103,09,198,District - Sant Ravidas Nagar (Bhadohi),Rural,Illiterate,581041,222637,358404,71387,44692,26695,78680,28722,49958,29783,14612,15171,430974,149223,281751,17473,2973,14500
B0103,09,198,District - Sant Ravidas Nagar (Bhadohi),Rural,Literate,767870,463952,303918,163132,147559,15573,90772,67635,23137,41860,35101,6759,513966,248758,265208,42484,26025,16459
B0103,09,198,District - Sant Ravidas Nagar (Bhadohi),Rural,Literate but below matric/secondary,494833,277300,217533,76009,67427,8582,49982,35598,14384,22316,18325,3991,368842,174275,194567,17383,9020,8363
B0103,09,198,District - Sant Ravidas Nagar (Bhadohi),Rural,Matric/secondary but below graduate,190043,127374,62669,53798,49969,3829,27452,21692,5760,13078,11249,1829,108793,55713,53080,16980,11226,5754
B0103,09,198,District - Sant Ravidas Nagar (Bhadohi),Rural,Technical diploma or certificate not equal to degree,959,907,52,280,275,5,73,67,6,34,31,3,606,565,41,195,182,13
B0103,09,198,District - Sant Ravidas Nagar (Bhadohi),Rural,Graduate and above other than technical degree,47137,36581,10556,21511,19781,1730,6917,5809,1108,3575,3186,389,18709,10991,7718,5571,4162,1409
B0103,09,198,District - Sant Ravidas Nagar (Bhadohi),Rural,Technical degree or diploma equal to degree or post-graduate degree,3790,3291,499,1716,1578,138,359,325,34,196,184,12,1715,1388,327,577,492,85
B0103,09,198,District - Sant Ravidas Nagar (Bhadohi),Urban,Total,229302,120510,108792,52459,45217,7242,14178,9330,4848,6094,4652,1442,162665,65963,96702,12102,5868,6234
B0103,09,198,District - Sant Ravidas Nagar (Bhadohi),Urban,Illiterate,87026,37680,49346,13499,9808,3691,5477,2702,2775,2338,1498,840,68050,25170,42880,2997,881,2116
B0103,09,198,District - Sant Ravidas Nagar (Bhadohi),Urban,Literate,142276,82830,59446,38960,35409,3551,8701,6628,2073,3756,3154,602,94615,40793,53822,9105,4987,4118
B0103,09,198,District - Sant Ravidas Nagar (Bhadohi),Urban,Literate but below matric/secondary,83748,46857,36891,18045,16239,1806,4545,3385,1160,1940,1610,330,61158,27233,33925,3874,2034,1840
B0103,09,198,District - Sant Ravidas Nagar (Bhadohi),Urban,Matric/secondary but below graduate,37140,22492,14648,11749,10985,764,2666,2093,573,1226,1041,185,22725,9414,13311,3354,1871,1483
B0103,09,198,District - Sant Ravidas Nagar (Bhadohi),Urban,Technical diploma or certificate not equal to degree,168,146,22,62,59,3,9,9,0,2,2,0,97,78,19,19,14,5
B0103,09,198,District - Sant Ravidas Nagar (Bhadohi),Urban,Graduate and above other than technical degree,13086,8282,4804,5915,5309,606,804,640,164,344,297,47,6367,2333,4034,1277,732,545
B0103,09,198,District - Sant Ravidas Nagar (Bhadohi),Urban,Technical degree or diploma equal to degree or post-graduate degree,1037,768,269,482,398,84,38,30,8,20,18,2,517,340,177,154,115,39
B0103,09,199,District - Mirzapur,Total,Total,2496970,1312302,1184668,537091,420679,116412,344905,192382,152523,160955,104784,56171,1614974,699241,915733,103931,51629,52302
B0103,09,199,District - Mirzapur,Total,Illiterate,1068287,446465,621822,185600,113241,72359,167548,64161,103387,76113,36138,39975,715139,269063,446076,26784,5359,21425
B0103,09,199,District - Mirzapur,Total,Literate,1428683,865837,562846,351491,307438,44053,177357,128221,49136,84842,68646,16196,899835,430178,469657,77147,46270,30877
B0103,09,199,District - Mirzapur,Total,Literate but below matric/secondary,910918,523415,387503,167938,144467,23471,106737,75120,31617,50978,40745,10233,636243,303828,332415,31036,16847,14189
B0103,09,199,District - Mirzapur,Total,Matric/secondary but below graduate,336380,218742,117638,106338,95534,10804,45447,34421,11026,21736,18086,3650,184595,88787,95808,29724,18740,10984
B0103,09,199,District - Mirzapur,Total,Technical diploma or certificate not equal to degree,4181,3884,297,1841,1768,73,403,384,19,215,207,8,1937,1732,205,577,535,42
B0103,09,199,District - Mirzapur,Total,Graduate and above other than technical degree,106426,74710,31716,49444,43778,5666,12919,10082,2837,6309,5237,1072,44063,20850,23213,11302,7303,3999
B0103,09,199,District - Mirzapur,Total,Technical degree or diploma equal to degree or post-graduate degree,9127,7217,1910,4455,3819,636,758,622,136,389,327,62,3914,2776,1138,1154,882,272
B0103,09,199,District - Mirzapur,Rural,Total,2149403,1127138,1022265,456348,352823,103525,313074,171079,141995,146705,94442,52263,1379981,603236,776745,84825,41241,43584
B0103,09,199,District - Mirzapur,Rural,Illiterate,947819,393285,554534,166769,99828,66941,157181,58656,98525,71517,33285,38232,623869,234801,389068,23129,4062,19067
B0103,09,199,District - Mirzapur,Rural,Literate,1201584,733853,467731,289579,252995,36584,155893,112423,43470,75188,61157,14031,756112,368435,387677,61696,37179,24517
B0103,09,199,District - Mirzapur,Rural,Literate but below matric/secondary,792442,457335,335107,143557,123241,20316,96022,67313,28709,46302,37094,9208,552863,266781,286082,25917,13991,11926
B0103,09,199,District - Mirzapur,Rural,Matric/secondary but below graduate,275528,182773,92755,88572,79514,9058,39495,29959,9536,19002,15963,3039,147461,73300,74161,23921,15235,8686
B0103,09,199,District - Mirzapur,Rural,Technical diploma or certificate not equal to degree,3421,3225,196,1496,1454,42,334,323,11,184,180,4,1591,1448,143,492,460,32
B0103,09,199,District - Mirzapur,Rural,Graduate and above other than technical degree,75600,55235,20365,35868,31762,4106,10166,8028,2138,5026,4257,769,29566,15445,14121,8071,5424,2647
B0103,09,199,District - Mirzapur,Rural,Technical degree or diploma equal to degree or post-graduate degree,6389,5235,1154,3123,2738,385,544,455,89,278,240,38,2722,2042,680,813,640,173
B0103,09,199,District - Mirzapur,Urban,Total,347567,185164,162403,80743,67856,12887,31831,21303,10528,14250,10342,3908,234993,96005,138988,19106,10388,8718
B0103,09,199,District - Mirzapur,Urban,Illiterate,120468,53180,67288,18831,13413,5418,10367,5505,4862,4596,2853,1743,91270,34262,57008,3655,1297,2358
B0103,09,199,District - Mirzapur,Urban,Literate,227099,131984,95115,61912,54443,7469,21464,15798,5666,9654,7489,2165,143723,61743,81980,15451,9091,6360
B0103,09,199,District - Mirzapur,Urban,Literate but below matric/secondary,118476,66080,52396,24381,21226,3155,10715,7807,2908,4676,3651,1025,83380,37047,46333,5119,2856,2263
B0103,09,199,District - Mirzapur,Urban,Matric/secondary but below graduate,60852,35969,24883,17766,16020,1746,5952,4462,1490,2734,2123,611,37134,15487,21647,5803,3505,2298
B0103,09,199,District - Mirzapur,Urban,Technical diploma or certificate not equal to degree,760,659,101,345,314,31,69,61,8,31,27,4,346,284,62,85,75,10
B0103,09,199,District - Mirzapur,Urban,Graduate and above other than technical degree,30826,19475,11351,13576,12016,1560,2753,2054,699,1283,980,303,14497,5405,9092,3231,1879,1352
B0103,09,199,District - Mirzapur,Urban,Technical degree or diploma equal to degree or post-graduate degree,2738,1982,756,1332,1081,251,214,167,47,111,87,24,1192,734,458,341,242,99
B0103,09,200,District - Sonbhadra,Total,Total,1862559,971344,891215,397196,293517,103679,333203,170094,163109,153947,94378,59569,1132160,507733,624427,63613,32237,31376
B0103,09,200,District - Sonbhadra,Total,Illiterate,876851,369356,507495,162804,89597,73207,187529,66730,120799,82946,37303,45643,526518,213029,313489,16816,3674,13142
B0103,09,200,District - Sonbhadra,Total,Literate,985708,601988,383720,234392,203920,30472,145674,103364,42310,71001,57075,13926,605642,294704,310938,46797,28563,18234
B0103,09,200,District - Sonbhadra,Total,Literate but below matric/secondary,667696,394412,273284,122017,104215,17802,100692,70845,29847,49057,39358,9699,444987,219352,225635,19396,10942,8454
B0103,09,200,District - Sonbhadra,Total,Matric/secondary but below graduate,195744,125639,70105,60541,54529,6012,26463,19230,7233,12891,10467,2424,108740,51880,56860,16373,10421,5952
B0103,09,200,District - Sonbhadra,Total,Technical diploma or certificate not equal to degree,5691,5289,402,3523,3390,133,286,265,21,143,132,11,1882,1634,248,671,607,64
B0103,09,200,District - Sonbhadra,Total,Graduate and above other than technical degree,65037,43129,21908,29741,26121,3620,7040,5365,1675,3547,2934,613,28256,11643,16613,7092,4413,2679
B0103,09,200,District - Sonbhadra,Total,Technical degree or diploma equal to degree or post-graduate degree,8067,6251,1816,4018,3540,478,459,367,92,243,202,41,3590,2344,1246,1257,947,310
B0103,09,200,District - Sonbhadra,Rural,Total,1548217,803345,744872,321407,226013,95394,319210,160641,158569,147863,89722,58141,907600,416691,490909,42306,19484,22822
B0103,09,200,District - Sonbhadra,Rural,Illiterate,795341,335248,460093,152878,82416,70462,183769,64804,118965,81530,36390,45140,458694,188028,270666,14674,3045,11629
B0103,09,200,District - Sonbhadra,Rural,Literate,752876,468097,284779,168529,143597,24932,135441,95837,39604,66333,53332,13001,448906,228663,220243,27632,16439,11193
B0103,09,200,District - Sonbhadra,Rural,Literate but below matric/secondary,565863,340766,225097,105034,88862,16172,96509,67744,28765,47244,37836,9408,364320,184160,180160,15071,8370,6701
B0103,09,200,District - Sonbhadra,Rural,Matric/secondary but below graduate,119295,79743,39552,35741,31218,4523,23108,16740,6368,11285,9196,2089,60446,31785,28661,8305,5178,3127
B0103,09,200,District - Sonbhadra,Rural,Technical diploma or certificate not equal to degree,1234,1155,79,528,510,18,143,137,6,76,72,4,563,508,55,153,143,10
B0103,09,200,District - Sonbhadra,Rural,Graduate and above other than technical degree,30780,22830,7950,15030,12969,2061,5485,4246,1239,2781,2364,417,10265,5615,4650,2525,1730,795
B0103,09,200,District - Sonbhadra,Rural,Technical degree or diploma equal to degree or post-graduate degree,2172,1798,374,1023,899,124,262,215,47,146,128,18,887,684,203,251,209,42
B0103,09,200,District - Sonbhadra,Urban,Total,314342,167999,146343,75789,67504,8285,13993,9453,4540,6084,4656,1428,224560,91042,133518,21307,12753,8554
B0103,09,200,District - Sonbhadra,Urban,Illiterate,81510,34108,47402,9926,7181,2745,3760,1926,1834,1416,913,503,67824,25001,42823,2142,629,1513
B0103,09,200,District - Sonbhadra,Urban,Literate,232832,133891,98941,65863,60323,5540,10233,7527,2706,4668,3743,925,156736,66041,90695,19165,12124,7041
B0103,09,200,District - Sonbhadra,Urban,Literate but below matric/secondary,101833,53646,48187,16983,15353,1630,4183,3101,1082,1813,1522,291,80667,35192,45475,4325,2572,1753
B0103,09,200,District - Sonbhadra,Urban,Matric/secondary but below graduate,76449,45896,30553,24800,23311,1489,3355,2490,865,1606,1271,335,48294,20095,28199,8068,5243,2825
B0103,09,200,District - Sonbhadra,Urban,Technical diploma or certificate not equal to degree,4457,4134,323,2995,2880,115,143,128,15,67,60,7,1319,1126,193,518,464,54
B0103,09,200,District - Sonbhadra,Urban,Graduate and above other than technical degree,34257,20299,13958,14711,13152,1559,1555,1119,436,766,570,196,17991,6028,11963,4567,2683,1884
B0103,09,200,District - Sonbhadra,Urban,Technical degree or diploma equal to degree or post-graduate degree,5895,4453,1442,2995,2641,354,197,152,45,97,74,23,2703,1660,1043,1006,738,268
B0103,09,201,District - Etah,Total,Total,1774480,947339,827141,415476,362371,53105,130508,77873,52635,54477,43107,11370,1228496,507095,721401,69363,37314,32049
B0103,09,201,District - Etah,Total,Illiterate,719278,300297,418981,113109,85328,27781,48655,19450,29205,16135,10749,5386,557514,195519,361995,15496,4273,11223
B0103,09,201,District - Etah,Total,Literate,1055202,647042,408160,302367,277043,25324,81853,58423,23430,38342,32358,5984,670982,311576,359406,53867,33041,20826
B0103,09,201,District - Etah,Total,Literate but below matric/secondary,666534,380075,286459,139751,126492,13259,45663,30446,15217,19825,16543,3282,481120,223137,257983,21858,12124,9734
B0103,09,201,District - Etah,Total,Matric/secondary but below graduate,274948,190501,84447,109955,103651,6304,25160,19658,5502,12948,11249,1699,139833,67192,72641,21807,14517,7290
B0103,09,201,District - Etah,Total,Technical diploma or certificate not equal to degree,1150,1064,86,537,522,15,127,120,7,75,73,2,486,422,64,140,128,12
B0103,09,201,District - Etah,Total,Graduate and above other than technical degree,69460,48289,21171,34498,31048,3450,6083,4766,1317,3311,2727,584,28879,12475,16404,7225,4523,2702
B0103,09,201,District - Etah,Total,Technical degree or diploma equal to degree or post-graduate degree,7026,5351,1675,3543,3031,512,481,389,92,285,234,51,3002,1931,1071,990,727,263
B0103,09,201,District - Etah,Rural,Total,1506338,805589,700749,355311,309686,45625,115557,66832,48725,46864,37016,9848,1035470,429071,606399,53931,28761,25170
B0103,09,201,District - Etah,Rural,Illiterate,628622,259003,369619,100872,75385,25487,44138,16491,27647,13938,9046,4892,483612,167127,316485,12937,3074,9863
B0103,09,201,District - Etah,Rural,Literate,877716,546586,331130,254439,234301,20138,71419,50341,21078,32926,27970,4956,551858,261944,289914,40994,25687,15307
B0103,09,201,District - Etah,Rural,Literate but below matric/secondary,581684,334102,247582,124818,113077,11741,41276,27005,14271,17666,14707,2959,415590,194020,221570,18189,10043,8146
B0103,09,201,District - Etah,Rural,Matric/secondary but below graduate,222141,160124,62017,94347,89332,5015,21879,17036,4843,11219,9837,1382,105915,53756,52159,16665,11494,5171
B0103,09,201,District - Etah,Rural,Technical diploma or certificate not equal to degree,852,800,52,399,392,7,94,90,4,54,54,0,359,318,41,108,100,8
B0103,09,201,District - Etah,Rural,Graduate and above other than technical degree,40437,30700,9737,21139,19429,1710,4271,3445,826,2332,2016,316,15027,7826,7201,4161,2901,1260
B0103,09,201,District - Etah,Rural,Technical degree or diploma equal to degree or post-graduate degree,3289,2716,573,1738,1562,176,278,231,47,152,129,23,1273,923,350,440,354,86
B0103,09,201,District - Etah,Urban,Total,268142,141750,126392,60165,52685,7480,14951,11041,3910,7613,6091,1522,193026,78024,115002,15432,8553,6879
B0103,09,201,District - Etah,Urban,Illiterate,90656,41294,49362,12237,9943,2294,4517,2959,1558,2197,1703,494,73902,28392,45510,2559,1199,1360
B0103,09,201,District - Etah,Urban,Literate,177486,100456,77030,47928,42742,5186,10434,8082,2352,5416,4388,1028,119124,49632,69492,12873,7354,5519
B0103,09,201,District - Etah,Urban,Literate but below matric/secondary,84850,45973,38877,14933,13415,1518,4387,3441,946,2159,1836,323,65530,29117,36413,3669,2081,1588
B0103,09,201,District - Etah,Urban,Matric/secondary but below graduate,52807,30377,22430,15608,14319,1289,3281,2622,659,1729,1412,317,33918,13436,20482,5142,3023,2119
B0103,09,201,District - Etah,Urban,Technical diploma or certificate not equal to degree,298,264,34,138,130,8,33,30,3,21,19,2,127,104,23,32,28,4
B0103,09,201,District - Etah,Urban,Graduate and above other than technical degree,29023,17589,11434,13359,11619,1740,1812,1321,491,979,711,268,13852,4649,9203,3064,1622,1442
B0103,09,201,District - Etah,Urban,Technical degree or diploma equal to degree or post-graduate degree,3737,2635,1102,1805,1469,336,203,158,45,133,105,28,1729,1008,721,550,373,177
B0103,09,202,District - Kanshiram Nagar,Total,Total,1436719,764165,672554,354257,315043,39214,118508,60170,58338,37184,30259,6925,963954,388952,575002,36815,19018,17797
B0103,09,202,District - Kanshiram Nagar,Total,Illiterate,711869,311362,400507,134126,108268,25858,59935,20267,39668,14973,10507,4466,517808,182827,334981,10845,3486,7359
B0103,09,202,District - Kanshiram Nagar,Total,Literate,724850,452803,272047,220131,206775,13356,58573,39903,18670,22211,19752,2459,446146,206125,240021,25970,15532,10438
B0103,09,202,District - Kanshiram Nagar,Total,Literate but below matric/secondary,502967,300935,202032,123012,115467,7545,38974,25123,13851,13585,12063,1522,340981,160345,180636,10648,6313,4335
B0103,09,202,District - Kanshiram Nagar,Total,Matric/secondary but below graduate,149064,103123,45941,61448,58711,2737,13305,10220,3085,5935,5331,604,74311,34192,40119,10054,6247,3807
B0103,09,202,District - Kanshiram Nagar,Total,Technical diploma or certificate not equal to degree,683,640,43,306,298,8,61,59,2,35,34,1,316,283,33,112,107,5
B0103,09,202,District - Kanshiram Nagar,Total,Graduate and above other than technical degree,37842,25694,12148,20138,18340,1798,2504,2029,475,1249,1086,163,15200,5325,9875,3658,1961,1697
B0103,09,202,District - Kanshiram Nagar,Total,Technical degree or diploma equal to degree or post-graduate degree,3750,2862,888,2162,1853,309,205,170,35,95,83,12,1383,839,544,482,334,148
B0103,09,202,District - Kanshiram Nagar,Rural,Total,1148512,612556,535956,287146,256909,30237,101924,47633,54291,29981,24112,5869,759442,308014,451428,22373,11472,10901
B0103,09,202,District - Kanshiram Nagar,Rural,Illiterate,582984,251994,330990,111790,90909,20881,52192,15014,37178,11840,7952,3888,419002,146071,272931,7013,1845,5168
B0103,09,202,District - Kanshiram Nagar,Rural,Literate,565528,360562,204966,175356,166000,9356,49732,32619,17113,18141,16160,1981,340440,161943,178497,15360,9627,5733
B0103,09,202,District - Kanshiram Nagar,Rural,Literate but below matric/secondary,417887,252891,164996,105459,99529,5930,34376,21382,12994,11429,10124,1305,278052,131980,146072,7525,4509,3016
B0103,09,202,District - Kanshiram Nagar,Rural,Matric/secondary but below graduate,106442,78053,28389,48277,46388,1889,10861,8179,2682,4800,4340,460,47304,23486,23818,5791,3834,1957
B0103,09,202,District - Kanshiram Nagar,Rural,Technical diploma or certificate not equal to degree,468,457,11,199,198,1,58,56,2,34,33,1,211,203,8,77,75,2
B0103,09,202,District - Kanshiram Nagar,Rural,Graduate and above other than technical degree,17956,13778,4178,10992,10163,829,1552,1233,319,847,766,81,5412,2382,3030,1343,826,517
B0103,09,202,District - Kanshiram Nagar,Rural,Technical degree or diploma equal to degree or post-graduate degree,1517,1271,246,941,849,92,117,99,18,58,54,4,459,323,136,151,119,32
B0103,09,202,District - Kanshiram Nagar,Urban,Total,288207,151609,136598,67111,58134,8977,16584,12537,4047,7203,6147,1056,204512,80938,123574,14442,7546,6896
B0103,09,202,District - Kanshiram Nagar,Urban,Illiterate,128885,59368,69517,22336,17359,4977,7743,5253,2490,3133,2555,578,98806,36756,62050,3832,1641,2191
B0103,09,202,District - Kanshiram Nagar,Urban,Literate,159322,92241,67081,44775,40775,4000,8841,7284,1557,4070,3592,478,105706,44182,61524,10610,5905,4705
B0103,09,202,District - Kanshiram Nagar,Urban,Literate but below matric/secondary,85080,48044,37036,17553,15938,1615,4598,3741,857,2156,1939,217,62929,28365,34564,3123,1804,1319
B0103,09,202,District - Kanshiram Nagar,Urban,Matric/secondary but below graduate,42622,25070,17552,13171,12323,848,2444,2041,403,1135,991,144,27007,10706,16301,4263,2413,1850
B0103,09,202,District - Kanshiram Nagar,Urban,Technical diploma or certificate not equal to degree,215,183,32,107,100,7,3,3,0,1,1,0,105,80,25,35,32,3
B0103,09,202,District - Kanshiram Nagar,Urban,Graduate and above other than technical degree,19886,11916,7970,9146,8177,969,952,796,156,402,320,82,9788,2943,6845,2315,1135,1180
B0103,09,202,District - Kanshiram Nagar,Urban,Technical degree or diploma equal to degree or post-graduate degree,2233,1591,642,1221,1004,217,88,71,17,37,29,8,924,516,408,331,215,116
B0103,10,203,District - Pashchim Champaran,Total,Total,3935042,2061110,1873932,797544,627289,170255,681403,371993,309410,349482,234040,115442,2456095,1061828,1394267,127826,57922,69904
B0103,10,203,District - Pashchim Champaran,Total,Illiterate,2175561,969884,1205677,385067,261088,123979,409913,172591,237322,199194,109222,89972,1380581,536205,844376,48987,11915,37072
B0103,10,203,District - Pashchim Champaran,Total,Literate,1759481,1091226,668255,412477,366201,46276,271490,199402,72088,150288,124818,25470,1075514,525623,549891,78839,46007,32832
B0103,10,203,District - Pashchim Champaran,Total,Literate but below matric/secondary,1328648,799917,528731,253672,226203,27469,193611,141283,52328,107144,89119,18025,881365,432431,448934,41981,23032,18949
B0103,10,203,District - Pashchim Champaran,Total,Matric/secondary but below graduate,249579,170975,78604,87924,78799,9125,39227,31821,7406,22611,19835,2776,122428,60355,62073,24184,15165,9019
B0103,10,203,District - Pashchim Champaran,Total,Technical diploma or certificate not equal to degree,812,713,99,369,348,21,90,82,8,54,52,2,353,283,70,97,85,12
B0103,10,203,District - Pashchim Champaran,Total,Graduate and above other than technical degree,58638,45801,12837,30956,28211,2745,7026,6184,842,4194,3837,357,20656,11406,9250,6627,4551,2076
B0103,10,203,District - Pashchim Champaran,Total,Technical degree or diploma equal to degree or post-graduate degree,5755,4790,965,2866,2534,332,392,331,61,219,199,20,2497,1925,572,850,681,169
B0103,10,203,District - Pashchim Champaran,Rural,Total,3541877,1853809,1688068,713435,553533,159902,653643,351409,302234,333490,220865,112625,2174799,948867,1225932,105481,46803,58678
B0103,10,203,District - Pashchim Champaran,Rural,Illiterate,2016473,897416,1119057,361566,242184,119382,396980,164579,232401,192218,104003,88215,1257927,490653,767274,43949,10493,33456
B0103,10,203,District - Pashchim Champaran,Rural,Literate,1525404,956393,569011,351869,311349,40520,256663,186830,69833,141272,116862,24410,916872,458214,458658,61532,36310,25222
B0103,10,203,District - Pashchim Champaran,Rural,Literate but below matric/secondary,1188060,722855,465205,227472,201934,25538,184619,133622,50997,101612,84158,17454,775969,387299,388670,36195,20108,16087
B0103,10,203,District - Pashchim Champaran,Rural,Matric/secondary but below graduate,191492,137086,54406,69683,62564,7119,35844,28973,6871,20531,18044,2487,85965,45549,40416,16992,11124,5868
B0103,10,203,District - Pashchim Champaran,Rural,Technical diploma or certificate not equal to degree,603,544,59,274,262,12,73,66,7,47,45,2,256,216,40,62,56,6
B0103,10,203,District - Pashchim Champaran,Rural,Graduate and above other than technical degree,36266,29831,6435,19430,17941,1489,5780,5128,652,3475,3230,245,11056,6762,4294,3532,2567,965
B0103,10,203,District - Pashchim Champaran,Rural,Technical degree or diploma equal to degree or post-graduate degree,3051,2648,403,1496,1370,126,298,251,47,166,154,12,1257,1027,230,397,331,66
B0103,10,203,District - Pashchim Champaran,Urban,Total,393165,207301,185864,84109,73756,10353,27760,20584,7176,15992,13175,2817,281296,112961,168335,22345,11119,11226
B0103,10,203,District - Pashchim Champaran,Urban,Illiterate,159088,72468,86620,23501,18904,4597,12933,8012,4921,6976,5219,1757,122654,45552,77102,5038,1422,3616
B0103,10,203,District - Pashchim Champaran,Urban,Literate,234077,134833,99244,60608,54852,5756,14827,12572,2255,9016,7956,1060,158642,67409,91233,17307,9697,7610
B0103,10,203,District - Pashchim Champaran,Urban,Literate but below matric/secondary,140588,77062,63526,26200,24269,1931,8992,7661,1331,5532,4961,571,105396,45132,60264,5786,2924,2862
B0103,10,203,District - Pashchim Champaran,Urban,Matric/secondary but below graduate,58087,33889,24198,18241,16235,2006,3383,2848,535,2080,1791,289,36463,14806,21657,7192,4041,3151
B0103,10,203,District - Pashchim Champaran,Urban,Technical diploma or certificate not equal to degree,209,169,40,95,86,9,17,16,1,7,7,0,97,67,30,35,29,6
B0103,10,203,District - Pashchim Champaran,Urban,Graduate and above other than technical degree,22372,15970,6402,11526,10270,1256,1246,1056,190,719,607,112,9600,4644,4956,3095,1984,1111
B0103,10,203,District - Pashchim Champaran,Urban,Technical degree or diploma equal to degree or post-graduate degree,2704,2142,562,1370,1164,206,94,80,14,53,45,8,1240,898,342,453,350,103
B0103,10,204,District - Purba Champaran,Total,Total,5099371,2681209,2418162,1132789,923468,209321,604750,337306,267444,288463,201078,87385,3361832,1420435,1941397,173663,76425,97238
B0103,10,204,District - Purba Champaran,Total,Illiterate,2822414,1273606,1548808,551436,399769,151667,367350,159565,207785,163180,94880,68300,1903628,714272,1189356,68185,15937,52248
B0103,10,204,District - Purba Champaran,Total,Literate,2276957,1407603,869354,581353,523699,57654,237400,177741,59659,125283,106198,19085,1458204,706163,752041,105478,60488,44990
B0103,10,204,District - Purba Champaran,Total,Literate but below matric/secondary,1662939,990597,672342,334779,303888,30891,159732,118132,41600,83442,70510,12932,1168428,568577,599851,54295,28995,25300
B0103,10,204,District - Purba Champaran,Total,Matric/secondary but below graduate,381705,258922,122783,145836,131710,14126,44307,36013,8294,24670,21733,2937,191562,91199,100363,35401,21523,13878
B0103,10,204,District - Purba Champaran,Total,Technical diploma or certificate not equal to degree,885,775,110,432,414,18,80,70,10,52,49,3,373,291,82,123,102,21
B0103,10,204,District - Purba Champaran,Total,Graduate and above other than technical degree,81971,64157,17814,45694,41786,3908,7386,6476,910,4131,3738,393,28891,15895,12996,8340,5707,2633
B0103,10,204,District - Purba Champaran,Total,Technical degree or diploma equal to degree or post-graduate degree,7477,6353,1124,3755,3402,353,406,348,58,219,190,29,3316,2603,713,1062,891,171
B0103,10,204,District - Purba Champaran,Rural,Total,4698028,2468181,2229847,1042494,843567,198927,582069,321942,260127,276260,191576,84684,3073465,1302672,1770793,151619,65450,86169
B0103,10,204,District - Purba Champaran,Rural,Illiterate,2659248,1198281,1460967,525373,378438,146935,356980,154099,202881,157853,91303,66550,1776895,665744,1111151,63244,14451,48793
B0103,10,204,District - Purba Champaran,Rural,Literate,2038780,1269900,768880,517121,465129,51992,225089,167843,57246,118407,100273,18134,1296570,636928,659642,88375,50999,37376
B0103,10,204,District - Purba Champaran,Rural,Literate but below matric/secondary,1526279,915485,610794,308860,279687,29173,152996,112718,40278,79585,67171,12414,1064423,523080,541343,48103,25837,22266
B0103,10,204,District - Purba Champaran,Rural,Matric/secondary but below graduate,320094,223503,96591,126419,114269,12150,41130,33404,7726,22929,20221,2708,152545,75830,76715,28582,17770,10812
B0103,10,204,District - Purba Champaran,Rural,Technical diploma or certificate not equal to degree,643,564,79,302,291,11,69,62,7,46,43,3,272,211,61,92,78,14
B0103,10,204,District - Purba Champaran,Rural,Graduate and above other than technical degree,55829,45666,10163,32083,29560,2523,6138,5432,706,3463,3172,291,17608,10674,6934,5327,3865,1462
B0103,10,204,District - Purba Champaran,Rural,Technical degree or diploma equal to degree or post-graduate degree,4220,3673,547,2124,1963,161,286,249,37,152,135,17,1810,1461,349,591,508,83
B0103,10,204,District - Purba Champaran,Urban,Total,401343,213028,188315,90295,79901,10394,22681,15364,7317,12203,9502,2701,288367,117763,170604,22044,10975,11069
B0103,10,204,District - Purba Champaran,Urban,Illiterate,163166,75325,87841,26063,21331,4732,10370,5466,4904,5327,3577,1750,126733,48528,78205,4941,1486,3455
B0103,10,204,District - Purba Champaran,Urban,Literate,238177,137703,100474,64232,58570,5662,12311,9898,2413,6876,5925,951,161634,69235,92399,17103,9489,7614
B0103,10,204,District - Purba Champaran,Urban,Literate but below matric/secondary,136660,75112,61548,25919,24201,1718,6736,5414,1322,3857,3339,518,104005,45497,58508,6192,3158,3034
B0103,10,204,District - Purba Champaran,Urban,Matric/secondary but below graduate,61611,35419,26192,19417,17441,1976,3177,2609,568,1741,1512,229,39017,15369,23648,6819,3753,3066
B0103,10,204,District - Purba Champaran,Urban,Technical diploma or certificate not equal to degree,242,211,31,130,123,7,11,8,3,6,6,0,101,80,21,31,24,7
B0103,10,204,District - Purba Champaran,Urban,Graduate and above other than technical degree,26142,18491,7651,13611,12226,1385,1248,1044,204,668,566,102,11283,5221,6062,3013,1842,1171
B0103,10,204,District - Purba Champaran,Urban,Technical degree or diploma equal to degree or post-graduate degree,3257,2680,577,1631,1439,192,120,99,21,67,55,12,1506,1142,364,471,383,88
B0103,10,205,District - Sheohar,Total,Total,656246,346673,309573,137804,116164,21640,78568,50529,28039,39205,30239,8966,439874,179980,259894,23995,9404,14591
B0103,10,205,District - Sheohar,Total,Illiterate,372548,175028,197520,69334,54623,14711,46838,26371,20467,22816,16230,6586,256376,94034,162342,11205,2635,8570
B0103,10,205,District - Sheohar,Total,Literate,283698,171645,112053,68470,61541,6929,31730,24158,7572,16389,14009,2380,183498,85946,97552,12790,6769,6021
B0103,10,205,District - Sheohar,Total,Literate but below matric/secondary,197268,114914,82354,35766,32366,3400,18733,14211,4522,9925,8487,1438,142769,68337,74432,6521,3276,3245
B0103,10,205,District - Sheohar,Total,Matric/secondary but below graduate,42944,29029,13915,16213,14632,1581,5696,4683,1013,2978,2635,343,21035,9714,11321,3732,2171,1561
B0103,10,205,District - Sheohar,Total,Technical diploma or certificate not equal to degree,96,85,11,38,38,0,13,12,1,6,5,1,45,35,10,9,8,1
B0103,10,205,District - Sheohar,Total,Graduate and above other than technical degree,8953,7125,1828,4863,4447,416,1133,1018,115,531,488,43,2957,1660,1297,808,546,262
B0103,10,205,District - Sheohar,Total,Technical degree or diploma equal to degree or post-graduate degree,790,672,118,424,386,38,59,54,5,31,28,3,307,232,75,93,75,18
B0103,10,205,District - Sheohar,Rural,Total,628130,331792,296338,131421,110657,20764,76927,49340,27587,38567,29708,8859,419782,171795,247987,22135,8729,13406
B0103,10,205,District - Sheohar,Rural,Illiterate,358507,168631,189876,66764,52623,14141,46043,25898,20145,22555,16036,6519,245700,90110,155590,10457,2429,8028
B0103,10,205,District - Sheohar,Rural,Literate,269623,163161,106462,64657,58034,6623,30884,23442,7442,16012,13672,2340,174082,81685,92397,11678,6300,5378
B0103,10,205,District - Sheohar,Rural,Literate but below matric/secondary,187644,109372,78272,33831,30557,3274,18218,13787,4431,9698,8288,1410,135595,65028,70567,5938,3058,2880
B0103,10,205,District - Sheohar,Rural,Matric/secondary but below graduate,40061,27154,12907,15081,13608,1473,5490,4493,997,2880,2542,338,19490,9053,10437,3345,1987,1358
B0103,10,205,District - Sheohar,Rural,Technical diploma or certificate not equal to degree,91,80,11,35,35,0,13,12,1,6,5,1,43,33,10,9,8,1
B0103,10,205,District - Sheohar,Rural,Graduate and above other than technical degree,8250,6599,1651,4470,4097,373,1075,968,107,504,464,40,2705,1534,1171,735,508,227
B0103,10,205,District - Sheohar,Rural,Technical degree or diploma equal to degree or post-graduate degree,709,597,112,375,341,34,59,54,5,31,28,3,275,202,73,83,65,18
B0103,10,205,District - Sheohar,Urban,Total,28116,14881,13235,6383,5507,876,1641,1189,452,638,531,107,20092,8185,11907,1860,675,1185
B0103,10,205,District - Sheohar,Urban,Illiterate,14041,6397,7644,2570,2000,570,795,473,322,261,194,67,10676,3924,6752,748,206,542
B0103,10,205,District - Sheohar,Urban,Literate,14075,8484,5591,3813,3507,306,846,716,130,377,337,40,9416,4261,5155,1112,469,643
B0103,10,205,District - Sheohar,Urban,Literate but below matric/secondary,9624,5542,4082,1935,1809,126,515,424,91,227,199,28,7174,3309,3865,583,218,365
B0103,10,205,District - Sheohar,Urban,Matric/secondary but below graduate,2883,1875,1008,1132,1024,108,206,190,16,98,93,5,1545,661,884,387,184,203
B0103,10,205,District - Sheohar,Urban,Technical diploma or certificate not equal to degree,5,5,0,3,3,0,0,0,0,0,0,0,2,2,0,0,0,0
B0103,10,205,District - Sheohar,Urban,Graduate and above other than technical degree,703,526,177,393,350,43,58,50,8,27,24,3,252,126,126,73,38,35
B0103,10,205,District - Sheohar,Urban,Technical degree or diploma equal to degree or post-graduate degree,81,75,6,49,45,4,0,0,0,0,0,0,32,30,2,10,10,0
B0103,10,206,District - Sitamarhi,Total,Total,3423574,1803252,1620322,753645,645469,108176,360938,220460,140478,188319,139463,48856,2308991,937323,1371668,122474,51405,71069
B0103,10,206,District - Sitamarhi,Total,Illiterate,1986780,918064,1068716,377398,301163,76235,222993,116410,106583,112113,74551,37562,1386389,500491,885898,53634,13214,40420
B0103,10,206,District - Sitamarhi,Total,Literate,1436794,885188,551606,376247,344306,31941,137945,104050,33895,76206,64912,11294,922602,436832,485770,68840,38191,30649
B0103,10,206,District - Sitamarhi,Total,Literate but below matric/secondary,1025977,610435,415542,211814,196193,15621,89545,67097,22448,48808,41941,6867,724618,347145,377473,33665,17354,16311
B0103,10,206,District - Sitamarhi,Total,Matric/secondary but below graduate,236701,157302,79399,90512,82381,8131,24825,19695,5130,14207,12317,1890,121364,55226,66138,22744,13323,9421
B0103,10,206,District - Sitamarhi,Total,Technical diploma or certificate not equal to degree,550,449,101,286,258,28,60,52,8,32,30,2,204,139,65,54,42,12
B0103,10,206,District - Sitamarhi,Total,Graduate and above other than technical degree,61460,46963,14497,33627,30632,2995,5412,4630,782,3172,2812,360,22421,11701,10720,6620,4302,2318
B0103,10,206,District - Sitamarhi,Total,Technical degree or diploma equal to degree or post-graduate degree,5737,4683,1054,2982,2681,301,346,297,49,204,174,30,2409,1705,704,842,652,190
B0103,10,206,District - Sitamarhi,Rural,Total,3233076,1701685,1531391,707323,604619,102704,351039,213965,137074,183864,136194,47670,2174714,883101,1291613,112799,46253,66546
B0103,10,206,District - Sitamarhi,Rural,Illiterate,1912107,883493,1028614,364395,290535,73860,218848,114214,104634,110506,73517,36989,1328864,478744,850120,51885,12601,39284
B0103,10,206,District - Sitamarhi,Rural,Literate,1320969,818192,502777,342928,314084,28844,132191,99751,32440,73358,62677,10681,845850,404357,441493,60914,33652,27262
B0103,10,206,District - Sitamarhi,Rural,Literate but below matric/secondary,962741,575984,386757,199055,184418,14637,86953,65144,21809,47671,40985,6686,676733,326422,350311,31536,16253,15283
B0103,10,206,District - Sitamarhi,Rural,Matric/secondary but below graduate,206250,139903,66347,80592,73409,7183,23247,18556,4691,13389,11726,1663,102411,47938,54473,19463,11487,7976
B0103,10,206,District - Sitamarhi,Rural,Technical diploma or certificate not equal to degree,453,371,82,246,219,27,53,47,6,26,25,1,154,105,49,37,31,6
B0103,10,206,District - Sitamarhi,Rural,Graduate and above other than technical degree,46519,36464,10055,25835,23638,2197,4593,3997,596,2701,2455,246,16091,8829,7262,4750,3129,1621
B0103,10,206,District - Sitamarhi,Rural,Technical degree or diploma equal to degree or post-graduate degree,3903,3222,681,2042,1846,196,264,227,37,153,132,21,1597,1149,448,547,424,123
B0103,10,206,District - Sitamarhi,Urban,Total,190498,101567,88931,46322,40850,5472,9899,6495,3404,4455,3269,1186,134277,54222,80055,9675,5152,4523
B0103,10,206,District - Sitamarhi,Urban,Illiterate,74673,34571,40102,13003,10628,2375,4145,2196,1949,1607,1034,573,57525,21747,35778,1749,613,1136
B0103,10,206,District - Sitamarhi,Urban,Literate,115825,66996,48829,33319,30222,3097,5754,4299,1455,2848,2235,613,76752,32475,44277,7926,4539,3387
B0103,10,206,District - Sitamarhi,Urban,Literate but below matric/secondary,63236,34451,28785,12759,11775,984,2592,1953,639,1137,956,181,47885,20723,27162,2129,1101,1028
B0103,10,206,District - Sitamarhi,Urban,Matric/secondary but below graduate,30451,17399,13052,9920,8972,948,1578,1139,439,818,591,227,18953,7288,11665,3281,1836,1445
B0103,10,206,District - Sitamarhi,Urban,Technical diploma or certificate not equal to degree,97,78,19,40,39,1,7,5,2,6,5,1,50,34,16,17,11,6
B0103,10,206,District - Sitamarhi,Urban,Graduate and above other than technical degree,14941,10499,4442,7792,6994,798,819,633,186,471,357,114,6330,2872,3458,1870,1173,697
B0103,10,206,District - Sitamarhi,Urban,Technical degree or diploma equal to degree or post-graduate degree,1834,1461,373,940,835,105,82,70,12,51,42,9,812,556,256,295,228,67
B0103,10,207,District - Madhubani,Total,Total,4487379,2329313,2158066,1074091,819625,254466,562847,286322,276525,277592,179780,97812,2850441,1223366,1627075,179365,80900,98465
B0103,10,207,District - Madhubani,Total,Illiterate,2332041,989228,1342813,493259,310876,182383,322926,118474,204452,148912,75374,73538,1515856,559878,955978,67242,15135,52107
B0103,10,207,District - Madhubani,Total,Literate,2155338,1340085,815253,580832,508749,72083,239921,167848,72073,128680,104406,24274,1334585,663488,671097,112123,65765,46358
B0103,10,207,District - Madhubani,Total,Literate but below matric/secondary,1469356,863345,606011,297423,259227,38196,144832,98888,45944,76030,61431,14599,1027101,505230,521871,51414,26922,24492
B0103,10,207,District - Madhubani,Total,Matric/secondary but below graduate,406215,280195,126020,154835,136813,18022,53764,39551,14213,30028,24849,5179,197616,103831,93785,38919,24574,14345
B0103,10,207,District - Madhubani,Total,Technical diploma or certificate not equal to degree,754,671,83,332,312,20,83,71,12,49,46,3,339,288,51,86,77,9
B0103,10,207,District - Madhubani,Total,Graduate and above other than technical degree,120013,96489,23524,65126,59800,5326,14403,12089,2314,8325,7386,939,40484,24600,15884,12744,9151,3593
B0103,10,207,District - Madhubani,Total,Technical degree or diploma equal to degree or post-graduate degree,10074,8712,1362,5473,5028,445,859,736,123,493,447,46,3742,2948,794,1340,1100,240
B0103,10,207,District - Madhubani,Rural,Total,4325884,2244287,2081597,1036255,787887,248368,550885,279067,271818,271640,175516,96124,2738744,1177333,1561411,169620,75916,93704
B0103,10,207,District - Madhubani,Rural,Illiterate,2266989,960662,1306327,482745,303329,179416,317729,115924,201805,146210,73767,72443,1466515,541409,925106,65249,14497,50752
B0103,10,207,District - Madhubani,Rural,Literate,2058895,1283625,775270,553510,484558,68952,233156,163143,70013,125430,101749,23681,1272229,635924,636305,104371,61419,42952
B0103,10,207,District - Madhubani,Rural,Literate but below matric/secondary,1419102,835778,583324,288183,250948,37235,141583,96682,44901,74527,60201,14326,989336,488148,501188,49107,25675,23432
B0103,10,207,District - Madhubani,Rural,Matric/secondary but below graduate,381061,265540,115521,146646,129617,17029,51952,38322,13630,29129,24132,4997,182463,97601,84862,35814,22858,12956
B0103,10,207,District - Madhubani,Rural,Technical diploma or certificate not equal to degree,697,625,72,308,291,17,74,63,11,44,41,3,315,271,44,80,72,8
B0103,10,207,District - Madhubani,Rural,Graduate and above other than technical degree,107070,87201,19869,58257,53685,4572,13484,11361,2123,7840,6967,873,35329,22155,13174,11070,8164,2906
B0103,10,207,District - Madhubani,Rural,Technical degree or diploma equal to degree or post-graduate degree,8336,7311,1025,4495,4170,325,748,648,100,451,412,39,3093,2493,600,1097,923,174
B0103,10,207,District - Madhubani,Urban,Total,161495,85026,76469,37836,31738,6098,11962,7255,4707,5952,4264,1688,111697,46033,65664,9745,4984,4761
B0103,10,207,District - Madhubani,Urban,Illiterate,65052,28566,36486,10514,7547,2967,5197,2550,2647,2702,1607,1095,49341,18469,30872,1993,638,1355
B0103,10,207,District - Madhubani,Urban,Literate,96443,56460,39983,27322,24191,3131,6765,4705,2060,3250,2657,593,62356,27564,34792,7752,4346,3406
B0103,10,207,District - Madhubani,Urban,Literate but below matric/secondary,50254,27567,22687,9240,8279,961,3249,2206,1043,1503,1230,273,37765,17082,20683,2307,1247,1060
B0103,10,207,District - Madhubani,Urban,Matric/secondary but below graduate,25154,14655,10499,8189,7196,993,1812,1229,583,899,717,182,15153,6230,8923,3105,1716,1389
B0103,10,207,District - Madhubani,Urban,Technical diploma or certificate not equal to degree,57,46,11,24,21,3,9,8,1,5,5,0,24,17,7,6,5,1
B0103,10,207,District - Madhubani,Urban,Graduate and above other than technical degree,12943,9288,3655,6869,6115,754,919,728,191,485,419,66,5155,2445,2710,1674,987,687
B0103,10,207,District - Madhubani,Urban,Technical degree or diploma equal to degree or post-graduate degree,1738,1401,337,978,858,120,111,88,23,42,35,7,649,455,194,243,177,66
B0103,10,208,District - Supaul,Total,Total,2229076,1155283,1073793,472649,356247,116402,405033,195471,209562,198727,124028,74699,1351394,603565,747829,67127,28846,38281
B0103,10,208,District - Supaul,Total,Illiterate,1195793,507611,688182,219963,136568,83395,244930,85266,159664,113599,55692,57907,730900,285777,445123,25274,4858,20416
B0103,10,208,District - Supaul,Total,Literate,1033283,647672,385611,252686,219679,33007,160103,110205,49898,85128,68336,16792,620494,317788,302706,41853,23988,17865
B0103,10,208,District - Supaul,Total,Literate but below matric/secondary,753516,457199,296317,141521,124277,17244,104513,72899,31614,55274,44969,10305,507482,260023,247459,20613,11070,9543
B0103,10,208,District - Supaul,Total,Matric/secondary but below graduate,155958,108804,47154,58091,50630,7461,27146,19906,7240,15088,12544,2544,70721,38268,32453,14092,8792,5300
B0103,10,208,District - Supaul,Total,Technical diploma or certificate not equal to degree,324,290,34,151,145,6,37,30,7,17,16,1,136,115,21,34,30,4
B0103,10,208,District - Supaul,Total,Graduate and above other than technical degree,34838,28566,6272,19848,18301,1547,4748,4130,618,2799,2576,223,10242,6135,4107,3419,2414,1005
B0103,10,208,District - Supaul,Total,Technical degree or diploma equal to degree or post-graduate degree,2824,2469,355,1590,1473,117,189,153,36,107,96,11,1045,843,202,372,295,77
B0103,10,208,District - Supaul,Rural,Total,2123518,1099495,1024023,450346,336297,114049,397181,190245,206936,194571,120813,73758,1275991,572953,703038,61478,25900,35578
B0103,10,208,District - Supaul,Rural,Illiterate,1154174,489507,664667,214148,131813,82335,241210,83348,157862,111606,54406,57200,698816,274346,424470,24261,4581,19680
B0103,10,208,District - Supaul,Rural,Literate,969344,609988,359356,236198,204484,31714,155971,106897,49074,82965,66407,16558,577175,298607,278568,37217,21319,15898
B0103,10,208,District - Supaul,Rural,Literate but below matric/secondary,716650,436884,279766,135357,118503,16854,102083,70959,31124,54032,43848,10184,479210,247422,231788,19203,10318,8885
B0103,10,208,District - Supaul,Rural,Matric/secondary but below graduate,139520,98891,40629,52903,45891,7012,26170,19132,7038,14557,12076,2481,60447,33868,26579,12152,7674,4478
B0103,10,208,District - Supaul,Rural,Technical diploma or certificate not equal to degree,236,209,27,103,97,6,35,28,7,17,16,1,98,84,14,23,21,2
B0103,10,208,District - Supaul,Rural,Graduate and above other than technical degree,28001,23520,4481,16148,14921,1227,4364,3803,561,2593,2391,202,7489,4796,2693,2446,1801,645
B0103,10,208,District - Supaul,Rural,Technical degree or diploma equal to degree or post-graduate degree,2001,1758,243,1136,1057,79,167,136,31,91,83,8,698,565,133,241,199,42
B0103,10,208,District - Supaul,Urban,Total,105558,55788,49770,22303,19950,2353,7852,5226,2626,4156,3215,941,75403,30612,44791,5649,2946,2703
B0103,10,208,District - Supaul,Urban,Illiterate,41619,18104,23515,5815,4755,1060,3720,1918,1802,1993,1286,707,32084,11431,20653,1013,277,736
B0103,10,208,District - Supaul,Urban,Literate,63939,37684,26255,16488,15195,1293,4132,3308,824,2163,1929,234,43319,19181,24138,4636,2669,1967
B0103,10,208,District - Supaul,Urban,Literate but below matric/secondary,36866,20315,16551,6164,5774,390,2430,1940,490,1242,1121,121,28272,12601,15671,1410,752,658
B0103,10,208,District - Supaul,Urban,Matric/secondary but below graduate,16438,9913,6525,5188,4739,449,976,774,202,531,468,63,10274,4400,5874,1940,1118,822
B0103,10,208,District - Supaul,Urban,Technical diploma or certificate not equal to degree,88,81,7,48,48,0,2,2,0,0,0,0,38,31,7,11,9,2
B0103,10,208,District - Supaul,Urban,Graduate and above other than technical degree,6837,5046,1791,3700,3380,320,384,327,57,206,185,21,2753,1339,1414,973,613,360
B0103,10,208,District - Supaul,Urban,Technical degree or diploma equal to degree or post-graduate degree,823,711,112,454,416,38,22,17,5,16,13,3,347,278,69,131,96,35
B0103,10,209,District - Araria,Total,Total,2811569,1463333,1348236,696410,537151,159259,373483,171240,202243,179010,109232,69778,1741676,754942,986734,81859,34539,47320
B0103,10,209,District - Araria,Total,Illiterate,1615801,735690,880111,369173,251384,117789,239272,85599,153673,110296,55940,54356,1007356,398707,608649,32058,7713,24345
B0103,10,209,District - Araria,Total,Literate,1195768,727643,468125,327237,285767,41470,134211,85641,48570,68714,53292,15422,734320,356235,378085,49801,26826,22975
B0103,10,209,District - Araria,Total,Literate but below matric/secondary,875995,518155,357840,191964,168915,23049,88148,56410,31738,44522,34836,9686,595883,292830,303053,25539,12998,12541
B0103,10,209,District - Araria,Total,Matric/secondary but below graduate,161657,107520,54137,66293,57936,8357,20107,13502,6605,10686,8500,2186,75257,36082,39175,15789,9030,6759
B0103,10,209,District - Araria,Total,Technical diploma or certificate not equal to degree,300,244,56,149,137,12,33,23,10,15,13,2,118,84,34,39,32,7
B0103,10,209,District - Araria,Total,Graduate and above other than technical degree,34244,28047,6197,21435,19665,1770,2939,2527,412,1743,1592,151,9870,5855,4015,3363,2362,1001
B0103,10,209,District - Araria,Total,Technical degree or diploma equal to degree or post-graduate degree,2555,2206,349,1455,1328,127,164,134,30,86,77,9,936,744,192,354,293,61
B0103,10,209,District - Araria,Rural,Total,2642792,1374254,1268538,653981,501108,152873,364229,165845,198384,174212,105999,68213,1624582,707301,917281,71114,29545,41569
B0103,10,209,District - Araria,Rural,Illiterate,1548389,704686,843703,356165,241600,114565,234869,83634,151235,107952,54691,53261,957355,379452,577903,29524,6921,22603
B0103,10,209,District - Araria,Rural,Literate,1094403,669568,424835,297816,259508,38308,129360,82211,47149,66260,51308,14952,667227,327849,339378,41590,22624,18966
B0103,10,209,District - Araria,Rural,Literate but below matric/secondary,819869,487542,332327,180449,158460,21989,85580,54650,30930,43179,33754,9425,553840,274432,279408,22826,11742,11084
B0103,10,209,District - Araria,Rural,Matric/secondary but below graduate,136439,93269,43170,58142,50770,7372,18953,12656,6297,10107,8036,2071,59344,29843,29501,12371,7285,5086
B0103,10,209,District - Araria,Rural,Technical diploma or certificate not equal to degree,235,194,41,127,117,10,29,20,9,14,12,2,79,57,22,26,23,3
B0103,10,209,District - Araria,Rural,Graduate and above other than technical degree,23610,20245,3365,15348,14232,1116,2502,2171,331,1515,1388,127,5760,3842,1918,2000,1527,473
B0103,10,209,District - Araria,Rural,Technical degree or diploma equal to degree or post-graduate degree,1562,1380,182,903,845,58,127,99,28,66,57,9,532,436,96,204,180,24
B0103,10,209,District - Araria,Urban,Total,168777,89079,79698,42429,36043,6386,9254,5395,3859,4798,3233,1565,117094,47641,69453,10745,4994,5751
B0103,10,209,District - Araria,Urban,Illiterate,67412,31004,36408,13008,9784,3224,4403,1965,2438,2344,1249,1095,50001,19255,30746,2534,792,1742
B0103,10,209,District - Araria,Urban,Literate,101365,58075,43290,29421,26259,3162,4851,3430,1421,2454,1984,470,67093,28386,38707,8211,4202,4009
B0103,10,209,District - Araria,Urban,Literate but below matric/secondary,56126,30613,25513,11515,10455,1060,2568,1760,808,1343,1082,261,42043,18398,23645,2713,1256,1457
B0103,10,209,District - Araria,Urban,Matric/secondary but below graduate,25218,14251,10967,8151,7166,985,1154,846,308,579,464,115,15913,6239,9674,3418,1745,1673
B0103,10,209,District - Araria,Urban,Technical diploma or certificate not equal to degree,65,50,15,22,20,2,4,3,1,1,1,0,39,27,12,13,9,4
B0103,10,209,District - Araria,Urban,Graduate and above other than technical degree,10634,7802,2832,6087,5433,654,437,356,81,228,204,24,4110,2013,2097,1363,835,528
B0103,10,209,District - Araria,Urban,Technical degree or diploma equal to degree or post-graduate degree,993,826,167,552,483,69,37,35,2,20,20,0,404,308,96,150,113,37
B0103,10,210,District - Kishanganj,Total,Total,1690400,866970,823430,384416,334500,49916,144648,86692,57956,67588,48357,19231,1161336,445778,715558,49737,19134,30603
B0103,10,210,District - Kishanganj,Total,Illiterate,945344,427049,518295,188408,153931,34477,83166,41096,42070,37137,23090,14047,673770,232022,441748,20377,4212,16165
B0103,10,210,District - Kishanganj,Total,Literate,745056,439921,305135,196008,180569,15439,61482,45596,15886,30451,25267,5184,487566,213756,273810,29360,14922,14438
B0103,10,210,District - Kishanganj,Total,Literate but below matric/secondary,581860,336158,245702,130005,121636,8369,43968,32582,11386,21702,18179,3523,407887,181940,225947,16894,8159,8735
B0103,10,210,District - Kishanganj,Total,Matric/secondary but below graduate,76308,48601,27707,30757,27044,3713,6154,4848,1306,3301,2743,558,39397,16709,22688,7322,4095,3227
B0103,10,210,District - Kishanganj,Total,Technical diploma or certificate not equal to degree,285,211,74,126,119,7,38,31,7,19,18,1,121,61,60,31,27,4
B0103,10,210,District - Kishanganj,Total,Graduate and above other than technical degree,16980,13600,3380,11009,10072,937,1025,930,95,550,499,51,4946,2598,2348,1592,1057,535
B0103,10,210,District - Kishanganj,Total,Technical degree or diploma equal to degree or post-graduate degree,1422,1211,211,887,789,98,64,53,11,32,26,6,471,369,102,164,142,22
B0103,10,210,District - Kishanganj,Rural,Total,1529277,783318,745959,342315,298650,43665,135595,81281,54314,62797,45197,17600,1051367,403387,647980,41408,15222,26186
B0103,10,210,District - Kishanganj,Rural,Illiterate,879811,397008,482803,174939,143482,31457,78916,39054,39862,35136,21971,13165,625956,214472,411484,18703,3811,14892
B0103,10,210,District - Kishanganj,Rural,Literate,649466,386310,263156,167376,155168,12208,56679,42227,14452,27661,23226,4435,425411,188915,236496,22705,11411,11294
B0103,10,210,District - Kishanganj,Rural,Literate but below matric/secondary,523685,304926,218759,116892,109778,7114,41324,30634,10690,20249,17017,3232,365469,164514,200955,14378,6922,7456
B0103,10,210,District - Kishanganj,Rural,Matric/secondary but below graduate,55461,36846,18615,23464,20697,2767,5345,4301,1044,2800,2424,376,26652,11848,14804,4774,2673,2101
B0103,10,210,District - Kishanganj,Rural,Technical diploma or certificate not equal to degree,224,158,66,102,95,7,35,30,5,18,17,1,87,33,54,18,15,3
B0103,10,210,District - Kishanganj,Rural,Graduate and above other than technical degree,8195,7332,863,5741,5417,324,697,660,37,379,364,15,1757,1255,502,549,460,89
B0103,10,210,District - Kishanganj,Rural,Technical degree or diploma equal to degree or post-graduate degree,525,466,59,288,260,28,34,31,3,17,16,1,203,175,28,74,69,5
B0103,10,210,District - Kishanganj,Urban,Total,161123,83652,77471,42101,35850,6251,9053,5411,3642,4791,3160,1631,109969,42391,67578,8329,3912,4417
B0103,10,210,District - Kishanganj,Urban,Illiterate,65533,30041,35492,13469,10449,3020,4250,2042,2208,2001,1119,882,47814,17550,30264,1674,401,1273
B0103,10,210,District - Kishanganj,Urban,Literate,95590,53611,41979,28632,25401,3231,4803,3369,1434,2790,2041,749,62155,24841,37314,6655,3511,3144
B0103,10,210,District - Kishanganj,Urban,Literate but below matric/secondary,58175,31232,26943,13113,11858,1255,2644,1948,696,1453,1162,291,42418,17426,24992,2516,1237,1279
B0103,10,210,District - Kishanganj,Urban,Matric/secondary but below graduate,20847,11755,9092,7293,6347,946,809,547,262,501,319,182,12745,4861,7884,2548,1422,1126
B0103,10,210,District - Kishanganj,Urban,Technical diploma or certificate not equal to degree,61,53,8,24,24,0,3,1,2,1,1,0,34,28,6,13,12,1
B0103,10,210,District - Kishanganj,Urban,Graduate and above other than technical degree,8785,6268,2517,5268,4655,613,328,270,58,171,135,36,3189,1343,1846,1043,597,446
B0103,10,210,District - Kishanganj,Urban,Technical degree or diploma equal to degree or post-graduate degree,897,745,152,599,529,70,30,22,8,15,10,5,268,194,74,90,73,17
B0103,10,211,District - Purnia,Total,Total,3264619,1699370,1565249,776385,600719,175666,366933,202556,164377,207758,135526,72232,2121301,896095,1225206,119030,50987,68043
B0103,10,211,District - Purnia,Total,Illiterate,1932293,894109,1038184,429793,299725,130068,237306,111699,125607,131954,76079,55875,1265194,482685,782509,48347,12613,35734
B0103,10,211,District - Purnia,Total,Literate,1332326,805261,527065,346592,300994,45598,129627,90857,38770,75804,59447,16357,856107,413410,442697,70683,38374,32309
B0103,10,211,District - Purnia,Total,Literate but below matric/secondary,933365,545313,388052,187564,163601,23963,80137,56010,24127,46673,36641,10032,665664,325702,339962,32827,16648,16179
B0103,10,211,District - Purnia,Total,Matric/secondary but below graduate,206135,133159,72976,77792,67813,9979,22128,16246,5882,13504,10843,2661,106215,49100,57115,23785,13631,10154
B0103,10,211,District - Purnia,Total,Technical diploma or certificate not equal to degree,472,398,74,209,191,18,40,36,4,26,24,2,223,171,52,71,62,9
B0103,10,211,District - Purnia,Total,Graduate and above other than technical degree,55720,42542,13178,31223,28381,2842,4414,3647,767,2703,2291,412,20083,10514,9569,6846,4329,2517
B0103,10,211,District - Purnia,Total,Technical degree or diploma equal to degree or post-graduate degree,5514,4505,1009,2941,2617,324,343,275,68,212,169,43,2230,1613,617,857,645,212
B0103,10,211,District - Purnia,Rural,Total,2921614,1519522,1402092,698007,533397,164610,345203,188198,157005,194779,126253,68526,1878404,797927,1080477,91475,37867,53608
B0103,10,211,District - Purnia,Rural,Illiterate,1799989,833009,966980,407907,283063,124844,227004,105635,121369,125798,72018,53780,1165078,444311,720767,43118,11161,31957
B0103,10,211,District - Purnia,Rural,Literate,1121625,686513,435112,290100,250334,39766,118199,82563,35636,68981,54235,14746,713326,353616,359710,48357,26706,21651
B0103,10,211,District - Purnia,Rural,Literate but below matric/secondary,824729,488073,336656,168535,146246,22289,74547,51881,22666,43375,34022,9353,581647,289946,291701,26200,13567,12633
B0103,10,211,District - Purnia,Rural,Matric/secondary but below graduate,148399,101097,47302,60841,52738,8103,19155,14146,5009,11673,9512,2161,68403,34213,34190,14037,8446,5591
B0103,10,211,District - Purnia,Rural,Technical diploma or certificate not equal to degree,252,205,47,119,106,13,28,25,3,16,15,1,105,74,31,32,27,5
B0103,10,211,District - Purnia,Rural,Graduate and above other than technical degree,27491,22889,4602,16413,15130,1283,3047,2603,444,1878,1657,221,8031,5156,2875,2595,1885,710
B0103,10,211,District - Purnia,Rural,Technical degree or diploma equal to degree or post-graduate degree,1904,1630,274,1075,973,102,181,157,24,115,98,17,648,500,148,212,179,33
B0103,10,211,District - Purnia,Urban,Total,343005,179848,163157,78378,67322,11056,21730,14358,7372,12979,9273,3706,242897,98168,144729,27555,13120,14435
B0103,10,211,District - Purnia,Urban,Illiterate,132304,61100,71204,21886,16662,5224,10302,6064,4238,6156,4061,2095,100116,38374,61742,5229,1452,3777
B0103,10,211,District - Purnia,Urban,Literate,210701,118748,91953,56492,50660,5832,11428,8294,3134,6823,5212,1611,142781,59794,82987,22326,11668,10658
B0103,10,211,District - Purnia,Urban,Literate but below matric/secondary,108636,57240,51396,19029,17355,1674,5590,4129,1461,3298,2619,679,84017,35756,48261,6627,3081,3546
B0103,10,211,District - Purnia,Urban,Matric/secondary but below graduate,57736,32062,25674,16951,15075,1876,2973,2100,873,1831,1331,500,37812,14887,22925,9748,5185,4563
B0103,10,211,District - Purnia,Urban,Technical diploma or certificate not equal to degree,220,193,27,90,85,5,12,11,1,10,9,1,118,97,21,39,35,4
B0103,10,211,District - Purnia,Urban,Graduate and above other than technical degree,28229,19653,8576,14810,13251,1559,1367,1044,323,825,634,191,12052,5358,6694,4251,2444,1807
B0103,10,211,District - Purnia,Urban,Technical degree or diploma equal to degree or post-graduate degree,3610,2875,735,1866,1644,222,162,118,44,97,71,26,1582,1113,469,645,466,179
B0103,10,212,District - Katihar,Total,Total,3071029,1600430,1470599,667602,555631,111971,345964,204891,141073,196769,136451,60318,2057463,839908,1217555,103365,44841,58524
B0103,10,212,District - Katihar,Total,Illiterate,1790839,838174,952665,357163,278056,79107,221430,112435,108995,122821,75950,46871,1212246,447683,764563,40808,10101,30707
B0103,10,212,District - Katihar,Total,Literate,1280190,762256,517934,310439,277575,32864,124534,92456,32078,73948,60501,13447,845217,392225,452992,62557,34740,27817
B0103,10,212,District - Katihar,Total,Literate but below matric/secondary,933835,538952,394883,178412,161365,17047,82755,61613,21142,48856,40326,8530,672668,315974,356694,29034,14836,14198
B0103,10,212,District - Katihar,Total,Matric/secondary but below graduate,190045,123915,66130,67391,59689,7702,19773,15746,4027,12167,10374,1793,102881,48480,54401,21662,12986,8676
B0103,10,212,District - Katihar,Total,Technical diploma or certificate not equal to degree,478,388,90,231,216,15,40,36,4,17,17,0,207,136,71,67,53,14
B0103,10,212,District - Katihar,Total,Graduate and above other than technical degree,48726,37144,11582,26747,24194,2553,3786,3347,439,2297,2071,226,18193,9603,8590,6341,4264,2077
B0103,10,212,District - Katihar,Total,Technical degree or diploma equal to degree or post-graduate degree,4199,3524,675,2338,2100,238,211,186,25,110,101,9,1650,1238,412,670,525,145
B0103,10,212,District - Katihar,Rural,Total,2797207,1455744,1341463,604540,500201,104339,331843,194350,137493,188693,130179,58514,1860824,761193,1099631,82992,33876,49116
B0103,10,212,District - Katihar,Rural,Illiterate,1697450,795660,901790,343226,266786,76440,216029,108946,107083,119732,73825,45907,1138195,419928,718267,37710,9007,28703
B0103,10,212,District - Katihar,Rural,Literate,1099757,660084,439673,261314,233415,27899,115814,85404,30410,68961,56354,12607,722629,341265,381364,45282,24869,20413
B0103,10,212,District - Katihar,Rural,Literate but below matric/secondary,838527,488585,349942,160681,145145,15536,78521,58187,20334,46514,38313,8201,599325,285253,314072,24182,12316,11866
B0103,10,212,District - Katihar,Rural,Matric/secondary but below graduate,138125,94092,44033,51674,45672,6002,17218,13644,3574,10686,9145,1541,69233,34776,34457,13793,8465,5328
B0103,10,212,District - Katihar,Rural,Technical diploma or certificate not equal to degree,301,240,61,143,134,9,33,30,3,15,15,0,125,76,49,34,28,6
B0103,10,212,District - Katihar,Rural,Graduate and above other than technical degree,25465,20937,4528,14712,13465,1247,2662,2380,282,1672,1536,136,8091,5092,2999,2790,2062,728
B0103,10,212,District - Katihar,Rural,Technical degree or diploma equal to degree or post-graduate degree,1844,1614,230,988,912,76,137,117,20,68,60,8,719,585,134,265,215,50
B0103,10,212,District - Katihar,Urban,Total,273822,144686,129136,63062,55430,7632,14121,10541,3580,8076,6272,1804,196639,78715,117924,20373,10965,9408
B0103,10,212,District - Katihar,Urban,Illiterate,93389,42514,50875,13937,11270,2667,5401,3489,1912,3089,2125,964,74051,27755,46296,3098,1094,2004
B0103,10,212,District - Katihar,Urban,Literate,180433,102172,78261,49125,44160,4965,8720,7052,1668,4987,4147,840,122588,50960,71628,17275,9871,7404
B0103,10,212,District - Katihar,Urban,Literate but below matric/secondary,95308,50367,44941,17731,16220,1511,4234,3426,808,2342,2013,329,73343,30721,42622,4852,2520,2332
B0103,10,212,District - Katihar,Urban,Matric/secondary but below graduate,51920,29823,22097,15717,14017,1700,2555,2102,453,1481,1229,252,33648,13704,19944,7869,4521,3348
B0103,10,212,District - Katihar,Urban,Technical diploma or certificate not equal to degree,177,148,29,88,82,6,7,6,1,2,2,0,82,60,22,33,25,8
B0103,10,212,District - Katihar,Urban,Graduate and above other than technical degree,23261,16207,7054,12035,10729,1306,1124,967,157,625,535,90,10102,4511,5591,3551,2202,1349
B0103,10,212,District - Katihar,Urban,Technical degree or diploma equal to degree or post-graduate degree,2355,1910,445,1350,1188,162,74,69,5,42,41,1,931,653,278,405,310,95
B0103,10,213,District - Madhepura,Total,Total,2001762,1047559,954203,443507,335057,108450,334039,160989,173050,172719,106753,65966,1224216,551513,672703,56695,25748,30947
B0103,10,213,District - Madhepura,Total,Illiterate,1167185,529893,637292,236668,156575,80093,218677,83953,134724,108252,56312,51940,711840,289365,422475,21476,5151,16325
B0103,10,213,District - Madhepura,Total,Literate,834577,517666,316911,206839,178482,28357,115362,77036,38326,64467,50441,14026,512376,262148,250228,35219,20597,14622
B0103,10,213,District - Madhepura,Total,Literate but below matric/secondary,570783,338695,232088,99707,86290,13417,67464,44395,23069,36731,28800,7931,403612,208010,195602,15151,8152,6999
B0103,10,213,District - Madhepura,Total,Matric/secondary but below graduate,157928,108164,49764,60078,52528,7550,25773,18601,7172,15265,12420,2845,72077,37035,35042,14127,8872,5255
B0103,10,213,District - Madhepura,Total,Technical diploma or certificate not equal to degree,222,196,26,104,98,6,24,22,2,13,13,0,94,76,18,32,27,5
B0103,10,213,District - Madhepura,Total,Graduate and above other than technical degree,36325,29098,7227,21162,19065,2097,4583,3886,697,2778,2481,297,10580,6147,4433,3162,2218,944
B0103,10,213,District - Madhepura,Total,Technical degree or diploma equal to degree or post-graduate degree,3491,3027,464,2109,1942,167,234,211,23,143,128,15,1148,874,274,430,352,78
B0103,10,213,District - Madhepura,Rural,Total,1913301,1000760,912541,422178,317193,104985,328894,157946,170948,169825,104933,64892,1162229,525621,636608,50609,22704,27905
B0103,10,213,District - Madhepura,Rural,Illiterate,1133220,514553,618667,230991,152124,78867,216423,82912,133511,107107,55736,51371,685806,279517,406289,20410,4850,15560
B0103,10,213,District - Madhepura,Rural,Literate,780081,486207,293874,191187,165069,26118,112471,75034,37437,62718,49197,13521,476423,246104,230319,30199,17854,12345
B0103,10,213,District - Madhepura,Rural,Literate but below matric/secondary,543298,323782,219516,94926,82081,12845,66151,43485,22666,35971,28256,7715,382221,198216,184005,13805,7518,6287
B0103,10,213,District - Madhepura,Rural,Matric/secondary but below graduate,142072,99213,42859,55074,48313,6761,24834,17955,6879,14644,11996,2648,62164,32945,29219,11862,7633,4229
B0103,10,213,District - Madhepura,Rural,Technical diploma or certificate not equal to degree,182,160,22,84,79,5,23,21,2,13,13,0,75,60,15,24,19,5
B0103,10,213,District - Madhepura,Rural,Graduate and above other than technical degree,28380,23555,4825,16769,15344,1425,4146,3563,583,2509,2269,240,7465,4648,2817,2065,1539,526
B0103,10,213,District - Madhepura,Rural,Technical degree or diploma equal to degree or post-graduate degree,2259,2010,249,1336,1247,89,212,191,21,131,117,14,711,572,139,252,217,35
B0103,10,213,District - Madhepura,Urban,Total,88461,46799,41662,21329,17864,3465,5145,3043,2102,2894,1820,1074,61987,25892,36095,6086,3044,3042
B0103,10,213,District - Madhepura,Urban,Illiterate,33965,15340,18625,5677,4451,1226,2254,1041,1213,1145,576,569,26034,9848,16186,1066,301,765
B0103,10,213,District - Madhepura,Urban,Literate,54496,31459,23037,15652,13413,2239,2891,2002,889,1749,1244,505,35953,16044,19909,5020,2743,2277
B0103,10,213,District - Madhepura,Urban,Literate but below matric/secondary,27485,14913,12572,4781,4209,572,1313,910,403,760,544,216,21391,9794,11597,1346,634,712
B0103,10,213,District - Madhepura,Urban,Matric/secondary but below graduate,15856,8951,6905,5004,4215,789,939,646,293,621,424,197,9913,4090,5823,2265,1239,1026
B0103,10,213,District - Madhepura,Urban,Technical diploma or certificate not equal to degree,40,36,4,20,19,1,1,1,0,0,0,0,19,16,3,8,8,0
B0103,10,213,District - Madhepura,Urban,Graduate and above other than technical degree,7945,5543,2402,4393,3721,672,437,323,114,269,212,57,3115,1499,1616,1097,679,418
B0103,10,213,District - Madhepura,Urban,Technical degree or diploma equal to degree or post-graduate degree,1232,1017,215,773,695,78,22,20,2,12,11,1,437,302,135,178,135,43
B0103,10,214,District - Saharsa,Total,Total,1900661,997174,903487,363326,296934,66392,286572,159790,126782,166966,111736,55230,1250763,540450,710313,68641,30185,38456
B0103,10,214,District - Saharsa,Total,Illiterate,1095665,490800,604865,176399,128690,47709,183273,81758,101515,102830,58337,44493,735993,280352,455641,26540,5741,20799
B0103,10,214,District - Saharsa,Total,Literate,804996,506374,298622,186927,168244,18683,103299,78032,25267,64136,53399,10737,514770,260098,254672,42101,24444,17657
B0103,10,214,District - Saharsa,Total,Literate but below matric/secondary,549346,331984,217362,91168,82786,8382,63421,47586,15835,39651,32989,6662,394757,201612,193145,17387,9133,8254
B0103,10,214,District - Saharsa,Total,Matric/secondary but below graduate,158806,108372,50434,54883,49425,5458,22616,18538,4078,14145,12395,1750,81307,40409,40898,16612,10337,6275
B0103,10,214,District - Saharsa,Total,Technical diploma or certificate not equal to degree,287,260,27,124,119,5,34,33,1,25,25,0,129,108,21,41,38,3
B0103,10,214,District - Saharsa,Total,Graduate and above other than technical degree,45661,35550,10111,24433,22250,2183,4781,4272,509,3000,2754,246,16447,9028,7419,5196,3471,1725
B0103,10,214,District - Saharsa,Total,Technical degree or diploma equal to degree or post-graduate degree,4708,4031,677,2595,2400,195,313,285,28,179,165,14,1800,1346,454,597,485,112
B0103,10,214,District - Saharsa,Rural,Total,1744121,913883,830238,331267,268345,62922,276830,152649,124181,161050,107230,53820,1136024,492889,643135,58155,24376,33779
B0103,10,214,District - Saharsa,Rural,Illiterate,1038044,464789,573255,169940,123005,46935,179582,79396,100186,100396,56649,43747,688522,262388,426134,24683,5131,19552
B0103,10,214,District - Saharsa,Rural,Literate,706077,449094,256983,161327,145340,15987,97248,73253,23995,60654,50581,10073,447502,230501,217001,33472,19245,14227
B0103,10,214,District - Saharsa,Rural,Literate but below matric/secondary,502573,307065,195508,84388,76614,7774,60680,45448,15232,38069,31680,6389,357505,185003,172502,15511,8146,7365
B0103,10,214,District - Saharsa,Rural,Matric/secondary but below graduate,129099,91551,37548,46711,42188,4523,20741,17081,3660,13064,11540,1524,61647,32282,29365,12672,7942,4730
B0103,10,214,District - Saharsa,Rural,Technical diploma or certificate not equal to degree,177,164,13,82,78,4,32,31,1,24,24,0,63,55,8,20,19,1
B0103,10,214,District - Saharsa,Rural,Graduate and above other than technical degree,29640,24234,5406,16340,15040,1300,3866,3499,367,2502,2348,154,9434,5695,3739,3042,2100,942
B0103,10,214,District - Saharsa,Rural,Technical degree or diploma equal to degree or post-graduate degree,2422,2138,284,1352,1264,88,206,192,14,124,117,7,864,682,182,263,223,40
B0103,10,214,District - Saharsa,Urban,Total,156540,83291,73249,32059,28589,3470,9742,7141,2601,5916,4506,1410,114739,47561,67178,10486,5809,4677
B0103,10,214,District - Saharsa,Urban,Illiterate,57621,26011,31610,6459,5685,774,3691,2362,1329,2434,1688,746,47471,17964,29507,1857,610,1247
B0103,10,214,District - Saharsa,Urban,Literate,98919,57280,41639,25600,22904,2696,6051,4779,1272,3482,2818,664,67268,29597,37671,8629,5199,3430
B0103,10,214,District - Saharsa,Urban,Literate but below matric/secondary,46773,24919,21854,6780,6172,608,2741,2138,603,1582,1309,273,37252,16609,20643,1876,987,889
B0103,10,214,District - Saharsa,Urban,Matric/secondary but below graduate,29707,16821,12886,8172,7237,935,1875,1457,418,1081,855,226,19660,8127,11533,3940,2395,1545
B0103,10,214,District - Saharsa,Urban,Technical diploma or certificate not equal to degree,110,96,14,42,41,1,2,2,0,1,1,0,66,53,13,21,19,2
B0103,10,214,District - Saharsa,Urban,Graduate and above other than technical degree,16021,11316,4705,8093,7210,883,915,773,142,498,406,92,7013,3333,3680,2154,1371,783
B0103,10,214,District - Saharsa,Urban,Technical degree or diploma equal to degree or post-graduate degree,2286,1893,393,1243,1136,107,107,93,14,55,48,7,936,664,272,334,262,72
B0103,10,215,District - Darbhanga,Total,Total,3937385,2059949,1877436,731347,619269,112078,492293,328658,163635,276706,211942,64764,2713745,1112022,1601723,173133,78832,94301
B0103,10,215,District - Darbhanga,Total,Illiterate,2120751,934383,1186368,315302,238830,76472,285909,155724,130185,153045,101298,51747,1519540,539829,979711,66063,16015,50048
B0103,10,215,District - Darbhanga,Total,Literate,1816634,1125566,691068,416045,380439,35606,206384,172934,33450,123661,110644,13017,1194205,572193,622012,107070,62817,44253
B0103,10,215,District - Darbhanga,Total,Literate but below matric/secondary,1237820,733498,504322,208116,191955,16161,128345,107111,21234,77153,69171,7982,901359,434432,466927,47424,25805,21619
B0103,10,215,District - Darbhanga,Total,Matric/secondary but below graduate,328688,220175,108513,108093,98638,9455,41652,36127,5525,25516,23110,2406,178943,85410,93533,36573,22457,14116
B0103,10,215,District - Darbhanga,Total,Technical diploma or certificate not equal to degree,771,676,95,326,310,16,69,62,7,44,38,6,376,304,72,127,112,15
B0103,10,215,District - Darbhanga,Total,Graduate and above other than technical degree,105583,80744,24839,54243,49815,4428,10717,9697,1020,6473,5965,508,40623,21232,19391,13043,8688,4355
B0103,10,215,District - Darbhanga,Total,Technical degree or diploma equal to degree or post-graduate degree,12328,10083,2245,6745,5921,824,696,603,93,367,322,45,4887,3559,1328,1701,1319,382
B0103,10,215,District - Darbhanga,Rural,Total,3554057,1858545,1695512,647936,545581,102355,469432,312134,157298,264521,201772,62749,2436689,1000830,1435859,146802,65564,81238
B0103,10,215,District - Darbhanga,Rural,Illiterate,1984164,874203,1109961,296854,224053,72801,276600,150403,126197,148477,97880,50597,1410710,499747,910963,61077,14514,46563
B0103,10,215,District - Darbhanga,Rural,Literate,1569893,984342,585551,351082,321528,29554,192832,161731,31101,116044,103892,12152,1025979,501083,524896,85725,51050,34675
B0103,10,215,District - Darbhanga,Rural,Literate but below matric/secondary,1110337,665318,445019,186334,171635,14699,121527,101488,20039,73267,65632,7635,802476,392195,410281,41037,22691,18346
B0103,10,215,District - Darbhanga,Rural,Matric/secondary but below graduate,265115,184126,80989,90854,82995,7859,38176,33211,4965,23472,21320,2152,136085,67920,68165,28344,17804,10540
B0103,10,215,District - Darbhanga,Rural,Technical diploma or certificate not equal to degree,492,440,52,205,196,9,53,48,5,32,28,4,234,196,38,81,72,9
B0103,10,215,District - Darbhanga,Rural,Graduate and above other than technical degree,69806,56234,13572,36487,33936,2551,8874,8156,718,5462,5126,336,24445,14142,10303,8303,5908,2395
B0103,10,215,District - Darbhanga,Rural,Technical degree or diploma equal to degree or post-graduate degree,5694,4876,818,3005,2739,266,411,364,47,225,202,23,2278,1773,505,850,700,150
B0103,10,215,District - Darbhanga,Urban,Total,383328,201404,181924,83411,73688,9723,22861,16524,6337,12185,10170,2015,277056,111192,165864,26331,13268,13063
B0103,10,215,District - Darbhanga,Urban,Illiterate,136587,60180,76407,18448,14777,3671,9309,5321,3988,4568,3418,1150,108830,40082,68748,4986,1501,3485
B0103,10,215,District - Darbhanga,Urban,Literate,246741,141224,105517,64963,58911,6052,13552,11203,2349,7617,6752,865,168226,71110,97116,21345,11767,9578
B0103,10,215,District - Darbhanga,Urban,Literate but below matric/secondary,127483,68180,59303,21782,20320,1462,6818,5623,1195,3886,3539,347,98883,42237,56646,6387,3114,3273
B0103,10,215,District - Darbhanga,Urban,Matric/secondary but below graduate,63573,36049,27524,17239,15643,1596,3476,2916,560,2044,1790,254,42858,17490,25368,8229,4653,3576
B0103,10,215,District - Darbhanga,Urban,Technical diploma or certificate not equal to degree,279,236,43,121,114,7,16,14,2,12,10,2,142,108,34,46,40,6
B0103,10,215,District - Darbhanga,Urban,Graduate and above other than technical degree,35777,24510,11267,17756,15879,1877,1843,1541,302,1011,839,172,16178,7090,9088,4740,2780,1960
B0103,10,215,District - Darbhanga,Urban,Technical degree or diploma equal to degree or post-graduate degree,6634,5207,1427,3740,3182,558,285,239,46,142,120,22,2609,1786,823,851,619,232
B0103,10,216,District - Muzaffarpur,Total,Total,4801062,2527497,2273565,910304,758127,152177,637282,437181,200101,383143,290832,92311,3253476,1332189,1921287,254993,105629,149364
B0103,10,216,District - Muzaffarpur,Total,Illiterate,2291830,1040380,1251450,342391,254759,87632,314339,180821,133518,182248,120868,61380,1635100,604800,1030300,82442,18091,64351
B0103,10,216,District - Muzaffarpur,Total,Literate,2509232,1487117,1022115,567913,503368,64545,322943,256360,66583,200895,169964,30931,1618376,727389,890987,172551,87538,85013
B0103,10,216,District - Muzaffarpur,Total,Literate but below matric/secondary,1673976,952060,721916,283317,253125,30192,199940,158012,41928,124445,105791,18654,1190719,540923,649796,78770,36353,42417
B0103,10,216,District - Muzaffarpur,Total,Matric/secondary but below graduate,500096,319697,180399,156430,139600,16830,70318,58905,11413,44990,39136,5854,273348,121192,152156,60188,33309,26879
B0103,10,216,District - Muzaffarpur,Total,Technical diploma or certificate not equal to degree,1258,1084,174,582,549,33,114,104,10,73,66,7,562,431,131,191,158,33
B0103,10,216,District - Muzaffarpur,Total,Graduate and above other than technical degree,144817,101648,43169,70014,61649,8365,14785,12261,2524,8930,7477,1453,60018,27738,32280,18740,10871,7869
B0103,10,216,District - Muzaffarpur,Total,Technical degree or diploma equal to degree or post-graduate degree,15981,12343,3638,8061,6899,1162,1072,863,209,588,472,116,6848,4581,2267,2536,1806,730
B0103,10,216,District - Muzaffarpur,Rural,Total,4327625,2276812,2050813,799401,663409,135992,605026,415100,189926,365557,278333,87224,2923198,1198303,1724895,218465,87598,130867
B0103,10,216,District - Muzaffarpur,Rural,Illiterate,2147202,972806,1174396,321473,238609,82864,304968,175125,129843,177160,117473,59687,1520761,559072,961689,76848,16241,60607
B0103,10,216,District - Muzaffarpur,Rural,Literate,2180423,1304006,876417,477928,424800,53128,300058,239975,60083,188397,160860,27537,1402437,639231,763206,141617,71357,70260
B0103,10,216,District - Muzaffarpur,Rural,Literate but below matric/secondary,1528249,876458,651791,259155,231758,27397,190881,151480,39401,119569,102058,17511,1078213,493220,584993,70973,32466,38507
B0103,10,216,District - Muzaffarpur,Rural,Matric/secondary but below graduate,404080,267781,136299,129628,116099,13529,63478,54072,9406,41106,36390,4716,210974,97610,113364,47626,26751,20875
B0103,10,216,District - Muzaffarpur,Rural,Technical diploma or certificate not equal to degree,714,605,109,311,290,21,81,76,5,52,49,3,322,239,83,100,79,21
B0103,10,216,District - Muzaffarpur,Rural,Graduate and above other than technical degree,84474,62610,21864,41078,36439,4639,10590,9228,1362,6767,5992,775,32806,16943,15863,11094,6812,4282
B0103,10,216,District - Muzaffarpur,Rural,Technical degree or diploma equal to degree or post-graduate degree,6592,5283,1309,3167,2793,374,471,398,73,293,241,52,2954,2092,862,1152,849,303
B0103,10,216,District - Muzaffarpur,Urban,Total,473437,250685,222752,110903,94718,16185,32256,22081,10175,17586,12499,5087,330278,133886,196392,36528,18031,18497
B0103,10,216,District - Muzaffarpur,Urban,Illiterate,144628,67574,77054,20918,16150,4768,9371,5696,3675,5088,3395,1693,114339,45728,68611,5594,1850,3744
B0103,10,216,District - Muzaffarpur,Urban,Literate,328809,183111,145698,89985,78568,11417,22885,16385,6500,12498,9104,3394,215939,88158,127781,30934,16181,14753
B0103,10,216,District - Muzaffarpur,Urban,Literate but below matric/secondary,145727,75602,70125,24162,21367,2795,9059,6532,2527,4876,3733,1143,112506,47703,64803,7797,3887,3910
B0103,10,216,District - Muzaffarpur,Urban,Matric/secondary but below graduate,96016,51916,44100,26802,23501,3301,6840,4833,2007,3884,2746,1138,62374,23582,38792,12562,6558,6004
B0103,10,216,District - Muzaffarpur,Urban,Technical diploma or certificate not equal to degree,544,479,65,271,259,12,33,28,5,21,17,4,240,192,48,91,79,12
B0103,10,216,District - Muzaffarpur,Urban,Graduate and above other than technical degree,60343,39038,21305,28936,25210,3726,4195,3033,1162,2163,1485,678,27212,10795,16417,7646,4059,3587
B0103,10,216,District - Muzaffarpur,Urban,Technical degree or diploma equal to degree or post-graduate degree,9389,7060,2329,4894,4106,788,601,465,136,295,231,64,3894,2489,1405,1384,957,427
B0103,10,217,District - Gopalganj,Total,Total,2562012,1267666,1294346,363111,300336,62775,365090,239250,125840,168886,132092,36794,1833811,728080,1105731,115463,55696,59767
B0103,10,217,District - Gopalganj,Total,Illiterate,1179014,473761,705253,124836,87933,36903,165421,81626,83795,68119,43316,24803,888757,304202,584555,32361,8494,23867
B0103,10,217,District - Gopalganj,Total,Literate,1382998,793905,589093,238275,212403,25872,199669,157624,42045,100767,88776,11991,945054,423878,521176,83102,47202,35900
B0103,10,217,District - Gopalganj,Total,Literate but below matric/secondary,957376,525117,432259,119924,107430,12494,120554,93486,27068,59647,52392,7255,716898,324201,392697,39870,21411,18459
B0103,10,217,District - Gopalganj,Total,Matric/secondary but below graduate,289133,185655,103478,75495,68269,7226,52659,44465,8194,28210,25646,2564,160979,72921,88058,31111,18702,12409
B0103,10,217,District - Gopalganj,Total,Technical diploma or certificate not equal to degree,576,505,71,206,198,8,98,93,5,60,59,1,272,214,58,83,75,8
B0103,10,217,District - Gopalganj,Total,Graduate and above other than technical degree,49788,36486,13302,21900,19257,2643,7572,6576,996,4115,3737,378,20316,10653,9663,6312,4062,2250
B0103,10,217,District - Gopalganj,Total,Technical degree or diploma equal to degree or post-graduate degree,4425,3760,665,1899,1702,197,436,392,44,246,227,19,2090,1666,424,742,626,116
B0103,10,217,District - Gopalganj,Rural,Total,2399207,1184967,1214240,331700,273395,58305,353919,230870,123049,162972,127237,35735,1713588,680702,1032886,107258,51286,55972
B0103,10,217,District - Gopalganj,Rural,Illiterate,1119143,448688,670455,117362,82440,34922,161147,79031,82116,65953,41777,24176,840634,287217,553417,30988,8043,22945
B0103,10,217,District - Gopalganj,Rural,Literate,1280064,736279,543785,214338,190955,23383,192772,151839,40933,97019,85460,11559,872954,393485,479469,76270,43243,33027
B0103,10,217,District - Gopalganj,Rural,Literate but below matric/secondary,896385,492610,403775,110333,98676,11657,116649,90193,26456,57434,50407,7027,669403,303741,365662,37641,20167,17474
B0103,10,217,District - Gopalganj,Rural,Matric/secondary but below graduate,262073,169949,92124,67578,61152,6426,50747,42799,7948,27197,24728,2469,143748,65998,77750,28161,16976,11185
B0103,10,217,District - Gopalganj,Rural,Technical diploma or certificate not equal to degree,485,426,59,162,156,6,93,88,5,59,58,1,230,182,48,69,63,6
B0103,10,217,District - Gopalganj,Rural,Graduate and above other than technical degree,40148,30018,10130,17194,15159,2035,7010,6115,895,3854,3527,327,15944,8744,7200,5065,3340,1725
B0103,10,217,District - Gopalganj,Rural,Technical degree or diploma equal to degree or post-graduate degree,3315,2882,433,1362,1232,130,398,362,36,224,210,14,1555,1288,267,556,484,72
B0103,10,217,District - Gopalganj,Urban,Total,162805,82699,80106,31411,26941,4470,11171,8380,2791,5914,4855,1059,120223,47378,72845,8205,4410,3795
B0103,10,217,District - Gopalganj,Urban,Illiterate,59871,25073,34798,7474,5493,1981,4274,2595,1679,2166,1539,627,48123,16985,31138,1373,451,922
B0103,10,217,District - Gopalganj,Urban,Literate,102934,57626,45308,23937,21448,2489,6897,5785,1112,3748,3316,432,72100,30393,41707,6832,3959,2873
B0103,10,217,District - Gopalganj,Urban,Literate but below matric/secondary,60991,32507,28484,9591,8754,837,3905,3293,612,2213,1985,228,47495,20460,27035,2229,1244,985
B0103,10,217,District - Gopalganj,Urban,Matric/secondary but below graduate,27060,15706,11354,7917,7117,800,1912,1666,246,1013,918,95,17231,6923,10308,2950,1726,1224
B0103,10,217,District - Gopalganj,Urban,Technical diploma or certificate not equal to degree,91,79,12,44,42,2,5,5,0,1,1,0,42,32,10,14,12,2
B0103,10,217,District - Gopalganj,Urban,Graduate and above other than technical degree,9640,6468,3172,4706,4098,608,562,461,101,261,210,51,4372,1909,2463,1247,722,525
B0103,10,217,District - Gopalganj,Urban,Technical degree or diploma equal to degree or post-graduate degree,1110,878,232,537,470,67,38,30,8,22,17,5,535,378,157,186,142,44
B0103,10,218,District - Siwan,Total,Total,3330464,1675090,1655374,462104,401635,60469,470312,328761,141551,232121,189407,42714,2398048,944694,1453354,168943,80666,88277
B0103,10,218,District - Siwan,Total,Illiterate,1400289,559184,841105,128140,95959,32181,182421,94685,87736,77707,51734,25973,1089728,368540,721188,41562,9736,31826
B0103,10,218,District - Siwan,Total,Literate,1930175,1115906,814269,333964,305676,28288,287891,234076,53815,154414,137673,16741,1308320,576154,732166,127381,70930,56451
B0103,10,218,District - Siwan,Total,Literate but below matric/secondary,1305850,707997,597853,160350,147427,12923,170716,134415,36301,87771,77500,10271,974784,426155,548629,56385,28331,28054
B0103,10,218,District - Siwan,Total,Matric/secondary but below graduate,447644,292787,154857,115316,106509,8807,85880,74526,11354,49732,45489,4243,246448,111752,134696,53246,31554,21692
B0103,10,218,District - Siwan,Total,Technical diploma or certificate not equal to degree,772,689,83,279,270,9,111,106,5,71,69,2,382,313,69,141,120,21
B0103,10,218,District - Siwan,Total,Graduate and above other than technical degree,74724,56487,18237,33712,30112,3600,11530,10352,1178,6878,6322,556,29482,16023,13459,10111,6684,3427
B0103,10,218,District - Siwan,Total,Technical degree or diploma equal to degree or post-graduate degree,7220,6014,1206,3119,2782,337,659,589,70,407,366,41,3442,2643,799,1263,1019,244
B0103,10,218,District - Siwan,Rural,Total,3147551,1579685,1567866,424249,368215,56034,459384,321042,138342,226899,185250,41649,2263918,890428,1373490,154804,73406,81398
B0103,10,218,District - Siwan,Rural,Illiterate,1340085,532769,807316,120744,90049,30695,178933,92635,86298,76153,50568,25585,1040408,350085,690323,39212,8888,30324
B0103,10,218,District - Siwan,Rural,Literate,1807466,1046916,760550,303505,278166,25339,280451,228407,52044,150746,134682,16064,1223510,540343,683167,115592,64518,51074
B0103,10,218,District - Siwan,Rural,Literate but below matric/secondary,1241440,673873,567567,149560,137503,12057,167175,131653,35522,86158,76086,10072,924705,404717,519988,53056,26642,26414
B0103,10,218,District - Siwan,Rural,Matric/secondary but below graduate,411050,272109,138941,105210,97273,7937,83456,72679,10777,48501,44527,3974,222384,102157,120227,47936,28676,19260
B0103,10,218,District - Siwan,Rural,Technical diploma or certificate not equal to degree,637,585,52,231,224,7,100,98,2,66,66,0,306,263,43,112,103,9
B0103,10,218,District - Siwan,Rural,Graduate and above other than technical degree,59725,46505,13220,26491,23773,2718,10597,9657,940,6317,5900,417,22637,13075,9562,7777,5362,2415
B0103,10,218,District - Siwan,Rural,Technical degree or diploma equal to degree or post-graduate degree,4982,4321,661,2080,1905,175,556,519,37,340,322,18,2346,1897,449,864,736,128
B0103,10,218,District - Siwan,Urban,Total,182913,95405,87508,37855,33420,4435,10928,7719,3209,5222,4157,1065,134130,54266,79864,14139,7260,6879
B0103,10,218,District - Siwan,Urban,Illiterate,60204,26415,33789,7396,5910,1486,3488,2050,1438,1554,1166,388,49320,18455,30865,2350,848,1502
B0103,10,218,District - Siwan,Urban,Literate,122709,68990,53719,30459,27510,2949,7440,5669,1771,3668,2991,677,84810,35811,48999,11789,6412,5377
B0103,10,218,District - Siwan,Urban,Literate but below matric/secondary,64410,34124,30286,10790,9924,866,3541,2762,779,1613,1414,199,50079,21438,28641,3329,1689,1640
B0103,10,218,District - Siwan,Urban,Matric/secondary but below graduate,36594,20678,15916,10106,9236,870,2424,1847,577,1231,962,269,24064,9595,14469,5310,2878,2432
B0103,10,218,District - Siwan,Urban,Technical diploma or certificate not equal to degree,135,104,31,48,46,2,11,8,3,5,3,2,76,50,26,29,17,12
B0103,10,218,District - Siwan,Urban,Graduate and above other than technical degree,14999,9982,5017,7221,6339,882,933,695,238,561,422,139,6845,2948,3897,2334,1322,1012
B0103,10,218,District - Siwan,Urban,Technical degree or diploma equal to degree or post-graduate degree,2238,1693,545,1039,877,162,103,70,33,67,44,23,1096,746,350,399,283,116
B0103,10,219,District - Saran,Total,Total,3951862,2022821,1929041,545520,476379,69141,494711,381281,113430,256927,215469,41458,2911631,1165161,1746470,195329,105742,89587
B0103,10,219,District - Saran,Total,Illiterate,1794408,737054,1057354,165124,125957,39167,204548,127397,77151,99102,71081,28021,1424736,483700,941036,51270,15570,35700
B0103,10,219,District - Saran,Total,Literate,2157454,1285767,871687,380396,350422,29974,290163,253884,36279,157825,144388,13437,1486895,681461,805434,144059,90172,53887
B0103,10,219,District - Saran,Total,Literate but below matric/secondary,1408514,780645,627869,171202,158003,13199,164261,140785,23476,87521,79322,8199,1073051,481857,591194,56647,31710,24937
B0103,10,219,District - Saran,Total,Matric/secondary but below graduate,553008,369560,183448,141429,131415,10014,93497,85151,8346,52668,49205,3463,318082,152994,165088,65310,43096,22214
B0103,10,219,District - Saran,Total,Technical diploma or certificate not equal to degree,838,774,64,302,290,12,108,106,2,59,58,1,428,378,50,174,159,15
B0103,10,219,District - Saran,Total,Graduate and above other than technical degree,107383,82897,24486,46296,42177,4119,15420,14231,1189,8791,8198,593,45667,26489,19178,15226,11007,4219
B0103,10,219,District - Saran,Total,Technical degree or diploma equal to degree or post-graduate degree,7718,6254,1464,3513,3102,411,636,575,61,358,328,30,3569,2577,992,1280,1032,248
B0103,10,219,District - Saran,Rural,Total,3598660,1838119,1760541,478775,416175,62600,470857,362464,108393,244111,204531,39580,2649028,1059480,1589548,171771,92337,79434
B0103,10,219,District - Saran,Rural,Illiterate,1666071,681179,984892,150637,113873,36764,196430,121814,74616,95043,67918,27125,1319004,445492,873512,47341,14119,33222
B0103,10,219,District - Saran,Rural,Literate,1932589,1156940,775649,328138,302302,25836,274427,240650,33777,149068,136613,12455,1330024,613988,716036,124430,78218,46212
B0103,10,219,District - Saran,Rural,Literate but below matric/secondary,1289671,717865,571806,153594,141469,12125,156375,134186,22189,83238,75452,7786,979702,442210,537492,51250,28785,22465
B0103,10,219,District - Saran,Rural,Matric/secondary but below graduate,487268,330353,156915,123458,114686,8772,88635,80996,7639,49865,46733,3132,275175,134671,140504,56501,37628,18873
B0103,10,219,District - Saran,Rural,Technical diploma or certificate not equal to degree,657,608,49,228,218,10,96,95,1,50,50,0,333,295,38,137,125,12
B0103,10,219,District - Saran,Rural,Graduate and above other than technical degree,80020,63870,16150,33776,31004,2772,13573,12693,880,7711,7289,422,32671,20173,12498,11083,8288,2795
B0103,10,219,District - Saran,Rural,Technical degree or diploma equal to degree or post-graduate degree,4788,4022,766,2107,1900,207,472,441,31,265,250,15,2209,1681,528,808,673,135
B0103,10,219,District - Saran,Urban,Total,353202,184702,168500,66745,60204,6541,23854,18817,5037,12816,10938,1878,262603,105681,156922,23558,13405,10153
B0103,10,219,District - Saran,Urban,Illiterate,128337,55875,72462,14487,12084,2403,8118,5583,2535,4059,3163,896,105732,38208,67524,3929,1451,2478
B0103,10,219,District - Saran,Urban,Literate,224865,128827,96038,52258,48120,4138,15736,13234,2502,8757,7775,982,156871,67473,89398,19629,11954,7675
B0103,10,219,District - Saran,Urban,Literate but below matric/secondary,118843,62780,56063,17608,16534,1074,7886,6599,1287,4283,3870,413,93349,39647,53702,5397,2925,2472
B0103,10,219,District - Saran,Urban,Matric/secondary but below graduate,65740,39207,26533,17971,16729,1242,4862,4155,707,2803,2472,331,42907,18323,24584,8809,5468,3341
B0103,10,219,District - Saran,Urban,Technical diploma or certificate not equal to degree,181,166,15,74,72,2,12,11,1,9,8,1,95,83,12,37,34,3
B0103,10,219,District - Saran,Urban,Graduate and above other than technical degree,27363,19027,8336,12520,11173,1347,1847,1538,309,1080,909,171,12996,6316,6680,4143,2719,1424
B0103,10,219,District - Saran,Urban,Technical degree or diploma equal to degree or post-graduate degree,2930,2232,698,1406,1202,204,164,134,30,93,78,15,1360,896,464,472,359,113
B0103,10,220,District - Vaishali,Total,Total,3495021,1844535,1650486,716006,622933,93073,344338,235715,108623,182386,143762,38624,2434677,985887,1448790,172311,77317,94994
B0103,10,220,District - Vaishali,Total,Illiterate,1568281,691959,876322,240893,188828,52065,154343,84706,69637,74754,50215,24539,1173045,418425,754620,47474,10295,37179
B0103,10,220,District - Vaishali,Total,Literate,1926740,1152576,774164,475113,434105,41008,189995,151009,38986,107632,93547,14085,1261632,567462,694170,124837,67022,57815
B0103,10,220,District - Vaishali,Total,Literate but below matric/secondary,1274803,720654,554149,236699,216799,19900,112700,87758,24942,62498,54129,8369,925404,416097,509307,51022,23556,27466
B0103,10,220,District - Vaishali,Total,Matric/secondary but below graduate,453361,300391,152970,157782,146011,11771,51354,43401,7953,31103,27758,3345,244225,110979,133246,53933,31563,22370
B0103,10,220,District - Vaishali,Total,Technical diploma or certificate not equal to degree,986,875,111,387,363,24,91,86,5,54,54,0,508,426,82,213,184,29
B0103,10,220,District - Vaishali,Total,Graduate and above other than technical degree,90678,68713,21965,46133,41702,4431,8509,7481,1028,5200,4688,512,36036,19530,16506,12395,8258,4137
B0103,10,220,District - Vaishali,Total,Technical degree or diploma equal to degree or post-graduate degree,7297,6033,1264,3610,3216,394,476,406,70,287,245,42,3211,2411,800,1212,952,260
B0103,10,220,District - Vaishali,Rural,Total,3261942,1721221,1540721,663313,575304,88009,333501,227715,105786,176964,139308,37656,2265128,918202,1346926,156195,69690,86505
B0103,10,220,District - Vaishali,Rural,Illiterate,1481955,652718,829237,227740,177414,50326,150000,81872,68128,72717,48630,24087,1104215,393432,710783,44304,9451,34853
B0103,10,220,District - Vaishali,Rural,Literate,1779987,1068503,711484,435573,397890,37683,183501,145843,37658,104247,90678,13569,1160913,524770,636143,111891,60239,51652
B0103,10,220,District - Vaishali,Rural,Literate but below matric/secondary,1194952,677842,517110,221880,202974,18906,109550,85244,24306,60854,52684,8170,863522,389624,473898,47272,21914,25358
B0103,10,220,District - Vaishali,Rural,Matric/secondary but below graduate,411487,275917,135570,144853,134065,10788,49326,41777,7549,30002,26830,3172,217308,100075,117233,48079,28416,19663
B0103,10,220,District - Vaishali,Rural,Technical diploma or certificate not equal to degree,828,742,86,312,292,20,83,79,4,50,50,0,433,371,62,180,158,22
B0103,10,220,District - Vaishali,Rural,Graduate and above other than technical degree,73568,56853,16715,37490,34050,3440,7692,6826,866,4788,4370,418,28386,15977,12409,9840,6727,3113
B0103,10,220,District - Vaishali,Rural,Technical degree or diploma equal to degree or post-graduate degree,5188,4345,843,2509,2267,242,384,332,52,236,207,29,2295,1746,549,871,702,169
B0103,10,220,District - Vaishali,Urban,Total,233079,123314,109765,52693,47629,5064,10837,8000,2837,5422,4454,968,169549,67685,101864,16116,7627,8489
B0103,10,220,District - Vaishali,Urban,Illiterate,86326,39241,47085,13153,11414,1739,4343,2834,1509,2037,1585,452,68830,24993,43837,3170,844,2326
B0103,10,220,District - Vaishali,Urban,Literate,146753,84073,62680,39540,36215,3325,6494,5166,1328,3385,2869,516,100719,42692,58027,12946,6783,6163
B0103,10,220,District - Vaishali,Urban,Literate but below matric/secondary,79851,42812,37039,14819,13825,994,3150,2514,636,1644,1445,199,61882,26473,35409,3750,1642,2108
B0103,10,220,District - Vaishali,Urban,Matric/secondary but below graduate,41874,24474,17400,12929,11946,983,2028,1624,404,1101,928,173,26917,10904,16013,5854,3147,2707
B0103,10,220,District - Vaishali,Urban,Technical diploma or certificate not equal to degree,158,133,25,75,71,4,8,7,1,4,4,0,75,55,20,33,26,7
B0103,10,220,District - Vaishali,Urban,Graduate and above other than technical degree,17110,11860,5250,8643,7652,991,817,655,162,412,318,94,7650,3553,4097,2555,1531,1024
B0103,10,220,District - Vaishali,Urban,Technical degree or diploma equal to degree or post-graduate degree,2109,1688,421,1101,949,152,92,74,18,51,38,13,916,665,251,341,250,91
B0103,10,221,District - Samastipur,Total,Total,4261566,2230003,2031563,907433,771593,135840,435967,265983,169984,248831,177221,71610,2918166,1192427,1725739,196592,74906,121686
B0103,10,221,District - Samastipur,Total,Illiterate,2118686,936428,1182258,363696,275700,87996,239519,114049,125470,131126,77274,53852,1515471,546679,968792,71391,12466,58925
B0103,10,221,District - Samastipur,Total,Literate,2142880,1293575,849305,543737,495893,47844,196448,151934,44514,117705,99947,17758,1402695,645748,756947,125201,62440,62761
B0103,10,221,District - Samastipur,Total,Literate but below matric/secondary,1528641,883672,644969,297268,273278,23990,129189,98695,30494,76762,65127,11635,1102184,511699,590485,57137,25362,31775
B0103,10,221,District - Samastipur,Total,Matric/secondary but below graduate,416945,274856,142089,156099,142629,13470,44124,35599,8525,27201,23502,3699,216722,96628,120094,48798,26048,22750
B0103,10,221,District - Samastipur,Total,Technical diploma or certificate not equal to degree,1010,892,118,407,384,23,83,74,9,55,49,6,520,434,86,208,186,22
B0103,10,221,District - Samastipur,Total,Graduate and above other than technical degree,100717,75789,24928,55092,49668,5424,8378,7237,1141,5134,4587,547,37247,18884,18363,12588,7709,4879
B0103,10,221,District - Samastipur,Total,Technical degree or diploma equal to degree or post-graduate degree,9697,7962,1735,5372,4805,567,489,426,63,286,257,29,3836,2731,1105,1417,1085,332
B0103,10,221,District - Samastipur,Rural,Total,4113769,2152273,1961496,872038,740816,131222,430714,262277,168437,246037,175137,70900,2811017,1149180,1661837,187112,69787,117325
B0103,10,221,District - Samastipur,Rural,Illiterate,2073187,916018,1157169,357041,270548,86493,237787,113035,124752,130121,76611,53510,1478359,532435,945924,70054,12014,58040
B0103,10,221,District - Samastipur,Rural,Literate,2040582,1236255,804327,514997,470268,44729,192927,149242,43685,115916,98526,17390,1332658,616745,715913,117058,57773,59285
B0103,10,221,District - Samastipur,Rural,Literate but below matric/secondary,1477973,856964,621009,288265,264991,23274,127488,97397,30091,75922,64443,11479,1062220,494576,567644,55191,24286,30905
B0103,10,221,District - Samastipur,Rural,Matric/secondary but below graduate,387824,258942,128882,147580,134996,12584,43109,34841,8268,26636,23065,3571,197135,89105,108030,45302,24090,21212
B0103,10,221,District - Samastipur,Rural,Technical diploma or certificate not equal to degree,897,798,99,360,340,20,81,72,9,54,48,6,456,386,70,185,166,19
B0103,10,221,District - Samastipur,Rural,Graduate and above other than technical degree,84908,65266,19642,46800,42476,4324,7844,6811,1033,4870,4381,489,30264,15979,14285,10551,6499,4052
B0103,10,221,District - Samastipur,Rural,Technical degree or diploma equal to degree or post-graduate degree,7325,6093,1232,4035,3652,383,431,377,54,258,234,24,2859,2064,795,1096,854,242
B0103,10,221,District - Samastipur,Urban,Total,147797,77730,70067,35395,30777,4618,5253,3706,1547,2794,2084,710,107149,43247,63902,9480,5119,4361
B0103,10,221,District - Samastipur,Urban,Illiterate,45499,20410,25089,6655,5152,1503,1732,1014,718,1005,663,342,37112,14244,22868,1337,452,885
B0103,10,221,District - Samastipur,Urban,Literate,102298,57320,44978,28740,25625,3115,3521,2692,829,1789,1421,368,70037,29003,41034,8143,4667,3476
B0103,10,221,District - Samastipur,Urban,Literate but below matric/secondary,50668,26708,23960,9003,8287,716,1701,1298,403,840,684,156,39964,17123,22841,1946,1076,870
B0103,10,221,District - Samastipur,Urban,Matric/secondary but below graduate,29121,15914,13207,8519,7633,886,1015,758,257,565,437,128,19587,7523,12064,3496,1958,1538
B0103,10,221,District - Samastipur,Urban,Technical diploma or certificate not equal to degree,113,94,19,47,44,3,2,2,0,1,1,0,64,48,16,23,20,3
B0103,10,221,District - Samastipur,Urban,Graduate and above other than technical degree,15809,10523,5286,8292,7192,1100,534,426,108,264,206,58,6983,2905,4078,2037,1210,827
B0103,10,221,District - Samastipur,Urban,Technical degree or diploma equal to degree or post-graduate degree,2372,1869,503,1337,1153,184,58,49,9,28,23,5,977,667,310,321,231,90
B0103,10,222,District - Begusarai,Total,Total,2970541,1567660,1402881,591811,491066,100745,346371,224279,122092,204183,148299,55884,2032359,852315,1180044,156873,64193,92680
B0103,10,222,District - Begusarai,Total,Illiterate,1421868,649153,772715,226009,167051,58958,172429,91408,81021,98023,60605,37418,1023430,390694,632736,52012,11581,40431
B0103,10,222,District - Begusarai,Total,Literate,1548673,918507,630166,365802,324015,41787,173942,132871,41071,106160,87694,18466,1008929,461621,547308,104861,52612,52249
B0103,10,222,District - Begusarai,Total,Literate but below matric/secondary,1056072,600731,455341,186697,166668,20029,110242,83497,26745,66917,55395,11522,759133,350566,408567,48535,21721,26814
B0103,10,222,District - Begusarai,Total,Matric/secondary but below graduate,313378,201038,112340,105141,93593,11548,37911,30441,7470,23666,20052,3614,170326,77004,93322,38518,21159,17359
B0103,10,222,District - Begusarai,Total,Technical diploma or certificate not equal to degree,867,727,140,412,381,31,70,63,7,48,45,3,385,283,102,128,103,25
B0103,10,222,District - Begusarai,Total,Graduate and above other than technical degree,80632,58636,21996,40763,36168,4595,8050,6746,1304,5008,4299,709,31819,15722,16097,10346,6212,4134
B0103,10,222,District - Begusarai,Total,Technical degree or diploma equal to degree or post-graduate degree,8632,6780,1852,4454,3845,609,635,533,102,349,298,51,3543,2402,1141,1326,965,361
B0103,10,222,District - Begusarai,Rural,Total,2400718,1266308,1134410,472093,387930,84163,304715,194151,110564,178585,128270,50315,1623910,684227,939683,119102,46354,72748
B0103,10,222,District - Begusarai,Rural,Illiterate,1194726,544428,650298,192861,140911,51950,156227,81447,74780,88461,54015,34446,845638,322070,523568,43424,9101,34323
B0103,10,222,District - Begusarai,Rural,Literate,1205992,721880,484112,279232,247019,32213,148488,112704,35784,90124,74255,15869,778272,362157,416115,75678,37253,38425
B0103,10,222,District - Begusarai,Rural,Literate but below matric/secondary,853053,489800,363253,150127,133529,16598,96033,72206,23827,58103,47911,10192,606893,284065,322828,37987,16732,21255
B0103,10,222,District - Begusarai,Rural,Matric/secondary but below graduate,227811,150270,77541,78898,70229,8669,31306,25166,6140,19364,16487,2877,117607,54875,62732,26652,14620,12032
B0103,10,222,District - Begusarai,Rural,Technical diploma or certificate not equal to degree,512,436,76,218,204,14,57,53,4,39,38,1,237,179,58,71,59,12
B0103,10,222,District - Begusarai,Rural,Graduate and above other than technical degree,47383,36023,11360,24627,21995,2632,5768,4911,857,3531,3090,441,16988,9117,7871,5616,3515,2101
B0103,10,222,District - Begusarai,Rural,Technical degree or diploma equal to degree or post-graduate degree,3973,3214,759,2057,1788,269,361,316,45,186,164,22,1555,1110,445,546,406,140
B0103,10,222,District - Begusarai,Urban,Total,569823,301352,268471,119718,103136,16582,41656,30128,11528,25598,20029,5569,408449,168088,240361,37771,17839,19932
B0103,10,222,District - Begusarai,Urban,Illiterate,227142,104725,122417,33148,26140,7008,16202,9961,6241,9562,6590,2972,177792,68624,109168,8588,2480,6108
B0103,10,222,District - Begusarai,Urban,Literate,342681,196627,146054,86570,76996,9574,25454,20167,5287,16036,13439,2597,230657,99464,131193,29183,15359,13824
B0103,10,222,District - Begusarai,Urban,Literate but below matric/secondary,203019,110931,92088,36570,33139,3431,14209,11291,2918,8814,7484,1330,152240,66501,85739,10548,4989,5559
B0103,10,222,District - Begusarai,Urban,Matric/secondary but below graduate,85567,50768,34799,26243,23364,2879,6605,5275,1330,4302,3565,737,52719,22129,30590,11866,6539,5327
B0103,10,222,District - Begusarai,Urban,Technical diploma or certificate not equal to degree,355,291,64,194,177,17,13,10,3,9,7,2,148,104,44,57,44,13
B0103,10,222,District - Begusarai,Urban,Graduate and above other than technical degree,33249,22613,10636,16136,14173,1963,2282,1835,447,1477,1209,268,14831,6605,8226,4730,2697,2033
B0103,10,222,District - Begusarai,Urban,Technical degree or diploma equal to degree or post-graduate degree,4659,3566,1093,2397,2057,340,274,217,57,163,134,29,1988,1292,696,780,559,221
B0103,10,223,District - Khagaria,Total,Total,1666886,883786,783100,306283,252177,54106,254522,146039,108483,145508,98018,47490,1106081,485570,620511,72945,29997,42948
B0103,10,223,District - Khagaria,Total,Illiterate,898858,422633,476225,137666,104262,33404,147341,70934,76407,82144,48141,34003,613851,247437,366414,28444,6382,22062
B0103,10,223,District - Khagaria,Total,Literate,768028,461153,306875,168617,147915,20702,107181,75105,32076,63364,49877,13487,492230,238133,254097,44501,23615,20886
B0103,10,223,District - Khagaria,Total,Literate but below matric/secondary,509789,292846,216943,79246,69617,9629,62563,42874,19689,35929,28080,7849,367980,180355,187625,19194,8894,10300
B0103,10,223,District - Khagaria,Total,Matric/secondary but below graduate,155344,103581,51763,51342,45733,5609,23954,18542,5412,14902,12596,2306,80048,39306,40742,17312,10327,6985
B0103,10,223,District - Khagaria,Total,Technical diploma or certificate not equal to degree,598,472,126,255,231,24,106,77,29,76,60,16,237,164,73,78,63,15
B0103,10,223,District - Khagaria,Total,Graduate and above other than technical degree,29349,22396,6953,14777,13369,1408,3539,3003,536,2126,1885,241,11033,6024,5009,3656,2433,1223
B0103,10,223,District - Khagaria,Total,Technical degree or diploma equal to degree or post-graduate degree,2968,2460,508,1527,1376,151,261,215,46,156,135,21,1180,869,311,400,310,90
B0103,10,223,District - Khagaria,Rural,Total,1579727,837281,742446,287022,235059,51963,250575,142946,107629,143542,96241,47301,1042130,459276,582854,68092,27519,40573
B0103,10,223,District - Khagaria,Rural,Illiterate,867683,407981,459702,133128,100520,32608,145958,70034,75924,81541,47628,33913,588597,237427,351170,27686,6102,21584
B0103,10,223,District - Khagaria,Rural,Literate,712044,429300,282744,153894,134539,19355,104617,72912,31705,62001,48613,13388,453533,221849,231684,40406,21417,18989
B0103,10,223,District - Khagaria,Rural,Literate but below matric/secondary,479981,277003,202978,74229,64980,9249,61354,41854,19500,35259,27453,7806,344398,170169,174229,18153,8368,9785
B0103,10,223,District - Khagaria,Rural,Matric/secondary but below graduate,138749,94048,44701,46266,41133,5133,23091,17780,5311,14437,12163,2274,69392,35135,34257,15388,9301,6087
B0103,10,223,District - Khagaria,Rural,Technical diploma or certificate not equal to degree,561,443,118,242,220,22,105,76,29,75,59,16,214,147,67,67,54,13
B0103,10,223,District - Khagaria,Rural,Graduate and above other than technical degree,23076,17983,5093,11495,10439,1056,3246,2740,506,1983,1753,230,8335,4804,3531,2765,1936,829
B0103,10,223,District - Khagaria,Rural,Technical degree or diploma equal to degree or post-graduate degree,2260,1877,383,1117,1011,106,240,198,42,150,132,18,903,668,235,290,228,62
B0103,10,223,District - Khagaria,Urban,Total,87159,46505,40654,19261,17118,2143,3947,3093,854,1966,1777,189,63951,26294,37657,4853,2478,2375
B0103,10,223,District - Khagaria,Urban,Illiterate,31175,14652,16523,4538,3742,796,1383,900,483,603,513,90,25254,10010,15244,758,280,478
B0103,10,223,District - Khagaria,Urban,Literate,55984,31853,24131,14723,13376,1347,2564,2193,371,1363,1264,99,38697,16284,22413,4095,2198,1897
B0103,10,223,District - Khagaria,Urban,Literate but below matric/secondary,29808,15843,13965,5017,4637,380,1209,1020,189,670,627,43,23582,10186,13396,1041,526,515
B0103,10,223,District - Khagaria,Urban,Matric/secondary but below graduate,16595,9533,7062,5076,4600,476,863,762,101,465,433,32,10656,4171,6485,1924,1026,898
B0103,10,223,District - Khagaria,Urban,Technical diploma or certificate not equal to degree,37,29,8,13,11,2,1,1,0,1,1,0,23,17,6,11,9,2
B0103,10,223,District - Khagaria,Urban,Graduate and above other than technical degree,6273,4413,1860,3282,2930,352,293,263,30,143,132,11,2698,1220,1478,891,497,394
B0103,10,223,District - Khagaria,Urban,Technical degree or diploma equal to degree or post-graduate degree,708,583,125,410,365,45,21,17,4,6,3,3,277,201,76,110,82,28
B0103,10,224,District - Bhagalpur,Total,Total,3037766,1615663,1422103,534129,451588,82541,449399,288468,160931,275670,198552,77118,2054238,875607,1178631,160079,77652,82427
B0103,10,224,District - Bhagalpur,Total,Illiterate,1464700,677994,786706,198203,152703,45500,237094,128176,108918,142382,89399,52983,1029403,397115,632288,47298,13366,33932
B0103,10,224,District - Bhagalpur,Total,Literate,1573066,937669,635397,335926,298885,37041,212305,160292,52013,133288,109153,24135,1024835,478492,546343,112781,64286,48495
B0103,10,224,District - Bhagalpur,Total,Literate but below matric/secondary,977546,548582,428964,142131,126162,15969,120410,88574,31836,74735,60523,14212,715005,333846,381159,43149,21337,21812
B0103,10,224,District - Bhagalpur,Total,Matric/secondary but below graduate,382354,246181,136173,111508,100245,11263,58445,47026,11419,37558,32087,5471,212401,98910,113491,46764,28925,17839
B0103,10,224,District - Bhagalpur,Total,Technical diploma or certificate not equal to degree,1827,1460,367,758,710,48,271,222,49,168,142,26,798,528,270,237,187,50
B0103,10,224,District - Bhagalpur,Total,Graduate and above other than technical degree,110561,80511,30050,51652,46880,4772,11689,9869,1820,7197,6260,937,47220,23762,23458,14871,9621,5250
B0103,10,224,District - Bhagalpur,Total,Technical degree or diploma equal to degree or post-graduate degree,12406,9900,2506,6340,5562,778,705,571,134,426,351,75,5361,3767,1594,1844,1390,454
B0103,10,224,District - Bhagalpur,Rural,Total,2435234,1295386,1139848,395958,331904,64054,409875,261706,148169,252973,181844,71129,1629401,701776,927625,115155,54716,60439
B0103,10,224,District - Bhagalpur,Rural,Illiterate,1251528,578596,672932,164596,126478,38118,223186,119874,103312,134246,84017,50229,863746,332244,531502,39271,10589,28682
B0103,10,224,District - Bhagalpur,Rural,Literate,1183706,716790,466916,231362,205426,25936,186689,141832,44857,118727,97827,20900,765655,369532,396123,75884,44127,31757
B0103,10,224,District - Bhagalpur,Rural,Literate but below matric/secondary,780979,444515,336464,106211,93774,12437,108077,79804,28273,67859,55144,12715,566691,270937,295754,32170,16048,16122
B0103,10,224,District - Bhagalpur,Rural,Matric/secondary but below graduate,270570,182713,87857,79183,71100,8083,50713,41329,9384,33097,28569,4528,140674,70284,70390,31271,20196,11075
B0103,10,224,District - Bhagalpur,Rural,Technical diploma or certificate not equal to degree,1324,1068,256,532,504,28,238,201,37,146,130,16,554,363,191,154,126,28
B0103,10,224,District - Bhagalpur,Rural,Graduate and above other than technical degree,56668,43891,12777,26082,23841,2241,8421,7348,1073,5307,4765,542,22165,12702,9463,7241,5095,2146
B0103,10,224,District - Bhagalpur,Rural,Technical degree or diploma equal to degree or post-graduate degree,5059,4190,869,2593,2329,264,386,331,55,243,211,32,2080,1530,550,740,586,154
B0103,10,224,District - Bhagalpur,Urban,Total,602532,320277,282255,138171,119684,18487,39524,26762,12762,22697,16708,5989,424837,173831,251006,44924,22936,21988
B0103,10,224,District - Bhagalpur,Urban,Illiterate,213172,99398,113774,33607,26225,7382,13908,8302,5606,8136,5382,2754,165657,64871,100786,8027,2777,5250
B0103,10,224,District - Bhagalpur,Urban,Literate,389360,220879,168481,104564,93459,11105,25616,18460,7156,14561,11326,3235,259180,108960,150220,36897,20159,16738
B0103,10,224,District - Bhagalpur,Urban,Literate but below matric/secondary,196567,104067,92500,35920,32388,3532,12333,8770,3563,6876,5379,1497,148314,62909,85405,10979,5289,5690
B0103,10,224,District - Bhagalpur,Urban,Matric/secondary but below graduate,111784,63468,48316,32325,29145,3180,7732,5697,2035,4461,3518,943,71727,28626,43101,15493,8729,6764
B0103,10,224,District - Bhagalpur,Urban,Technical diploma or certificate not equal to degree,503,392,111,226,206,20,33,21,12,22,12,10,244,165,79,83,61,22
B0103,10,224,District - Bhagalpur,Urban,Graduate and above other than technical degree,53893,36620,17273,25570,23039,2531,3268,2521,747,1890,1495,395,25055,11060,13995,7630,4526,3104
B0103,10,224,District - Bhagalpur,Urban,Technical degree or diploma equal to degree or post-graduate degree,7347,5710,1637,3747,3233,514,319,240,79,183,140,43,3281,2237,1044,1104,804,300
B0103,10,225,District - Banka,Total,Total,2034763,1067140,967623,374097,295336,78761,396983,222481,174502,208230,141608,66622,1263683,549323,714360,75031,35476,39555
B0103,10,225,District - Banka,Total,Illiterate,1069442,476179,593263,164686,112833,51853,221151,97781,123370,109907,62295,47612,683605,265565,418040,25087,6317,18770
B0103,10,225,District - Banka,Total,Literate,965321,590961,374360,209411,182503,26908,175832,124700,51132,98323,79313,19010,580078,283758,296320,49944,29159,20785
B0103,10,225,District - Banka,Total,Literate but below matric/secondary,669323,389171,280152,112993,97566,15427,110029,75677,34352,60409,47951,12458,446301,215928,230373,22330,11709,10621
B0103,10,225,District - Banka,Total,Matric/secondary but below graduate,192094,132928,59166,61118,54561,6557,40715,32012,8703,24095,20623,3472,90261,46355,43906,19751,12419,7332
B0103,10,225,District - Banka,Total,Technical diploma or certificate not equal to degree,810,638,172,301,280,21,210,165,45,126,107,19,299,193,106,105,82,23
B0103,10,225,District - Banka,Total,Graduate and above other than technical degree,34282,27381,6901,16159,14836,1323,5641,4913,728,3374,3073,301,12482,7632,4850,4283,3115,1168
B0103,10,225,District - Banka,Total,Technical degree or diploma equal to degree or post-graduate degree,2445,2047,398,1130,1035,95,253,200,53,133,111,22,1062,812,250,380,309,71
B0103,10,225,District - Banka,Rural,Total,1963450,1029097,934353,358505,281187,77318,392910,219503,173407,205912,139736,66176,1212035,528407,683628,70773,33146,37627
B0103,10,225,District - Banka,Rural,Illiterate,1041529,463165,578364,160330,109089,51241,219254,96674,122580,108864,61569,47295,661945,257402,404543,24404,6100,18304
B0103,10,225,District - Banka,Rural,Literate,921921,565932,355989,198175,172098,26077,173656,122829,50827,97048,78167,18881,550090,271005,279085,46369,27046,19323
B0103,10,225,District - Banka,Rural,Literate but below matric/secondary,644873,376068,268805,108728,93570,15158,108815,74659,34156,59747,47356,12391,427330,207839,219491,21321,11144,10177
B0103,10,225,District - Banka,Rural,Matric/secondary but below graduate,180030,125745,54285,57342,51067,6275,40080,31443,8637,23673,20238,3435,82608,43235,39373,18079,11451,6628
B0103,10,225,District - Banka,Rural,Technical diploma or certificate not equal to degree,777,608,169,287,266,21,208,163,45,124,105,19,282,179,103,97,75,22
B0103,10,225,District - Banka,Rural,Graduate and above other than technical degree,29745,24066,5679,13757,12631,1126,5446,4741,705,3244,2958,286,10542,6694,3848,3563,2650,913
B0103,10,225,District - Banka,Rural,Technical degree or diploma equal to degree or post-graduate degree,2063,1739,324,929,857,72,245,196,49,129,109,20,889,686,203,321,259,62
B0103,10,225,District - Banka,Urban,Total,71313,38043,33270,15592,14149,1443,4073,2978,1095,2318,1872,446,51648,20916,30732,4258,2330,1928
B0103,10,225,District - Banka,Urban,Illiterate,27913,13014,14899,4356,3744,612,1897,1107,790,1043,726,317,21660,8163,13497,683,217,466
B0103,10,225,District - Banka,Urban,Literate,43400,25029,18371,11236,10405,831,2176,1871,305,1275,1146,129,29988,12753,17235,3575,2113,1462
B0103,10,225,District - Banka,Urban,Literate but below matric/secondary,24450,13103,11347,4265,3996,269,1214,1018,196,662,595,67,18971,8089,10882,1009,565,444
B0103,10,225,District - Banka,Urban,Matric/secondary but below graduate,12064,7183,4881,3776,3494,282,635,569,66,422,385,37,7653,3120,4533,1672,968,704
B0103,10,225,District - Banka,Urban,Technical diploma or certificate not equal to degree,33,30,3,14,14,0,2,2,0,2,2,0,17,14,3,8,7,1
B0103,10,225,District - Banka,Urban,Graduate and above other than technical degree,4537,3315,1222,2402,2205,197,195,172,23,130,115,15,1940,938,1002,720,465,255
B0103,10,225,District - Banka,Urban,Technical degree or diploma equal to degree or post-graduate degree,382,308,74,201,178,23,8,4,4,4,2,2,173,126,47,59,50,9
B0103,10,226,District - Munger,Total,Total,1367765,729041,638724,233402,198949,34453,193256,128504,64752,113983,85175,28808,941107,401588,539519,81593,43672,37921
B0103,10,226,District - Munger,Total,Illiterate,565948,255300,310648,68248,50549,17699,85903,44879,41024,47431,29319,18112,411797,159872,251925,15940,4494,11446
B0103,10,226,District - Munger,Total,Literate,801817,473741,328076,165154,148400,16754,107353,83625,23728,66552,55856,10696,529310,241716,287594,65653,39178,26475
B0103,10,226,District - Munger,Total,Literate but below matric/secondary,449587,245333,204254,58685,52095,6590,53247,39210,14037,32528,26396,6132,337655,154028,183627,18666,9282,9384
B0103,10,226,District - Munger,Total,Matric/secondary but below graduate,235810,153000,82810,65047,59371,5676,35634,30058,5576,22841,20220,2621,135129,63571,71558,32911,20937,11974
B0103,10,226,District - Munger,Total,Technical diploma or certificate not equal to degree,748,640,108,293,279,14,69,60,9,39,35,4,386,301,85,155,138,17
B0103,10,226,District - Munger,Total,Graduate and above other than technical degree,53440,38766,14674,23620,21433,2187,5735,5020,715,3427,3039,388,24085,12313,11772,8889,5926,2963
B0103,10,226,District - Munger,Total,Technical degree or diploma equal to degree or post-graduate degree,4901,3973,928,2343,2074,269,367,320,47,190,166,24,2191,1579,612,878,693,185
B0103,10,226,District - Munger,Rural,Total,987645,527299,460346,157505,131347,26158,167683,108155,59528,99034,72460,26574,662457,287797,374660,49772,25955,23817
B0103,10,226,District - Munger,Rural,Illiterate,450624,203058,247566,55250,40076,15174,78689,39973,38716,43364,26150,17214,316685,123009,193676,12233,3288,8945
B0103,10,226,District - Munger,Rural,Literate,537021,324241,212780,102255,91271,10984,88994,68182,20812,55670,46310,9360,345772,164788,180984,37539,22667,14872
B0103,10,226,District - Munger,Rural,Literate but below matric/secondary,328671,183584,145087,41078,36135,4943,45918,33148,12770,28167,22520,5647,241675,114301,127374,12846,6488,6358
B0103,10,226,District - Munger,Rural,Matric/secondary but below graduate,143304,98038,45266,39986,36290,3696,28600,24009,4591,18498,16399,2099,74718,37739,36979,18290,12022,6268
B0103,10,226,District - Munger,Rural,Technical diploma or certificate not equal to degree,452,393,59,168,162,6,54,48,6,32,29,3,230,183,47,82,77,5
B0103,10,226,District - Munger,Rural,Graduate and above other than technical degree,23298,18240,5058,10258,9474,784,3673,3277,396,2300,2093,207,9367,5489,3878,3483,2509,974
B0103,10,226,District - Munger,Rural,Technical degree or diploma equal to degree or post-graduate degree,1857,1572,285,875,791,84,207,183,24,131,120,11,775,598,177,321,271,50
B0103,10,226,District - Munger,Urban,Total,380120,201742,178378,75897,67602,8295,25573,20349,5224,14949,12715,2234,278650,113791,164859,31821,17717,14104
B0103,10,226,District - Munger,Urban,Illiterate,115324,52242,63082,12998,10473,2525,7214,4906,2308,4067,3169,898,95112,36863,58249,3707,1206,2501
B0103,10,226,District - Munger,Urban,Literate,264796,149500,115296,62899,57129,5770,18359,15443,2916,10882,9546,1336,183538,76928,106610,28114,16511,11603
B0103,10,226,District - Munger,Urban,Literate but below matric/secondary,120916,61749,59167,17607,15960,1647,7329,6062,1267,4361,3876,485,95980,39727,56253,5820,2794,3026
B0103,10,226,District - Munger,Urban,Matric/secondary but below graduate,92506,54962,37544,25061,23081,1980,7034,6049,985,4343,3821,522,60411,25832,34579,14621,8915,5706
B0103,10,226,District - Munger,Urban,Technical diploma or certificate not equal to degree,296,247,49,125,117,8,15,12,3,7,6,1,156,118,38,73,61,12
B0103,10,226,District - Munger,Urban,Graduate and above other than technical degree,30142,20526,9616,13362,11959,1403,2062,1743,319,1127,946,181,14718,6824,7894,5406,3417,1989
B0103,10,226,District - Munger,Urban,Technical degree or diploma equal to degree or post-graduate degree,3044,2401,643,1468,1283,185,160,137,23,59,46,13,1416,981,435,557,422,135
B0103,10,227,District - Lakhisarai,Total,Total,1000912,526345,474567,201866,163186,38680,124710,77308,47402,71864,50716,21148,674336,285851,388485,47746,21476,26270
B0103,10,227,District - Lakhisarai,Total,Illiterate,493642,221163,272479,82256,57036,25220,65492,32356,33136,37053,21678,15375,345894,131771,214123,14817,3442,11375
B0103,10,227,District - Lakhisarai,Total,Literate,507270,305182,202088,119610,106150,13460,59218,44952,14266,34811,29038,5773,328442,154080,174362,32929,18034,14895
B0103,10,227,District - Lakhisarai,Total,Literate but below matric/secondary,313789,175967,137822,47854,42117,5737,30097,21599,8498,16791,13598,3193,235838,112251,123587,12110,5727,6383
B0103,10,227,District - Lakhisarai,Total,Matric/secondary but below graduate,128614,87655,40959,45896,41544,4352,18482,15538,2944,11808,10426,1382,64236,30573,33663,15255,9108,6147
B0103,10,227,District - Lakhisarai,Total,Technical diploma or certificate not equal to degree,458,384,74,187,162,25,50,44,6,35,32,3,221,178,43,86,73,13
B0103,10,227,District - Lakhisarai,Total,Graduate and above other than technical degree,20275,15679,4596,10605,9580,1025,2338,2052,286,1410,1279,131,7332,4047,3285,2498,1700,798
B0103,10,227,District - Lakhisarai,Total,Technical degree or diploma equal to degree or post-graduate degree,1910,1590,320,980,874,106,142,119,23,78,69,9,788,597,191,289,232,57
B0103,10,227,District - Lakhisarai,Rural,Total,857901,450863,407038,171380,136654,34726,112781,68863,43918,65276,45640,19636,573740,245346,328394,38779,17563,21216
B0103,10,227,District - Lakhisarai,Rural,Illiterate,435279,194718,240561,73529,50363,23166,60581,29519,31062,34195,19851,14344,301169,114836,186333,12630,2925,9705
B0103,10,227,District - Lakhisarai,Rural,Literate,422622,256145,166477,97851,86291,11560,52200,39344,12856,31081,25789,5292,272571,130510,142061,26149,14638,11511
B0103,10,227,District - Lakhisarai,Rural,Literate but below matric/secondary,267476,150969,116507,40204,35140,5064,26752,19044,7708,15046,12108,2938,200520,96785,103735,9839,4759,5080
B0103,10,227,District - Lakhisarai,Rural,Matric/secondary but below graduate,103765,72434,31331,37698,33992,3706,16180,13612,2568,10518,9276,1242,49887,24830,25057,12157,7468,4689
B0103,10,227,District - Lakhisarai,Rural,Technical diploma or certificate not equal to degree,369,307,62,153,129,24,40,36,4,28,26,2,176,142,34,70,61,9
B0103,10,227,District - Lakhisarai,Rural,Graduate and above other than technical degree,13661,10839,2822,7199,6493,706,1711,1525,186,1107,1013,94,4751,2821,1930,1694,1199,495
B0103,10,227,District - Lakhisarai,Rural,Technical degree or diploma equal to degree or post-graduate degree,1237,1038,199,616,555,61,102,85,17,62,54,8,519,398,121,195,160,35
B0103,10,227,District - Lakhisarai,Urban,Total,143011,75482,67529,30486,26532,3954,11929,8445,3484,6588,5076,1512,100596,40505,60091,8967,3913,5054
B0103,10,227,District - Lakhisarai,Urban,Illiterate,58363,26445,31918,8727,6673,2054,4911,2837,2074,2858,1827,1031,44725,16935,27790,2187,517,1670
B0103,10,227,District - Lakhisarai,Urban,Literate,84648,49037,35611,21759,19859,1900,7018,5608,1410,3730,3249,481,55871,23570,32301,6780,3396,3384
B0103,10,227,District - Lakhisarai,Urban,Literate but below matric/secondary,46313,24998,21315,7650,6977,673,3345,2555,790,1745,1490,255,35318,15466,19852,2271,968,1303
B0103,10,227,District - Lakhisarai,Urban,Matric/secondary but below graduate,24849,15221,9628,8198,7552,646,2302,1926,376,1290,1150,140,14349,5743,8606,3098,1640,1458
B0103,10,227,District - Lakhisarai,Urban,Technical diploma or certificate not equal to degree,89,77,12,34,33,1,10,8,2,7,6,1,45,36,9,16,12,4
B0103,10,227,District - Lakhisarai,Urban,Graduate and above other than technical degree,6614,4840,1774,3406,3087,319,627,527,100,303,266,37,2581,1226,1355,804,501,303
B0103,10,227,District - Lakhisarai,Urban,Technical degree or diploma equal to degree or post-graduate degree,673,552,121,364,319,45,40,34,6,16,15,1,269,199,70,94,72,22
B0103,10,228,District - Sheikhpura,Total,Total,636342,329743,306599,148002,109905,38097,76653,41664,34989,35030,23012,12018,411687,178174,233513,27427,12358,15069
B0103,10,228,District - Sheikhpura,Total,Illiterate,307666,133312,174354,61873,36551,25322,37832,15130,22702,16080,8276,7804,207961,81631,126330,7501,1614,5887
B0103,10,228,District - Sheikhpura,Total,Literate,328676,196431,132245,86129,73354,12775,38821,26534,12287,18950,14736,4214,203726,96543,107183,19926,10744,9182
B0103,10,228,District - Sheikhpura,Total,Literate but below matric/secondary,204568,114391,90177,37137,30804,6333,20278,13184,7094,9357,7100,2257,147153,70403,76750,7701,3637,4064
B0103,10,228,District - Sheikhpura,Total,Matric/secondary but below graduate,78656,53700,24956,29858,26763,3095,11231,8811,2420,6111,5169,942,37567,18126,19441,8853,5135,3718
B0103,10,228,District - Sheikhpura,Total,Technical diploma or certificate not equal to degree,266,234,32,111,103,8,23,20,3,16,14,2,132,111,21,50,46,4
B0103,10,228,District - Sheikhpura,Total,Graduate and above other than technical degree,13942,11124,2818,7159,6581,578,1792,1536,256,973,864,109,4991,3007,1984,1669,1197,472
B0103,10,228,District - Sheikhpura,Total,Technical degree or diploma equal to degree or post-graduate degree,1270,1083,187,639,584,55,94,84,10,56,53,3,537,415,122,200,169,31
B0103,10,228,District - Sheikhpura,Rural,Total,527340,272360,254980,125966,90563,35403,67336,35689,31647,29679,19179,10500,334038,146108,187930,20893,9113,11780
B0103,10,228,District - Sheikhpura,Rural,Illiterate,262845,113236,149609,55254,31335,23919,33804,13047,20757,13664,6835,6829,173787,68854,104933,6107,1233,4874
B0103,10,228,District - Sheikhpura,Rural,Literate,264495,159124,105371,70712,59228,11484,33532,22642,10890,16015,12344,3671,160251,77254,82997,14786,7880,6906
B0103,10,228,District - Sheikhpura,Rural,Literate but below matric/secondary,168347,94810,73537,31441,25561,5880,17864,11461,6403,8012,6023,1989,119042,57788,61254,6145,2889,3256
B0103,10,228,District - Sheikhpura,Rural,Matric/secondary but below graduate,59885,42108,17777,24070,21431,2639,9369,7377,1992,5071,4287,784,26446,13300,13146,6291,3676,2615
B0103,10,228,District - Sheikhpura,Rural,Technical diploma or certificate not equal to degree,191,173,18,75,68,7,18,16,2,11,10,1,98,89,9,39,35,4
B0103,10,228,District - Sheikhpura,Rural,Graduate and above other than technical degree,9027,7415,1612,4744,4366,378,1327,1145,182,711,634,77,2956,1904,1052,993,739,254
B0103,10,228,District - Sheikhpura,Rural,Technical degree or diploma equal to degree or post-graduate degree,731,643,88,375,347,28,62,56,6,32,31,1,294,240,54,99,91,8
B0103,10,228,District - Sheikhpura,Urban,Total,109002,57383,51619,22036,19342,2694,9317,5975,3342,5351,3833,1518,77649,32066,45583,6534,3245,3289
B0103,10,228,District - Sheikhpura,Urban,Illiterate,44821,20076,24745,6619,5216,1403,4028,2083,1945,2416,1441,975,34174,12777,21397,1394,381,1013
B0103,10,228,District - Sheikhpura,Urban,Literate,64181,37307,26874,15417,14126,1291,5289,3892,1397,2935,2392,543,43475,19289,24186,5140,2864,2276
B0103,10,228,District - Sheikhpura,Urban,Literate but below matric/secondary,36221,19581,16640,5696,5243,453,2414,1723,691,1345,1077,268,28111,12615,15496,1556,748,808
B0103,10,228,District - Sheikhpura,Urban,Matric/secondary but below graduate,18771,11592,7179,5788,5332,456,1862,1434,428,1040,882,158,11121,4826,6295,2562,1459,1103
B0103,10,228,District - Sheikhpura,Urban,Technical diploma or certificate not equal to degree,75,61,14,36,35,1,5,4,1,5,4,1,34,22,12,11,11,0
B0103,10,228,District - Sheikhpura,Urban,Graduate and above other than technical degree,4915,3709,1206,2415,2215,200,465,391,74,262,230,32,2035,1103,932,676,458,218
B0103,10,228,District - Sheikhpura,Urban,Technical degree or diploma equal to degree or post-graduate degree,539,440,99,264,237,27,32,28,4,24,22,2,243,175,68,101,78,23
B0103,10,229,District - Nalanda,Total,Total,2877653,1497060,1380593,740949,545915,195034,304471,157490,146981,148131,91513,56618,1832233,793655,1038578,128862,62722,66140
B0103,10,229,District - Nalanda,Total,Illiterate,1357720,577502,780218,293773,167523,126250,156496,58297,98199,73160,34485,38675,907451,351682,555769,32266,7895,24371
B0103,10,229,District - Nalanda,Total,Literate,1519933,919558,600375,447176,378392,68784,147975,99193,48782,74971,57028,17943,924782,441973,482809,96596,54827,41769
B0103,10,229,District - Nalanda,Total,Literate but below matric/secondary,911150,509656,401494,187057,153139,33918,76683,48407,28276,37638,27703,9935,647410,308110,339300,33352,16090,17262
B0103,10,229,District - Nalanda,Total,Matric/secondary but below graduate,416349,275168,141181,167737,145619,22118,47522,34202,13320,24975,19913,5062,201090,95347,105743,44938,26481,18457
B0103,10,229,District - Nalanda,Total,Technical diploma or certificate not equal to degree,1242,1105,137,466,430,36,88,81,7,62,57,5,688,594,94,255,233,22
B0103,10,229,District - Nalanda,Total,Graduate and above other than technical degree,97770,76905,20865,53674,48796,4878,9386,7705,1681,5105,4371,734,34710,20404,14306,11969,8489,3480
B0103,10,229,District - Nalanda,Total,Technical degree or diploma equal to degree or post-graduate degree,9635,7949,1686,4703,4182,521,640,528,112,338,284,54,4292,3239,1053,1563,1258,305
B0103,10,229,District - Nalanda,Rural,Total,2419759,1257728,1162031,631690,456040,175650,281044,142641,138403,136728,83666,53062,1507025,659047,847978,99296,47086,52210
B0103,10,229,District - Nalanda,Rural,Illiterate,1187568,501205,686363,264016,146764,117252,147721,53702,94019,69079,31992,37087,775831,300739,475092,27359,6186,21173
B0103,10,229,District - Nalanda,Rural,Literate,1232191,756523,475668,367674,309276,58398,133323,88939,44384,67649,51674,15975,731194,358308,372886,71937,40900,31037
B0103,10,229,District - Nalanda,Rural,Literate but below matric/secondary,765586,433776,331810,160077,130239,29838,70638,44402,26236,34796,25668,9128,534871,259135,275736,27051,12971,14080
B0103,10,229,District - Nalanda,Rural,Matric/secondary but below graduate,329609,225533,104076,140670,121936,18734,42605,30763,11842,22383,18048,4335,146334,72834,73500,33416,20132,13284
B0103,10,229,District - Nalanda,Rural,Technical diploma or certificate not equal to degree,894,813,81,338,311,27,73,68,5,53,50,3,483,434,49,178,167,11
B0103,10,229,District - Nalanda,Rural,Graduate and above other than technical degree,64067,52186,11881,36475,33243,3232,7428,6090,1338,4065,3517,548,20164,12853,7311,7251,5311,1940
B0103,10,229,District - Nalanda,Rural,Technical degree or diploma equal to degree or post-graduate degree,5188,4392,796,2556,2290,266,415,350,65,218,189,29,2217,1752,465,829,693,136
B0103,10,229,District - Nalanda,Urban,Total,457894,239332,218562,109259,89875,19384,23427,14849,8578,11403,7847,3556,325208,134608,190600,29566,15636,13930
B0103,10,229,District - Nalanda,Urban,Illiterate,170152,76297,93855,29757,20759,8998,8775,4595,4180,4081,2493,1588,131620,50943,80677,4907,1709,3198
B0103,10,229,District - Nalanda,Urban,Literate,287742,163035,124707,79502,69116,10386,14652,10254,4398,7322,5354,1968,193588,83665,109923,24659,13927,10732
B0103,10,229,District - Nalanda,Urban,Literate but below matric/secondary,145564,75880,69684,26980,22900,4080,6045,4005,2040,2842,2035,807,112539,48975,63564,6301,3119,3182
B0103,10,229,District - Nalanda,Urban,Matric/secondary but below graduate,86740,49635,37105,27067,23683,3384,4917,3439,1478,2592,1865,727,54756,22513,32243,11522,6349,5173
B0103,10,229,District - Nalanda,Urban,Technical diploma or certificate not equal to degree,348,292,56,128,119,9,15,13,2,9,7,2,205,160,45,77,66,11
B0103,10,229,District - Nalanda,Urban,Graduate and above other than technical degree,33703,24719,8984,17199,15553,1646,1958,1615,343,1040,854,186,14546,7551,6995,4718,3178,1540
B0103,10,229,District - Nalanda,Urban,Technical degree or diploma equal to degree or post-graduate degree,4447,3557,890,2147,1892,255,225,178,47,120,95,25,2075,1487,588,734,565,169
B0103,10,230,District - Patna,Total,Total,5838465,3078512,2759953,1371267,1121391,249876,510619,315020,195599,268887,185351,83536,3956579,1642101,2314478,334252,159605,174647
B0103,10,230,District - Patna,Total,Illiterate,2378786,1050465,1328321,407731,273466,134265,228158,108439,119719,115238,64427,50811,1742897,668560,1074337,72714,19263,53451
B0103,10,230,District - Patna,Total,Literate,3459679,2028047,1431632,963536,847925,115611,282461,206581,75880,153649,120924,32725,2213682,973541,1240141,261538,140342,121196
B0103,10,230,District - Patna,Total,Literate but below matric/secondary,1833668,1000606,833062,340054,295826,44228,135170,95632,39538,70944,55860,15084,1358444,609148,749296,82120,38529,43591
B0103,10,230,District - Patna,Total,Matric/secondary but below graduate,954663,586281,368382,318521,287068,31453,87171,67217,19954,50337,40759,9578,548971,231996,316975,109792,62108,47684
B0103,10,230,District - Patna,Total,Technical diploma or certificate not equal to degree,3749,3065,684,1474,1328,146,251,210,41,149,126,23,2024,1527,497,660,537,123
B0103,10,230,District - Patna,Total,Graduate and above other than technical degree,416140,284399,131741,209831,186048,23783,29036,22406,6630,16024,12439,3585,177273,75945,101328,47359,27121,20238
B0103,10,230,District - Patna,Total,Technical degree or diploma equal to degree or post-graduate degree,59071,44470,14601,30666,25668,4998,3304,2501,803,1837,1383,454,25101,16301,8800,7812,5453,2359
B0103,10,230,District - Patna,Rural,Total,3323875,1746025,1577850,766868,600695,166173,372440,221615,150825,197062,134326,62736,2184567,923715,1260852,150388,67846,82542
B0103,10,230,District - Patna,Rural,Illiterate,1633503,710552,922951,301163,191348,109815,189011,85523,103488,95662,51741,43921,1143329,433681,709648,46820,10667,36153
B0103,10,230,District - Patna,Rural,Literate,1690372,1035473,654899,465705,409347,56358,183429,136092,47337,101400,82585,18815,1041238,490034,551204,103568,57179,46389
B0103,10,230,District - Patna,Rural,Literate but below matric/secondary,1060399,600704,459695,206212,176713,29499,97472,68958,28514,51887,41476,10411,756715,355033,401682,42509,20088,22421
B0103,10,230,District - Patna,Rural,Matric/secondary but below graduate,434005,297506,136499,171727,155206,16521,55715,44564,11151,32685,27783,4902,206563,97736,108827,45012,27110,17902
B0103,10,230,District - Patna,Rural,Technical diploma or certificate not equal to degree,1013,891,122,368,336,32,77,72,5,50,48,2,568,483,85,210,190,20
B0103,10,230,District - Patna,Rural,Graduate and above other than technical degree,89595,73291,16304,51244,47748,3496,10270,9025,1245,6138,5520,618,28081,16518,11563,8914,6389,2525
B0103,10,230,District - Patna,Rural,Technical degree or diploma equal to degree or post-graduate degree,5767,4777,990,2811,2534,277,466,399,67,272,241,31,2490,1844,646,865,683,182
B0103,10,230,District - Patna,Urban,Total,2514590,1332487,1182103,604399,520696,83703,138179,93405,44774,71825,51025,20800,1772012,718386,1053626,183864,91759,92105
B0103,10,230,District - Patna,Urban,Illiterate,745283,339913,405370,106568,82118,24450,39147,22916,16231,19576,12686,6890,599568,234879,364689,25894,8596,17298
B0103,10,230,District - Patna,Urban,Literate,1769307,992574,776733,497831,438578,59253,99032,70489,28543,52249,38339,13910,1172444,483507,688937,157970,83163,74807
B0103,10,230,District - Patna,Urban,Literate but below matric/secondary,773269,399902,373367,133842,119113,14729,37698,26674,11024,19057,14384,4673,601729,254115,347614,39611,18441,21170
B0103,10,230,District - Patna,Urban,Matric/secondary but below graduate,520658,288775,231883,146794,131862,14932,31456,22653,8803,17652,12976,4676,342408,134260,208148,64780,34998,29782
B0103,10,230,District - Patna,Urban,Technical diploma or certificate not equal to degree,2736,2174,562,1106,992,114,174,138,36,99,78,21,1456,1044,412,450,347,103
B0103,10,230,District - Patna,Urban,Graduate and above other than technical degree,326545,211108,115437,158587,138300,20287,18766,13381,5385,9886,6919,2967,149192,59427,89765,38445,20732,17713
B0103,10,230,District - Patna,Urban,Technical degree or diploma equal to degree or post-graduate degree,53304,39693,13611,27855,23134,4721,2838,2102,736,1565,1142,423,22611,14457,8154,6947,4770,2177
B0103,10,231,District - Bhojpur,Total,Total,2728407,1430380,1298027,512009,434666,77343,310484,205617,104867,154883,119275,35608,1905914,790097,1115817,150326,82313,68013
B0103,10,231,District - Bhojpur,Total,Illiterate,1129256,456894,672362,132522,90855,41667,121312,56275,65037,54812,32680,22132,875422,309764,565658,32062,8486,23576
B0103,10,231,District - Bhojpur,Total,Literate,1599151,973486,625665,379487,343811,35676,189172,149342,39830,100071,86595,13476,1030492,480333,550159,118264,73827,44437
B0103,10,231,District - Bhojpur,Total,Literate but below matric/secondary,1009158,562035,447123,173435,154702,18733,106848,80680,26168,54912,46601,8311,728875,326653,402222,46126,24612,21514
B0103,10,231,District - Bhojpur,Total,Matric/secondary but below graduate,407237,284047,123190,132621,123456,9165,56680,48459,8221,31724,28475,3249,217936,112132,105804,51386,34797,16589
B0103,10,231,District - Bhojpur,Total,Technical diploma or certificate not equal to degree,772,690,82,241,228,13,92,80,12,54,50,4,439,382,57,182,166,16
B0103,10,231,District - Bhojpur,Total,Graduate and above other than technical degree,103154,81173,21981,49006,45596,3410,12079,10859,1220,7051,6473,578,42069,24718,17351,15177,11090,4087
B0103,10,231,District - Bhojpur,Total,Technical degree or diploma equal to degree or post-graduate degree,6891,5606,1285,3375,3026,349,522,448,74,306,268,38,2994,2132,862,1189,925,264
B0103,10,231,District - Bhojpur,Rural,Total,2338546,1224274,1114272,433605,364517,69088,288743,189003,99740,142531,109234,33297,1616198,670754,945444,116487,63647,52840
B0103,10,231,District - Bhojpur,Rural,Illiterate,999483,399555,599928,117199,78521,38678,114356,51792,62564,51018,29886,21132,767928,269242,498686,26992,6651,20341
B0103,10,231,District - Bhojpur,Rural,Literate,1339063,824719,514344,316406,285996,30410,174387,137211,37176,91513,79348,12165,848270,401512,446758,89495,56996,32499
B0103,10,231,District - Bhojpur,Rural,Literate but below matric/secondary,874341,492089,382252,152030,135001,17029,99565,74765,24800,50750,43025,7725,622746,282323,340423,37601,20284,17317
B0103,10,231,District - Bhojpur,Rural,Matric/secondary but below graduate,333146,240563,92583,112982,105355,7627,52300,44837,7463,29181,26359,2822,167864,90371,77493,39370,27655,11715
B0103,10,231,District - Bhojpur,Rural,Technical diploma or certificate not equal to degree,587,536,51,178,169,9,86,75,11,49,46,3,323,292,31,141,130,11
B0103,10,231,District - Bhojpur,Rural,Graduate and above other than technical degree,64959,53945,11014,31450,29527,1923,10033,9119,914,5809,5420,389,23476,15299,8177,8577,6789,1788
B0103,10,231,District - Bhojpur,Rural,Technical degree or diploma equal to degree or post-graduate degree,3114,2674,440,1468,1362,106,333,298,35,178,161,17,1313,1014,299,503,428,75
B0103,10,231,District - Bhojpur,Urban,Total,389861,206106,183755,78404,70149,8255,21741,16614,5127,12352,10041,2311,289716,119343,170373,33839,18666,15173
B0103,10,231,District - Bhojpur,Urban,Illiterate,129773,57339,72434,15323,12334,2989,6956,4483,2473,3794,2794,1000,107494,40522,66972,5070,1835,3235
B0103,10,231,District - Bhojpur,Urban,Literate,260088,148767,111321,63081,57815,5266,14785,12131,2654,8558,7247,1311,182222,78821,103401,28769,16831,11938
B0103,10,231,District - Bhojpur,Urban,Literate but below matric/secondary,134817,69946,64871,21405,19701,1704,7283,5915,1368,4162,3576,586,106129,44330,61799,8525,4328,4197
B0103,10,231,District - Bhojpur,Urban,Matric/secondary but below graduate,74091,43484,30607,19639,18101,1538,4380,3622,758,2543,2116,427,50072,21761,28311,12016,7142,4874
B0103,10,231,District - Bhojpur,Urban,Technical diploma or certificate not equal to degree,185,154,31,63,59,4,6,5,1,5,4,1,116,90,26,41,36,5
B0103,10,231,District - Bhojpur,Urban,Graduate and above other than technical degree,38195,27228,10967,17556,16069,1487,2046,1740,306,1242,1053,189,18593,9419,9174,6600,4301,2299
B0103,10,231,District - Bhojpur,Urban,Technical degree or diploma equal to degree or post-graduate degree,3777,2932,845,1907,1664,243,189,150,39,128,107,21,1681,1118,563,686,497,189
B0103,10,232,District - Buxar,Total,Total,1706352,887977,818375,328547,278552,49995,209775,123628,86147,99043,70252,28791,1168030,485797,682233,80690,41809,38881
B0103,10,232,District - Buxar,Total,Illiterate,716545,294433,422112,93131,64360,28771,91838,35863,55975,39588,20273,19315,531576,194210,337366,16561,3844,12717
B0103,10,232,District - Buxar,Total,Literate,989807,593544,396263,235416,214192,21224,117937,87765,30172,59455,49979,9476,636454,291587,344867,64129,37965,26164
B0103,10,232,District - Buxar,Total,Literate but below matric/secondary,634665,346798,287867,104426,92994,11432,67889,46755,21134,32962,26532,6430,462350,207049,255301,24543,12130,12413
B0103,10,232,District - Buxar,Total,Matric/secondary but below graduate,249263,172309,76954,85052,79411,5641,35495,29867,5628,19240,17286,1954,128716,63031,65685,28642,18395,10247
B0103,10,232,District - Buxar,Total,Technical diploma or certificate not equal to degree,527,482,45,198,192,6,55,51,4,28,27,1,274,239,35,100,93,7
B0103,10,232,District - Buxar,Total,Graduate and above other than technical degree,59200,46583,12617,30306,28025,2281,6669,5950,719,3627,3347,280,22225,12608,9617,7942,5589,2353
B0103,10,232,District - Buxar,Total,Technical degree or diploma equal to degree or post-graduate degree,3762,3198,564,1927,1775,152,255,227,28,128,120,8,1580,1196,384,669,547,122
B0103,10,232,District - Buxar,Rural,Total,1541853,801086,740767,291918,246323,45595,202283,118309,83974,95384,67289,28095,1047652,436454,611198,67856,34617,33239
B0103,10,232,District - Buxar,Rural,Illiterate,663673,271003,392670,85822,58757,27065,89369,34506,54863,38418,19454,18964,488482,177740,310742,14925,3178,11747
B0103,10,232,District - Buxar,Rural,Literate,878180,530083,348097,206096,187566,18530,112914,83803,29111,56966,47835,9131,559170,258714,300456,52931,31439,21492
B0103,10,232,District - Buxar,Rural,Literate but below matric/secondary,576826,316598,260228,94589,84053,10536,65430,44872,20558,31690,25443,6247,416807,187673,229134,21325,10413,10912
B0103,10,232,District - Buxar,Rural,Matric/secondary but below graduate,217849,154101,63748,75917,71063,4854,34001,28656,5345,18496,16643,1853,107931,54382,53549,23869,15637,8232
B0103,10,232,District - Buxar,Rural,Technical diploma or certificate not equal to degree,431,398,33,160,155,5,54,50,4,27,26,1,217,193,24,78,73,5
B0103,10,232,District - Buxar,Rural,Graduate and above other than technical degree,44255,35952,8303,22739,21186,1553,6045,5432,613,3347,3103,244,15471,9334,6137,5457,4001,1456
B0103,10,232,District - Buxar,Rural,Technical degree or diploma equal to degree or post-graduate degree,2424,2090,334,1204,1114,90,207,183,24,107,100,7,1013,793,220,443,375,68
B0103,10,232,District - Buxar,Urban,Total,164499,86891,77608,36629,32229,4400,7492,5319,2173,3659,2963,696,120378,49343,71035,12834,7192,5642
B0103,10,232,District - Buxar,Urban,Illiterate,52872,23430,29442,7309,5603,1706,2469,1357,1112,1170,819,351,43094,16470,26624,1636,666,970
B0103,10,232,District - Buxar,Urban,Literate,111627,63461,48166,29320,26626,2694,5023,3962,1061,2489,2144,345,77284,32873,44411,11198,6526,4672
B0103,10,232,District - Buxar,Urban,Literate but below matric/secondary,57839,30200,27639,9837,8941,896,2459,1883,576,1272,1089,183,45543,19376,26167,3218,1717,1501
B0103,10,232,District - Buxar,Urban,Matric/secondary but below graduate,31414,18208,13206,9135,8348,787,1494,1211,283,744,643,101,20785,8649,12136,4773,2758,2015
B0103,10,232,District - Buxar,Urban,Technical diploma or certificate not equal to degree,96,84,12,38,37,1,1,1,0,1,1,0,57,46,11,22,20,2
B0103,10,232,District - Buxar,Urban,Graduate and above other than technical degree,14945,10631,4314,7567,6839,728,624,518,106,280,244,36,6754,3274,3480,2485,1588,897
B0103,10,232,District - Buxar,Urban,Technical degree or diploma equal to degree or post-graduate degree,1338,1108,230,723,661,62,48,44,4,21,20,1,567,403,164,226,172,54
B0103,10,233,District - Kaimur (Bhabua),Total,Total,1626384,847006,779378,284646,235244,49402,226517,140715,85802,108927,78008,30919,1115221,471047,644174,64890,31704,33186
B0103,10,233,District - Kaimur (Bhabua),Total,Illiterate,706108,297083,409025,86858,58536,28322,98848,43694,55154,44580,23881,20699,520402,194853,325549,15739,3241,12498
B0103,10,233,District - Kaimur (Bhabua),Total,Literate,920276,549923,370353,197788,176708,21080,127669,97021,30648,64347,54127,10220,594819,276194,318625,49151,28463,20688
B0103,10,233,District - Kaimur (Bhabua),Total,Literate but below matric/secondary,583760,325966,257794,86874,76763,10111,69228,51307,17921,34597,28747,5850,427658,197896,229762,20398,10150,10248
B0103,10,233,District - Kaimur (Bhabua),Total,Matric/secondary but below graduate,186731,126846,59885,56831,52183,4648,29212,24290,4922,15605,13866,1739,100688,50373,50315,18128,11754,6374
B0103,10,233,District - Kaimur (Bhabua),Total,Technical diploma or certificate not equal to degree,480,420,60,140,134,6,47,40,7,28,25,3,293,246,47,89,83,6
B0103,10,233,District - Kaimur (Bhabua),Total,Graduate and above other than technical degree,49320,38679,10641,23701,21780,1921,7425,6594,831,3890,3567,323,18194,10305,7889,5480,3955,1525
B0103,10,233,District - Kaimur (Bhabua),Total,Technical degree or diploma equal to degree or post-graduate degree,3451,2952,499,1573,1441,132,373,318,55,172,153,19,1505,1193,312,509,441,68
B0103,10,233,District - Kaimur (Bhabua),Rural,Total,1560813,812298,748515,272375,223955,48420,222777,137677,85100,107375,76674,30701,1065661,450666,614995,60925,29372,31553
B0103,10,233,District - Kaimur (Bhabua),Rural,Illiterate,686768,288573,398195,85140,57055,28085,97884,43052,54832,44206,23592,20614,503744,188466,315278,15249,3041,12208
B0103,10,233,District - Kaimur (Bhabua),Rural,Literate,874045,523725,350320,187235,166900,20335,124893,94625,30268,63169,53082,10087,561917,262200,299717,45676,26331,19345
B0103,10,233,District - Kaimur (Bhabua),Rural,Literate but below matric/secondary,560101,313883,246218,83774,73833,9941,68043,50289,17754,34132,28325,5807,408284,189761,218523,19331,9627,9704
B0103,10,233,District - Kaimur (Bhabua),Rural,Matric/secondary but below graduate,174245,119551,54694,53611,49173,4438,28405,23598,4807,15194,13509,1685,92229,46780,45449,16824,10915,5909
B0103,10,233,District - Kaimur (Bhabua),Rural,Technical diploma or certificate not equal to degree,450,393,57,131,125,6,45,38,7,26,23,3,274,230,44,82,76,6
B0103,10,233,District - Kaimur (Bhabua),Rural,Graduate and above other than technical degree,43031,34128,8903,20696,19030,1666,6979,6201,778,3687,3390,297,15356,8897,6459,4683,3395,1288
B0103,10,233,District - Kaimur (Bhabua),Rural,Technical degree or diploma equal to degree or post-graduate degree,2829,2429,400,1293,1192,101,341,288,53,160,142,18,1195,949,246,407,351,56
B0103,10,233,District - Kaimur (Bhabua),Urban,Total,65571,34708,30863,12271,11289,982,3740,3038,702,1552,1334,218,49560,20381,29179,3965,2332,1633
B0103,10,233,District - Kaimur (Bhabua),Urban,Illiterate,19340,8510,10830,1718,1481,237,964,642,322,374,289,85,16658,6387,10271,490,200,290
B0103,10,233,District - Kaimur (Bhabua),Urban,Literate,46231,26198,20033,10553,9808,745,2776,2396,380,1178,1045,133,32902,13994,18908,3475,2132,1343
B0103,10,233,District - Kaimur (Bhabua),Urban,Literate but below matric/secondary,23659,12083,11576,3100,2930,170,1185,1018,167,465,422,43,19374,8135,11239,1067,523,544
B0103,10,233,District - Kaimur (Bhabua),Urban,Matric/secondary but below graduate,12486,7295,5191,3220,3010,210,807,692,115,411,357,54,8459,3593,4866,1304,839,465
B0103,10,233,District - Kaimur (Bhabua),Urban,Technical diploma or certificate not equal to degree,30,27,3,9,9,0,2,2,0,2,2,0,19,16,3,7,7,0
B0103,10,233,District - Kaimur (Bhabua),Urban,Graduate and above other than technical degree,6289,4551,1738,3005,2750,255,446,393,53,203,177,26,2838,1408,1430,797,560,237
B0103,10,233,District - Kaimur (Bhabua),Urban,Technical degree or diploma equal to degree or post-graduate degree,622,523,99,280,249,31,32,30,2,12,11,1,310,244,66,102,90,12
B0103,10,234,District - Rohtas,Total,Total,2959918,1543546,1416372,542439,465573,76866,382440,242366,140074,189975,141860,48115,2035039,835607,1199432,157026,74347,82679
B0103,10,234,District - Rohtas,Total,Illiterate,1160086,481763,678323,128859,92300,36559,146879,64094,82785,65882,37210,28672,884348,325369,558979,31900,6435,25465
B0103,10,234,District - Rohtas,Total,Literate,1799832,1061783,738049,413580,373273,40307,235561,178272,57289,124093,104650,19443,1150691,510238,640453,125126,67912,57214
B0103,10,234,District - Rohtas,Total,Literate but below matric/secondary,1123744,608107,515637,175190,155724,19466,131682,94388,37294,67608,55709,11899,816872,357995,458877,47157,21085,26072
B0103,10,234,District - Rohtas,Total,Matric/secondary but below graduate,471385,310681,160704,152497,140484,12013,72527,59488,13039,39689,34847,4842,246361,110709,135652,54270,31852,22418
B0103,10,234,District - Rohtas,Total,Technical diploma or certificate not equal to degree,2231,2061,170,858,826,32,302,287,15,195,185,10,1071,948,123,457,419,38
B0103,10,234,District - Rohtas,Total,Graduate and above other than technical degree,127952,97902,30050,61957,56934,5023,17006,14980,2026,9788,8915,873,48989,25988,23001,17289,11477,5812
B0103,10,234,District - Rohtas,Total,Technical degree or diploma equal to degree or post-graduate degree,8792,7389,1403,4270,3901,369,627,559,68,354,323,31,3895,2929,966,1499,1216,283
B0103,10,234,District - Rohtas,Rural,Total,2532153,1318276,1213877,453866,386394,67472,357153,223681,133472,176065,130876,45189,1721134,708201,1012933,125940,57841,68099
B0103,10,234,District - Rohtas,Rural,Illiterate,1018106,419317,598789,111947,78571,33376,138905,59302,79603,61739,34406,27333,767254,281444,485810,27449,4902,22547
B0103,10,234,District - Rohtas,Rural,Literate,1514047,898959,615088,341919,307823,34096,218248,164379,53869,114326,96470,17856,953880,426757,527123,98491,52939,45552
B0103,10,234,District - Rohtas,Rural,Literate but below matric/secondary,973693,529531,444162,150917,133450,17467,123611,87991,35620,63143,51938,11205,699165,308090,391075,39456,17324,22132
B0103,10,234,District - Rohtas,Rural,Matric/secondary but below graduate,387322,261844,125478,127787,117835,9952,66969,54969,12000,36507,32188,4319,192566,89040,103526,43000,25493,17507
B0103,10,234,District - Rohtas,Rural,Technical diploma or certificate not equal to degree,1791,1658,133,673,647,26,263,249,14,172,162,10,855,762,93,374,343,31
B0103,10,234,District - Rohtas,Rural,Graduate and above other than technical degree,89664,71064,18600,44011,40596,3415,14544,12884,1660,8379,7711,668,31109,17584,13525,11145,7618,3527
B0103,10,234,District - Rohtas,Rural,Technical degree or diploma equal to degree or post-graduate degree,5124,4395,729,2444,2262,182,486,438,48,287,263,24,2194,1695,499,853,706,147
B0103,10,234,District - Rohtas,Urban,Total,427765,225270,202495,88573,79179,9394,25287,18685,6602,13910,10984,2926,313905,127406,186499,31086,16506,14580
B0103,10,234,District - Rohtas,Urban,Illiterate,141980,62446,79534,16912,13729,3183,7974,4792,3182,4143,2804,1339,117094,43925,73169,4451,1533,2918
B0103,10,234,District - Rohtas,Urban,Literate,285785,162824,122961,71661,65450,6211,17313,13893,3420,9767,8180,1587,196811,83481,113330,26635,14973,11662
B0103,10,234,District - Rohtas,Urban,Literate but below matric/secondary,150051,78576,71475,24273,22274,1999,8071,6397,1674,4465,3771,694,117707,49905,67802,7701,3761,3940
B0103,10,234,District - Rohtas,Urban,Matric/secondary but below graduate,84063,48837,35226,24710,22649,2061,5558,4519,1039,3182,2659,523,53795,21669,32126,11270,6359,4911
B0103,10,234,District - Rohtas,Urban,Technical diploma or certificate not equal to degree,440,403,37,185,179,6,39,38,1,23,23,0,216,186,30,83,76,7
B0103,10,234,District - Rohtas,Urban,Graduate and above other than technical degree,38288,26838,11450,17946,16338,1608,2462,2096,366,1409,1204,205,17880,8404,9476,6144,3859,2285
B0103,10,234,District - Rohtas,Urban,Technical degree or diploma equal to degree or post-graduate degree,3668,2994,674,1826,1639,187,141,121,20,67,60,7,1701,1234,467,646,510,136
B0103,10,235,District - Aurangabad,Total,Total,2540073,1318684,1221389,480286,382278,98008,357484,216879,140605,181077,129127,51950,1702303,719527,982776,118291,54720,63571
B0103,10,235,District - Aurangabad,Total,Illiterate,1074071,449951,624120,146167,90894,55273,147748,62645,85103,68752,37023,31729,780156,296412,483744,28791,6169,22622
B0103,10,235,District - Aurangabad,Total,Literate,1466002,868733,597269,334119,291384,42735,209736,154234,55502,112325,92104,20221,922147,423115,499032,89500,48551,40949
B0103,10,235,District - Aurangabad,Total,Literate but below matric/secondary,931593,506267,425326,145636,123429,22207,113123,78197,34926,58673,46528,12145,672834,304641,368193,37144,17114,20030
B0103,10,235,District - Aurangabad,Total,Matric/secondary but below graduate,381484,258686,122798,127569,115112,12457,67549,54946,12603,38070,33133,4937,186366,88628,97738,38734,23032,15702
B0103,10,235,District - Aurangabad,Total,Technical diploma or certificate not equal to degree,2680,2494,186,930,892,38,291,276,15,190,179,11,1459,1326,133,543,502,41
B0103,10,235,District - Aurangabad,Total,Graduate and above other than technical degree,73492,58567,14925,37064,34105,2959,11252,9904,1348,6447,5834,613,25176,14558,10618,8219,5577,2642
B0103,10,235,District - Aurangabad,Total,Technical degree or diploma equal to degree or post-graduate degree,4248,3596,652,2143,1943,200,382,320,62,226,195,31,1723,1333,390,642,527,115
B0103,10,235,District - Aurangabad,Rural,Total,2303219,1194619,1108600,432194,341302,90892,340339,205026,135313,172230,122559,49671,1530686,648291,882395,102991,46927,56064
B0103,10,235,District - Aurangabad,Rural,Illiterate,995181,415047,580134,136223,83878,52345,142520,59680,82840,66345,35460,30885,716438,271489,444949,26746,5443,21303
B0103,10,235,District - Aurangabad,Rural,Literate,1308038,779572,528466,295971,257424,38547,197819,145346,52473,105885,87099,18786,814248,376802,437446,76245,41484,34761
B0103,10,235,District - Aurangabad,Rural,Literate but below matric/secondary,849307,463391,385916,133184,112366,20818,108016,74465,33551,56092,44541,11551,608107,276560,331547,33437,15349,18088
B0103,10,235,District - Aurangabad,Rural,Matric/secondary but below graduate,332794,230844,101950,113897,102899,10998,63356,51819,11537,35639,31266,4373,155541,76126,79415,32491,19726,12765
B0103,10,235,District - Aurangabad,Rural,Technical diploma or certificate not equal to degree,2040,1922,118,689,663,26,250,235,15,157,146,11,1101,1024,77,410,388,22
B0103,10,235,District - Aurangabad,Rural,Graduate and above other than technical degree,54955,45246,9709,27880,25850,2030,9674,8618,1056,5541,5087,454,17401,10778,6623,5670,4085,1585
B0103,10,235,District - Aurangabad,Rural,Technical degree or diploma equal to degree or post-graduate degree,2681,2317,364,1304,1202,102,291,249,42,172,153,19,1086,866,220,392,327,65
B0103,10,235,District - Aurangabad,Urban,Total,236854,124065,112789,48092,40976,7116,17145,11853,5292,8847,6568,2279,171617,71236,100381,15300,7793,7507
B0103,10,235,District - Aurangabad,Urban,Illiterate,78890,34904,43986,9944,7016,2928,5228,2965,2263,2407,1563,844,63718,24923,38795,2045,726,1319
B0103,10,235,District - Aurangabad,Urban,Literate,157964,89161,68803,38148,33960,4188,11917,8888,3029,6440,5005,1435,107899,46313,61586,13255,7067,6188
B0103,10,235,District - Aurangabad,Urban,Literate but below matric/secondary,82286,42876,39410,12452,11063,1389,5107,3732,1375,2581,1987,594,64727,28081,36646,3707,1765,1942
B0103,10,235,District - Aurangabad,Urban,Matric/secondary but below graduate,48690,27842,20848,13672,12213,1459,4193,3127,1066,2431,1867,564,30825,12502,18323,6243,3306,2937
B0103,10,235,District - Aurangabad,Urban,Technical diploma or certificate not equal to degree,640,572,68,241,229,12,41,41,0,33,33,0,358,302,56,133,114,19
B0103,10,235,District - Aurangabad,Urban,Graduate and above other than technical degree,18537,13321,5216,9184,8255,929,1578,1286,292,906,747,159,7775,3780,3995,2549,1492,1057
B0103,10,235,District - Aurangabad,Urban,Technical degree or diploma equal to degree or post-graduate degree,1567,1279,288,839,741,98,91,71,20,54,42,12,637,467,170,250,200,50
B0103,10,236,District - Gaya,Total,Total,4391418,2266566,2124852,1007057,734465,272592,657005,341705,315300,311301,192985,118316,2727356,1190396,1536960,185188,88701,96487
B0103,10,236,District - Gaya,Total,Illiterate,2093805,897763,1196042,408514,233191,175323,343672,133641,210031,157302,77189,80113,1341619,530931,810688,50804,13169,37635
B0103,10,236,District - Gaya,Total,Literate,2297613,1368803,928810,598543,501274,97269,313333,208064,105269,153999,115796,38203,1385737,659465,726272,134384,75532,58852
B0103,10,236,District - Gaya,Total,Literate but below matric/secondary,1461993,818248,643745,279589,228026,51563,179267,114021,65246,83437,61604,21833,1003137,476201,526936,54685,27284,27401
B0103,10,236,District - Gaya,Total,Matric/secondary but below graduate,521967,345435,176532,188811,165161,23650,78936,57492,21444,42649,33792,8857,254220,122782,131438,54379,32764,21615
B0103,10,236,District - Gaya,Total,Technical diploma or certificate not equal to degree,3197,2766,431,1157,1066,91,279,245,34,176,159,17,1761,1455,306,687,587,100
B0103,10,236,District - Gaya,Total,Graduate and above other than technical degree,120320,91094,29226,62121,55995,6126,14383,11625,2758,7928,6632,1296,43816,23474,20342,13283,8903,4380
B0103,10,236,District - Gaya,Total,Technical degree or diploma equal to degree or post-graduate degree,8866,7024,1842,4277,3740,537,859,670,189,504,403,101,3730,2614,1116,1360,1013,347
B0103,10,236,District - Gaya,Rural,Total,3809817,1960592,1849225,876059,625378,250681,607726,312305,295421,287050,176807,110243,2326032,1022909,1303123,141506,66144,75362
B0103,10,236,District - Gaya,Rural,Illiterate,1913909,817175,1096734,383367,215330,168037,329077,126703,202374,150484,73340,77144,1201465,475142,726323,44105,10846,33259
B0103,10,236,District - Gaya,Rural,Literate,1895908,1143417,752491,492692,410048,82644,278649,185602,93047,136566,103467,33099,1124567,547767,576800,97401,55298,42103
B0103,10,236,District - Gaya,Rural,Literate but below matric/secondary,1285368,727412,557956,250527,203653,46874,166590,106167,60423,77676,57499,20177,868251,417592,450659,45523,22776,22747
B0103,10,236,District - Gaya,Rural,Matric/secondary but below graduate,398358,276045,122313,153614,134388,19226,67409,50047,17362,36290,29435,6855,177335,91610,85725,38190,24003,14187
B0103,10,236,District - Gaya,Rural,Technical diploma or certificate not equal to degree,1504,1347,157,533,488,45,138,121,17,81,74,7,833,738,95,346,317,29
B0103,10,236,District - Gaya,Rural,Graduate and above other than technical degree,63197,51997,11200,35155,32082,3073,9174,7834,1340,5119,4525,594,18868,12081,6787,6051,4515,1536
B0103,10,236,District - Gaya,Rural,Technical degree or diploma equal to degree or post-graduate degree,3081,2606,475,1579,1410,169,335,287,48,195,174,21,1167,909,258,418,334,84
B0103,10,236,District - Gaya,Urban,Total,581601,305974,275627,130998,109087,21911,49279,29400,19879,24251,16178,8073,401324,167487,233837,43682,22557,21125
B0103,10,236,District - Gaya,Urban,Illiterate,179896,80588,99308,25147,17861,7286,14595,6938,7657,6818,3849,2969,140154,55789,84365,6699,2323,4376
B0103,10,236,District - Gaya,Urban,Literate,401705,225386,176319,105851,91226,14625,34684,22462,12222,17433,12329,5104,261170,111698,149472,36983,20234,16749
B0103,10,236,District - Gaya,Urban,Literate but below matric/secondary,176625,90836,85789,29062,24373,4689,12677,7854,4823,5761,4105,1656,134886,58609,76277,9162,4508,4654
B0103,10,236,District - Gaya,Urban,Matric/secondary but below graduate,123609,69390,54219,35197,30773,4424,11527,7445,4082,6359,4357,2002,76885,31172,45713,16189,8761,7428
B0103,10,236,District - Gaya,Urban,Technical diploma or certificate not equal to degree,1693,1419,274,624,578,46,141,124,17,95,85,10,928,717,211,341,270,71
B0103,10,236,District - Gaya,Urban,Graduate and above other than technical degree,57123,39097,18026,26966,23913,3053,5209,3791,1418,2809,2107,702,24948,11393,13555,7232,4388,2844
B0103,10,236,District - Gaya,Urban,Technical degree or diploma equal to degree or post-graduate degree,5785,4418,1367,2698,2330,368,524,383,141,309,229,80,2563,1705,858,942,679,263
B0103,10,237,District - Nawada,Total,Total,2219146,1144668,1074478,508509,375966,132543,308532,163473,145059,137151,86748,50403,1402105,605229,796876,80470,41318,39152
B0103,10,237,District - Nawada,Total,Illiterate,1128134,485194,642940,225614,134274,91340,170067,67755,102312,71715,35967,35748,732453,283165,449288,23306,6961,16345
B0103,10,237,District - Nawada,Total,Literate,1091012,659474,431538,282895,241692,41203,138465,95718,42747,65436,50781,14655,669652,322064,347588,57164,34357,22807
B0103,10,237,District - Nawada,Total,Literate but below matric/secondary,696695,392249,304446,130108,108309,21799,75683,49787,25896,34433,26102,8331,490904,234153,256751,22478,11918,10560
B0103,10,237,District - Nawada,Total,Matric/secondary but below graduate,254901,173507,81394,94412,83830,10582,38516,29378,9138,19449,15972,3477,121973,60299,61674,24005,15326,8679
B0103,10,237,District - Nawada,Total,Technical diploma or certificate not equal to degree,993,886,107,311,293,18,113,102,11,72,67,5,569,491,78,212,190,22
B0103,10,237,District - Nawada,Total,Graduate and above other than technical degree,49294,39406,9888,25588,23439,2149,6100,5202,898,3264,2877,387,17606,10765,6841,5784,4275,1509
B0103,10,237,District - Nawada,Total,Technical degree or diploma equal to degree or post-graduate degree,2677,2248,429,1424,1271,153,227,189,38,120,99,21,1026,788,238,377,302,75
B0103,10,237,District - Nawada,Rural,Total,2003567,1031656,971911,460770,335533,125237,294601,154832,139769,130206,81762,48444,1248196,541291,706905,67736,34150,33586
B0103,10,237,District - Nawada,Rural,Illiterate,1049475,449576,599899,212796,124880,87916,164886,65225,99661,69240,34426,34814,671793,259471,412322,21513,6242,15271
B0103,10,237,District - Nawada,Rural,Literate,954092,582080,372012,247974,210653,37321,129715,89607,40108,60966,47336,13630,576403,281820,294583,46223,27908,18315
B0103,10,237,District - Nawada,Rural,Literate but below matric/secondary,625906,355154,270752,118423,97942,20481,71797,47101,24696,32498,24615,7883,435686,210111,225575,19614,10451,9163
B0103,10,237,District - Nawada,Rural,Matric/secondary but below graduate,212696,149327,63369,81849,72597,9252,35650,27376,8274,17907,14813,3094,95197,49354,45843,18811,12266,6545
B0103,10,237,District - Nawada,Rural,Technical diploma or certificate not equal to degree,694,634,60,220,208,12,90,83,7,55,52,3,384,343,41,145,137,8
B0103,10,237,District - Nawada,Rural,Graduate and above other than technical degree,33587,28072,5515,17937,16542,1395,4936,4307,629,2623,2359,264,10714,7223,3491,3596,2797,799
B0103,10,237,District - Nawada,Rural,Technical degree or diploma equal to degree or post-graduate degree,1500,1293,207,809,733,76,159,133,26,82,67,15,532,427,105,185,149,36
B0103,10,237,District - Nawada,Urban,Total,215579,113012,102567,47739,40433,7306,13931,8641,5290,6945,4986,1959,153909,63938,89971,12734,7168,5566
B0103,10,237,District - Nawada,Urban,Illiterate,78659,35618,43041,12818,9394,3424,5181,2530,2651,2475,1541,934,60660,23694,36966,1793,719,1074
B0103,10,237,District - Nawada,Urban,Literate,136920,77394,59526,34921,31039,3882,8750,6111,2639,4470,3445,1025,93249,40244,53005,10941,6449,4492
B0103,10,237,District - Nawada,Urban,Literate but below matric/secondary,70789,37095,33694,11685,10367,1318,3886,2686,1200,1935,1487,448,55218,24042,31176,2864,1467,1397
B0103,10,237,District - Nawada,Urban,Matric/secondary but below graduate,42205,24180,18025,12563,11233,1330,2866,2002,864,1542,1159,383,26776,10945,15831,5194,3060,2134
B0103,10,237,District - Nawada,Urban,Technical diploma or certificate not equal to degree,299,252,47,91,85,6,23,19,4,17,15,2,185,148,37,67,53,14
B0103,10,237,District - Nawada,Urban,Graduate and above other than technical degree,15707,11334,4373,7651,6897,754,1164,895,269,641,518,123,6892,3542,3350,2188,1478,710
B0103,10,237,District - Nawada,Urban,Technical degree or diploma equal to degree or post-graduate degree,1177,955,222,615,538,77,68,56,12,38,32,6,494,361,133,192,153,39
B0103,10,238,District - Jamui,Total,Total,1760405,916064,844341,445352,308268,137084,282219,144020,138199,123714,80133,43581,1032834,463776,569058,50903,25491,25412
B0103,10,238,District - Jamui,Total,Illiterate,901817,381679,520138,212343,112647,99696,154625,56028,98597,62471,31296,31175,534849,213004,321845,15135,3812,11323
B0103,10,238,District - Jamui,Total,Literate,858588,534385,324203,233009,195621,37388,127594,87992,39602,61243,48837,12406,497985,250772,247213,35768,21679,14089
B0103,10,238,District - Jamui,Total,Literate but below matric/secondary,600332,355820,244512,129166,106637,22529,81563,54336,27227,37636,29474,8162,389603,194847,194756,16645,9165,7480
B0103,10,238,District - Jamui,Total,Matric/secondary but below graduate,159770,114339,45431,61830,54917,6913,25289,20239,5050,13532,11708,1824,72651,39183,33468,13550,8918,4632
B0103,10,238,District - Jamui,Total,Technical diploma or certificate not equal to degree,657,588,69,270,249,21,37,32,5,21,20,1,350,307,43,119,103,16
B0103,10,238,District - Jamui,Total,Graduate and above other than technical degree,25928,20710,5218,13555,12395,1160,3085,2664,421,1728,1562,166,9288,5651,3637,2859,2090,769
B0103,10,238,District - Jamui,Total,Technical degree or diploma equal to degree or post-graduate degree,1508,1269,239,800,711,89,101,85,16,57,51,6,607,473,134,210,170,40
B0103,10,238,District - Jamui,Rural,Total,1615072,839776,775296,410989,281445,129544,269440,135668,133772,116953,75023,41930,934643,422663,511980,43316,21593,21723
B0103,10,238,District - Jamui,Rural,Illiterate,847761,358592,489169,202650,107272,95378,149560,53623,95937,59908,29787,30121,495551,197697,297854,13881,3500,10381
B0103,10,238,District - Jamui,Rural,Literate,767311,481184,286127,208339,174173,34166,119880,82045,37835,57045,45236,11809,439092,224966,214126,29435,18093,11342
B0103,10,238,District - Jamui,Rural,Literate but below matric/secondary,547619,327142,220477,118644,97715,20929,77562,51421,26141,35526,27734,7792,351413,178006,173407,14708,8219,6489
B0103,10,238,District - Jamui,Rural,Matric/secondary but below graduate,134553,98790,35763,53615,47575,6040,23041,18347,4694,12209,10522,1687,57897,32868,25029,10623,7202,3421
B0103,10,238,District - Jamui,Rural,Technical diploma or certificate not equal to degree,472,429,43,193,181,12,30,26,4,17,16,1,249,222,27,83,71,12
B0103,10,238,District - Jamui,Rural,Graduate and above other than technical degree,18302,15152,3150,9720,8936,784,2488,2146,342,1390,1254,136,6094,4070,2024,1838,1429,409
B0103,10,238,District - Jamui,Rural,Technical degree or diploma equal to degree or post-graduate degree,859,737,122,463,417,46,61,51,10,31,27,4,335,269,66,101,87,14
B0103,10,238,District - Jamui,Urban,Total,145333,76288,69045,34363,26823,7540,12779,8352,4427,6761,5110,1651,98191,41113,57078,7587,3898,3689
B0103,10,238,District - Jamui,Urban,Illiterate,54056,23087,30969,9693,5375,4318,5065,2405,2660,2563,1509,1054,39298,15307,23991,1254,312,942
B0103,10,238,District - Jamui,Urban,Literate,91277,53201,38076,24670,21448,3222,7714,5947,1767,4198,3601,597,58893,25806,33087,6333,3586,2747
B0103,10,238,District - Jamui,Urban,Literate but below matric/secondary,52713,28678,24035,10522,8922,1600,4001,2915,1086,2110,1740,370,38190,16841,21349,1937,946,991
B0103,10,238,District - Jamui,Urban,Matric/secondary but below graduate,25217,15549,9668,8215,7342,873,2248,1892,356,1323,1186,137,14754,6315,8439,2927,1716,1211
B0103,10,238,District - Jamui,Urban,Technical diploma or certificate not equal to degree,185,159,26,77,68,9,7,6,1,4,4,0,101,85,16,36,32,4
B0103,10,238,District - Jamui,Urban,Graduate and above other than technical degree,7626,5558,2068,3835,3459,376,597,518,79,338,308,30,3194,1581,1613,1021,661,360
B0103,10,238,District - Jamui,Urban,Technical degree or diploma equal to degree or post-graduate degree,649,532,117,337,294,43,40,34,6,26,24,2,272,204,68,109,83,26
B0103,10,239,District - Jehanabad ,Total,Total,1125313,585582,539731,251690,200878,50812,113688,65545,48143,55076,36236,18840,759935,319159,440776,55344,26976,28368
B0103,10,239,District - Jehanabad ,Total,Illiterate,506432,211170,295262,88585,55831,32754,54806,22291,32515,25076,12191,12885,363041,133048,229993,13388,2995,10393
B0103,10,239,District - Jehanabad ,Total,Literate,618881,374412,244469,163105,145047,18058,58882,43254,15628,30000,24045,5955,396894,186111,210783,41956,23981,17975
B0103,10,239,District - Jehanabad ,Total,Literate but below matric/secondary,354352,193632,160720,56788,48886,7902,26483,18136,8347,12834,9867,2967,271081,126610,144471,13928,6660,7268
B0103,10,239,District - Jehanabad ,Total,Matric/secondary but below graduate,182623,125159,57464,69756,63807,5949,21819,17524,4295,11956,10144,1812,91048,43828,47220,20521,12547,7974
B0103,10,239,District - Jehanabad ,Total,Technical diploma or certificate not equal to degree,1304,1187,117,429,415,14,81,74,7,35,32,3,794,698,96,299,270,29
B0103,10,239,District - Jehanabad ,Total,Graduate and above other than technical degree,35792,28646,7146,19600,18152,1448,3606,3099,507,1843,1608,235,12586,7395,5191,4251,3051,1200
B0103,10,239,District - Jehanabad ,Total,Technical degree or diploma equal to degree or post-graduate degree,2292,1874,418,1221,1053,168,130,109,21,70,61,9,941,712,229,319,266,53
B0103,10,239,District - Jehanabad ,Rural,Total,990117,514154,475963,223517,176235,47282,104895,59970,44925,50513,32906,17607,661705,277949,383756,45415,21677,23738
B0103,10,239,District - Jehanabad ,Rural,Illiterate,458676,190014,268662,81894,50629,31265,50956,20481,30475,23175,11039,12136,325826,118904,206922,11665,2523,9142
B0103,10,239,District - Jehanabad ,Rural,Literate,531441,324140,207301,141623,125606,16017,53939,39489,14450,27338,21867,5471,335879,159045,176834,33750,19154,14596
B0103,10,239,District - Jehanabad ,Rural,Literate but below matric/secondary,311916,171496,140420,51048,43727,7321,24546,16697,7849,11791,9029,2762,236322,111072,125250,11700,5538,6162
B0103,10,239,District - Jehanabad ,Rural,Matric/secondary but below graduate,154001,108100,45901,61341,56112,5229,20095,16169,3926,10983,9342,1641,72565,35819,36746,16457,10157,6300
B0103,10,239,District - Jehanabad ,Rural,Technical diploma or certificate not equal to degree,970,887,83,318,306,12,59,55,4,26,24,2,593,526,67,220,202,18
B0103,10,239,District - Jehanabad ,Rural,Graduate and above other than technical degree,26469,21675,4794,14741,13715,1026,3064,2647,417,1584,1389,195,8664,5313,3351,2997,2161,836
B0103,10,239,District - Jehanabad ,Rural,Technical degree or diploma equal to degree or post-graduate degree,1471,1224,247,774,676,98,98,83,15,50,45,5,599,465,134,183,156,27
B0103,10,239,District - Jehanabad ,Urban,Total,135196,71428,63768,28173,24643,3530,8793,5575,3218,4563,3330,1233,98230,41210,57020,9929,5299,4630
B0103,10,239,District - Jehanabad ,Urban,Illiterate,47756,21156,26600,6691,5202,1489,3850,1810,2040,1901,1152,749,37215,14144,23071,1723,472,1251
B0103,10,239,District - Jehanabad ,Urban,Literate,87440,50272,37168,21482,19441,2041,4943,3765,1178,2662,2178,484,61015,27066,33949,8206,4827,3379
B0103,10,239,District - Jehanabad ,Urban,Literate but below matric/secondary,42436,22136,20300,5740,5159,581,1937,1439,498,1043,838,205,34759,15538,19221,2228,1122,1106
B0103,10,239,District - Jehanabad ,Urban,Matric/secondary but below graduate,28622,17059,11563,8415,7695,720,1724,1355,369,973,802,171,18483,8009,10474,4064,2390,1674
B0103,10,239,District - Jehanabad ,Urban,Technical diploma or certificate not equal to degree,334,300,34,111,109,2,22,19,3,9,8,1,201,172,29,79,68,11
B0103,10,239,District - Jehanabad ,Urban,Graduate and above other than technical degree,9323,6971,2352,4859,4437,422,542,452,90,259,219,40,3922,2082,1840,1254,890,364
B0103,10,239,District - Jehanabad ,Urban,Technical degree or diploma equal to degree or post-graduate degree,821,650,171,447,377,70,32,26,6,20,16,4,342,247,95,136,110,26
B0103,10,240,District - Arwal,Total,Total,700843,363497,337346,161277,126761,34516,75077,41230,33847,38107,25026,13081,464489,195506,268983,30697,14252,16445
B0103,10,240,District - Arwal,Total,Illiterate,314492,128218,186274,54253,32558,21695,36988,13272,23716,17468,8152,9316,223251,82388,140863,7088,1356,5732
B0103,10,240,District - Arwal,Total,Literate,386351,235279,151072,107024,94203,12821,38089,27958,10131,20639,16874,3765,241238,113118,128120,23609,12896,10713
B0103,10,240,District - Arwal,Total,Literate but below matric/secondary,234896,128919,105977,41983,35547,6436,19114,12931,6183,10097,7823,2274,173799,80441,93358,7886,3286,4600
B0103,10,240,District - Arwal,Total,Matric/secondary but below graduate,113095,79472,33623,46558,42392,4166,14073,11444,2629,8019,7010,1009,52464,25636,26828,12297,7365,4932
B0103,10,240,District - Arwal,Total,Technical diploma or certificate not equal to degree,384,365,19,156,153,3,31,31,0,20,20,0,197,181,16,85,76,9
B0103,10,240,District - Arwal,Total,Graduate and above other than technical degree,17423,14558,2865,10142,9471,671,1885,1687,198,1132,1039,93,5396,3400,1996,1994,1493,501
B0103,10,240,District - Arwal,Total,Technical degree or diploma equal to degree or post-graduate degree,1254,1091,163,668,595,73,71,64,7,44,39,5,515,432,83,226,193,33
B0103,10,240,District - Arwal,Rural,Total,648994,336420,312574,150712,117270,33442,71314,39026,32288,36226,23568,12658,426968,180124,246844,28329,12939,15390
B0103,10,240,District - Arwal,Rural,Illiterate,294759,120153,174606,51985,30779,21206,35533,12797,22736,16894,7822,9072,207241,76577,130664,6747,1263,5484
B0103,10,240,District - Arwal,Rural,Literate,354235,216267,137968,98727,86491,12236,35781,26229,9552,19332,15746,3586,219727,103547,116180,21582,11676,9906
B0103,10,240,District - Arwal,Rural,Literate but below matric/secondary,215977,118780,97197,38680,32485,6195,18001,12187,5814,9486,7328,2158,159296,74108,85188,7365,3026,4339
B0103,10,240,District - Arwal,Rural,Matric/secondary but below graduate,103772,73241,30531,43284,39321,3963,13241,10746,2495,7494,6526,968,47247,23174,24073,11162,6656,4506
B0103,10,240,District - Arwal,Rural,Technical diploma or certificate not equal to degree,360,342,18,151,148,3,29,29,0,18,18,0,180,165,15,80,72,8
B0103,10,240,District - Arwal,Rural,Graduate and above other than technical degree,15881,13286,2595,9262,8653,609,1766,1583,183,1060,974,86,4853,3050,1803,1799,1343,456
B0103,10,240,District - Arwal,Rural,Technical degree or diploma equal to degree or post-graduate degree,1112,975,137,590,532,58,69,62,7,42,37,5,453,381,72,199,169,30
B0103,10,240,District - Arwal,Urban,Total,51849,27077,24772,10565,9491,1074,3763,2204,1559,1881,1458,423,37521,15382,22139,2368,1313,1055
B0103,10,240,District - Arwal,Urban,Illiterate,19733,8065,11668,2268,1779,489,1455,475,980,574,330,244,16010,5811,10199,341,93,248
B0103,10,240,District - Arwal,Urban,Literate,32116,19012,13104,8297,7712,585,2308,1729,579,1307,1128,179,21511,9571,11940,2027,1220,807
B0103,10,240,District - Arwal,Urban,Literate but below matric/secondary,18919,10139,8780,3303,3062,241,1113,744,369,611,495,116,14503,6333,8170,521,260,261
B0103,10,240,District - Arwal,Urban,Matric/secondary but below graduate,9323,6231,3092,3274,3071,203,832,698,134,525,484,41,5217,2462,2755,1135,709,426
B0103,10,240,District - Arwal,Urban,Technical diploma or certificate not equal to degree,24,23,1,5,5,0,2,2,0,2,2,0,17,16,1,5,4,1
B0103,10,240,District - Arwal,Urban,Graduate and above other than technical degree,1542,1272,270,880,818,62,119,104,15,72,65,7,543,350,193,195,150,45
B0103,10,240,District - Arwal,Urban,Technical degree or diploma equal to degree or post-graduate degree,142,116,26,78,63,15,2,2,0,2,2,0,62,51,11,27,24,3
B0103,11,241,District - North  District,Total,Total,43709,24730,18979,17216,12677,4539,6143,3258,2885,1600,920,680,20350,8795,11555,1442,581,861
B0103,11,241,District - North  District,Total,Illiterate,13259,6151,7108,3829,2165,1664,1721,743,978,421,201,220,7709,3243,4466,143,32,111
B0103,11,241,District - North  District,Total,Literate,30450,18579,11871,13387,10512,2875,4422,2515,1907,1179,719,460,12641,5552,7089,1299,549,750
B0103,11,241,District - North  District,Total,Literate but below matric/secondary,20446,11699,8747,7147,5468,1679,3200,1758,1442,759,476,283,10099,4473,5626,684,311,373
B0103,11,241,District - North  District,Total,Matric/secondary but below graduate,6492,4471,2021,4045,3371,674,763,467,296,247,134,113,1684,633,1051,397,139,258
B0103,11,241,District - North  District,Total,Technical diploma or certificate not equal to degree,148,91,57,98,78,20,28,5,23,12,1,11,22,8,14,3,1,2
B0103,11,241,District - North  District,Total,Graduate and above other than technical degree,1287,815,472,859,619,240,153,94,59,91,54,37,275,102,173,158,64,94
B0103,11,241,District - North  District,Total,Technical degree or diploma equal to degree or post-graduate degree,172,130,42,143,112,31,6,5,1,2,1,1,23,13,10,6,5,1
B0103,11,241,District - North  District,Rural,Total,39065,22274,16791,15598,11474,4124,6014,3203,2811,1568,896,672,17453,7597,9856,1178,473,705
B0103,11,241,District - North  District,Rural,Illiterate,12017,5580,6437,3561,1984,1577,1691,736,955,418,198,220,6765,2860,3905,115,28,87
B0103,11,241,District - North  District,Rural,Literate,27048,16694,10354,12037,9490,2547,4323,2467,1856,1150,698,452,10688,4737,5951,1063,445,618
B0103,11,241,District - North  District,Rural,Literate but below matric/secondary,18288,10502,7786,6501,4926,1575,3140,1732,1408,745,465,280,8647,3844,4803,544,245,299
B0103,11,241,District - North  District,Rural,Matric/secondary but below graduate,5660,4038,1622,3624,3090,534,740,458,282,236,128,108,1296,490,806,329,115,214
B0103,11,241,District - North  District,Rural,Technical diploma or certificate not equal to degree,126,79,47,82,70,12,28,5,23,12,1,11,16,4,12,2,0,2
B0103,11,241,District - North  District,Rural,Graduate and above other than technical degree,1064,680,384,692,503,189,149,91,58,90,53,37,223,86,137,139,56,83
B0103,11,241,District - North  District,Rural,Technical degree or diploma equal to degree or post-graduate degree,126,93,33,105,82,23,6,5,1,2,1,1,15,6,9,3,2,1
B0103,11,241,District - North  District,Urban,Total,4644,2456,2188,1618,1203,415,129,55,74,32,24,8,2897,1198,1699,264,108,156
B0103,11,241,District - North  District,Urban,Illiterate,1242,571,671,268,181,87,30,7,23,3,3,0,944,383,561,28,4,24
B0103,11,241,District - North  District,Urban,Literate,3402,1885,1517,1350,1022,328,99,48,51,29,21,8,1953,815,1138,236,104,132
B0103,11,241,District - North  District,Urban,Literate but below matric/secondary,2158,1197,961,646,542,104,60,26,34,14,11,3,1452,629,823,140,66,74
B0103,11,241,District - North  District,Urban,Matric/secondary but below graduate,832,433,399,421,281,140,23,9,14,11,6,5,388,143,245,68,24,44
B0103,11,241,District - North  District,Urban,Technical diploma or certificate not equal to degree,22,12,10,16,8,8,0,0,0,0,0,0,6,4,2,1,1,0
B0103,11,241,District - North  District,Urban,Graduate and above other than technical degree,223,135,88,167,116,51,4,3,1,1,1,0,52,16,36,19,8,11
B0103,11,241,District - North  District,Urban,Technical degree or diploma equal to degree or post-graduate degree,46,37,9,38,30,8,0,0,0,0,0,0,8,7,1,3,3,0
B0103,11,242,District - West District,Total,Total,136435,70238,66197,51225,33254,17971,19123,7518,11605,4537,2148,2389,66087,29466,36621,5568,2235,3333
B0103,11,242,District - West District,Total,Illiterate,43003,18250,24753,13332,6503,6829,5302,1341,3961,736,238,498,24369,10406,13963,503,112,391
B0103,11,242,District - West District,Total,Literate,93432,51988,41444,37893,26751,11142,13821,6177,7644,3801,1910,1891,41718,19060,22658,5065,2123,2942
B0103,11,242,District - West District,Total,Literate but below matric/secondary,71661,39563,32098,26717,19156,7561,11018,4869,6149,2567,1265,1302,33926,15538,18388,2728,1059,1669
B0103,11,242,District - West District,Total,Matric/secondary but below graduate,14117,7858,6259,6728,4544,2184,1745,811,934,777,402,375,5644,2503,3141,1525,679,846
B0103,11,242,District - West District,Total,Technical diploma or certificate not equal to degree,158,108,50,66,48,18,9,5,4,7,3,4,83,55,28,29,17,12
B0103,11,242,District - West District,Total,Graduate and above other than technical degree,3717,2276,1441,2211,1557,654,398,228,170,272,159,113,1108,491,617,607,277,330
B0103,11,242,District - West District,Total,Technical degree or diploma equal to degree or post-graduate degree,414,270,144,264,177,87,26,17,9,15,9,6,124,76,48,63,42,21
B0103,11,242,District - West District,Rural,Total,131187,67528,63659,49402,31904,17498,19016,7436,11580,4520,2136,2384,62769,28188,34581,5212,2083,3129
B0103,11,242,District - West District,Rural,Illiterate,41962,17817,24145,13167,6404,6763,5280,1325,3955,734,237,497,23515,10088,13427,474,108,366
B0103,11,242,District - West District,Rural,Literate,89225,49711,39514,36235,25500,10735,13736,6111,7625,3786,1899,1887,39254,18100,21154,4738,1975,2763
B0103,11,242,District - West District,Rural,Literate but below matric/secondary,68993,38112,30881,25859,18448,7411,10950,4815,6135,2555,1256,1299,32184,14849,17335,2555,987,1568
B0103,11,242,District - West District,Rural,Matric/secondary but below graduate,13077,7318,5759,6217,4195,2022,1733,802,931,775,401,374,5127,2321,2806,1434,636,798
B0103,11,242,District - West District,Rural,Technical diploma or certificate not equal to degree,141,97,44,54,40,14,9,5,4,7,3,4,78,52,26,29,17,12
B0103,11,242,District - West District,Rural,Graduate and above other than technical degree,3367,2075,1292,2010,1420,590,395,227,168,271,158,113,962,428,534,555,253,302
B0103,11,242,District - West District,Rural,Technical degree or diploma equal to degree or post-graduate degree,355,230,125,221,150,71,24,15,9,15,9,6,110,65,45,57,36,21
B0103,11,242,District - West District,Urban,Total,5248,2710,2538,1823,1350,473,107,82,25,17,12,5,3318,1278,2040,356,152,204
B0103,11,242,District - West District,Urban,Illiterate,1041,433,608,165,99,66,22,16,6,2,1,1,854,318,536,29,4,25
B0103,11,242,District - West District,Urban,Literate,4207,2277,1930,1658,1251,407,85,66,19,15,11,4,2464,960,1504,327,148,179
B0103,11,242,District - West District,Urban,Literate but below matric/secondary,2668,1451,1217,858,708,150,68,54,14,12,9,3,1742,689,1053,173,72,101
B0103,11,242,District - West District,Urban,Matric/secondary but below graduate,1040,540,500,511,349,162,12,9,3,2,1,1,517,182,335,91,43,48
B0103,11,242,District - West District,Urban,Technical diploma or certificate not equal to degree,17,11,6,12,8,4,0,0,0,0,0,0,5,3,2,0,0,0
B0103,11,242,District - West District,Urban,Graduate and above other than technical degree,350,201,149,201,137,64,3,1,2,1,1,0,146,63,83,52,24,28
B0103,11,242,District - West District,Urban,Technical degree or diploma equal to degree or post-graduate degree,59,40,19,43,27,16,2,2,0,0,0,0,14,11,3,6,6,0
B0103,11,243,District - South District,Total,Total,146850,76670,70180,50898,35271,15627,23855,10029,13826,5518,2626,2892,72097,31370,40727,5881,2264,3617
B0103,11,243,District - South District,Total,Illiterate,40109,17313,22796,10249,5556,4693,5748,1538,4210,934,268,666,24112,10219,13893,425,88,337
B0103,11,243,District - South District,Total,Literate,106741,59357,47384,40649,29715,10934,18107,8491,9616,4584,2358,2226,47985,21151,26834,5456,2176,3280
B0103,11,243,District - South District,Total,Literate but below matric/secondary,78899,43994,34905,27194,20576,6618,14328,6592,7736,3251,1606,1645,37377,16826,20551,2601,999,1602
B0103,11,243,District - South District,Total,Matric/secondary but below graduate,16860,8922,7938,7399,4933,2466,2161,999,1162,728,350,378,7300,2990,4310,1786,741,1045
B0103,11,243,District - South District,Total,Technical diploma or certificate not equal to degree,233,170,63,141,116,25,14,8,6,11,6,5,78,46,32,27,15,12
B0103,11,243,District - South District,Total,Graduate and above other than technical degree,5115,2912,2203,2967,1991,976,471,288,183,245,145,100,1677,633,1044,778,306,472
B0103,11,243,District - South District,Total,Technical degree or diploma equal to degree or post-graduate degree,686,486,200,467,343,124,50,43,7,16,13,3,169,100,69,84,49,35
B0103,11,243,District - South District,Rural,Total,125651,65848,59803,43543,29911,13632,23264,9734,13530,5337,2509,2828,58844,26203,32641,4224,1669,2555
B0103,11,243,District - South District,Rural,Illiterate,35885,15509,20376,9517,5072,4445,5642,1504,4138,919,261,658,20726,8933,11793,332,77,255
B0103,11,243,District - South District,Rural,Literate,89766,50339,39427,34026,24839,9187,17622,8230,9392,4418,2248,2170,38118,17270,20848,3892,1592,2300
B0103,11,243,District - South District,Rural,Literate but below matric/secondary,69544,39002,30542,24377,18241,6136,14062,6455,7607,3188,1561,1627,31105,14306,16799,2085,839,1246
B0103,11,243,District - South District,Rural,Matric/secondary but below graduate,12118,6521,5597,5292,3547,1745,2036,936,1100,679,322,357,4790,2038,2752,1172,492,680
B0103,11,243,District - South District,Rural,Technical diploma or certificate not equal to degree,140,101,39,87,71,16,10,4,6,8,3,5,43,26,17,14,8,6
B0103,11,243,District - South District,Rural,Graduate and above other than technical degree,3153,1803,1350,1785,1187,598,411,252,159,206,121,85,957,364,593,452,172,280
B0103,11,243,District - South District,Rural,Technical degree or diploma equal to degree or post-graduate degree,390,299,91,268,216,52,37,32,5,10,7,3,85,51,34,43,24,19
B0103,11,243,District - South District,Urban,Total,21199,10822,10377,7355,5360,1995,591,295,296,181,117,64,13253,5167,8086,1657,595,1062
B0103,11,243,District - South District,Urban,Illiterate,4224,1804,2420,732,484,248,106,34,72,15,7,8,3386,1286,2100,93,11,82
B0103,11,243,District - South District,Urban,Literate,16975,9018,7957,6623,4876,1747,485,261,224,166,110,56,9867,3881,5986,1564,584,980
B0103,11,243,District - South District,Urban,Literate but below matric/secondary,9355,4992,4363,2817,2335,482,266,137,129,63,45,18,6272,2520,3752,516,160,356
B0103,11,243,District - South District,Urban,Matric/secondary but below graduate,4742,2401,2341,2107,1386,721,125,63,62,49,28,21,2510,952,1558,614,249,365
B0103,11,243,District - South District,Urban,Technical diploma or certificate not equal to degree,93,69,24,54,45,9,4,4,0,3,3,0,35,20,15,13,7,6
B0103,11,243,District - South District,Urban,Graduate and above other than technical degree,1962,1109,853,1182,804,378,60,36,24,39,24,15,720,269,451,326,134,192
B0103,11,243,District - South District,Urban,Technical degree or diploma equal to degree or post-graduate degree,296,187,109,199,127,72,13,11,2,6,6,0,84,49,35,41,25,16
B0103,11,244,District - East District,Total,Total,283583,151432,132151,111058,79311,31747,28620,13040,15580,6730,3418,3312,143905,59081,84824,14323,5561,8762
B0103,11,244,District - East District,Total,Illiterate,69254,30087,39167,16946,9238,7708,7161,2352,4809,1179,490,689,45147,18497,26650,1001,213,788
B0103,11,244,District - East District,Total,Literate,214329,121345,92984,94112,70073,24039,21459,10688,10771,5551,2928,2623,98758,40584,58174,13322,5348,7974
B0103,11,244,District - East District,Total,Literate but below matric/secondary,130240,71586,58654,46658,35551,11107,14855,7167,7688,3209,1744,1465,68727,28868,39859,5662,2147,3515
B0103,11,244,District - East District,Total,Matric/secondary but below graduate,52076,30982,21094,27888,21033,6855,4160,2282,1878,1399,716,683,20028,7667,12361,4638,1948,2690
B0103,11,244,District - East District,Total,Technical diploma or certificate not equal to degree,1094,818,276,785,623,162,46,36,10,20,16,4,263,159,104,86,52,34
B0103,11,244,District - East District,Total,Graduate and above other than technical degree,18005,10198,7807,11424,7638,3786,1123,622,501,589,299,290,5458,1938,3520,2225,892,1333
B0103,11,244,District - East District,Total,Technical degree or diploma equal to degree or post-graduate degree,3273,2203,1070,2432,1748,684,90,54,36,38,22,16,751,401,350,244,137,107
B0103,11,244,District - East District,Rural,Total,161096,87147,73949,65139,45725,19414,21809,8799,13010,4966,2392,2574,74148,32623,41525,6506,2601,3905
B0103,11,244,District - East District,Rural,Illiterate,45205,19646,25559,12985,6784,6201,5961,1755,4206,959,379,580,26259,11107,15152,501,120,381
B0103,11,244,District - East District,Rural,Literate,115891,67501,48390,52154,38941,13213,15848,7044,8804,4007,2013,1994,47889,21516,26373,6005,2481,3524
B0103,11,244,District - East District,Rural,Literate but below matric/secondary,78537,43854,34683,30403,22328,8075,11837,5208,6629,2446,1257,1189,36297,16318,19979,2760,1083,1677
B0103,11,244,District - East District,Rural,Matric/secondary but below graduate,24642,15857,8785,14460,11406,3054,2490,1128,1362,974,477,497,7692,3323,4369,2099,911,1188
B0103,11,244,District - East District,Rural,Technical diploma or certificate not equal to degree,379,302,77,259,233,26,22,18,4,7,7,0,98,51,47,36,19,17
B0103,11,244,District - East District,Rural,Graduate and above other than technical degree,5387,3213,2174,3256,2297,959,531,280,251,348,179,169,1600,636,964,817,342,475
B0103,11,244,District - East District,Rural,Technical degree or diploma equal to degree or post-graduate degree,703,495,208,484,378,106,32,19,13,12,6,6,187,98,89,78,39,39
B0103,11,244,District - East District,Urban,Total,122487,64285,58202,45919,33586,12333,6811,4241,2570,1764,1026,738,69757,26458,43299,7817,2960,4857
B0103,11,244,District - East District,Urban,Illiterate,24049,10441,13608,3961,2454,1507,1200,597,603,220,111,109,18888,7390,11498,500,93,407
B0103,11,244,District - East District,Urban,Literate,98438,53844,44594,41958,31132,10826,5611,3644,1967,1544,915,629,50869,19068,31801,7317,2867,4450
B0103,11,244,District - East District,Urban,Literate but below matric/secondary,51703,27732,23971,16255,13223,3032,3018,1959,1059,763,487,276,32430,12550,19880,2902,1064,1838
B0103,11,244,District - East District,Urban,Matric/secondary but below graduate,27434,15125,12309,13428,9627,3801,1670,1154,516,425,239,186,12336,4344,7992,2539,1037,1502
B0103,11,244,District - East District,Urban,Technical diploma or certificate not equal to degree,715,516,199,526,390,136,24,18,6,13,9,4,165,108,57,50,33,17
B0103,11,244,District - East District,Urban,Graduate and above other than technical degree,12618,6985,5633,8168,5341,2827,592,342,250,241,120,121,3858,1302,2556,1408,550,858
B0103,11,244,District - East District,Urban,Technical degree or diploma equal to degree or post-graduate degree,2570,1708,862,1948,1370,578,58,35,23,26,16,10,564,303,261,166,98,68
B0103,12,245,District - Tawang,Total,Total,49977,29151,20826,24430,17869,6561,4131,1685,2446,2394,1006,1388,21416,9597,11819,2033,750,1283
B0103,12,245,District - Tawang,Total,Illiterate,23904,11431,12473,10816,6063,4753,2922,985,1937,1718,598,1120,10166,4383,5783,540,126,414
B0103,12,245,District - Tawang,Total,Literate,26073,17720,8353,13614,11806,1808,1209,700,509,676,408,268,11250,5214,6036,1493,624,869
B0103,12,245,District - Tawang,Total,Literate but below matric/secondary,14797,8936,5861,5453,4516,937,793,436,357,441,262,179,8551,3984,4567,722,296,426
B0103,12,245,District - Tawang,Total,Matric/secondary but below graduate,7806,6176,1630,5738,5287,451,225,124,101,137,71,66,1843,765,1078,532,201,331
B0103,12,245,District - Tawang,Total,Technical diploma or certificate not equal to degree,173,160,13,167,157,10,2,2,0,2,2,0,4,1,3,1,0,1
B0103,12,245,District - Tawang,Total,Graduate and above other than technical degree,1399,1019,380,1088,863,225,49,38,11,24,16,8,262,118,144,115,51,64
B0103,12,245,District - Tawang,Total,Technical degree or diploma equal to degree or post-graduate degree,228,200,28,202,185,17,7,6,1,3,2,1,19,9,10,12,5,7
B0103,12,245,District - Tawang,Rural,Total,38775,20792,17983,16612,10734,5878,3863,1566,2297,2277,934,1343,18300,8492,9808,1640,638,1002
B0103,12,245,District - Tawang,Rural,Illiterate,22256,10757,11499,10423,5842,4581,2797,948,1849,1671,573,1098,9036,3967,5069,482,117,365
B0103,12,245,District - Tawang,Rural,Literate,16519,10035,6484,6189,4892,1297,1066,618,448,606,361,245,9264,4525,4739,1158,521,637
B0103,12,245,District - Tawang,Rural,Literate but below matric/secondary,11618,6907,4711,3743,3033,710,725,401,324,407,242,165,7150,3473,3677,581,258,323
B0103,12,245,District - Tawang,Rural,Matric/secondary but below graduate,2648,1558,1090,1125,850,275,168,93,75,108,51,57,1355,615,740,378,152,226
B0103,12,245,District - Tawang,Rural,Technical diploma or certificate not equal to degree,62,55,7,58,54,4,1,1,0,1,1,0,3,0,3,1,0,1
B0103,12,245,District - Tawang,Rural,Graduate and above other than technical degree,729,488,241,500,358,142,38,28,10,20,12,8,191,102,89,80,39,41
B0103,12,245,District - Tawang,Rural,Technical degree or diploma equal to degree or post-graduate degree,106,85,21,83,73,10,6,5,1,3,2,1,17,7,10,10,3,7
B0103,12,245,District - Tawang,Urban,Total,11202,8359,2843,7818,7135,683,268,119,149,117,72,45,3116,1105,2011,393,112,281
B0103,12,245,District - Tawang,Urban,Illiterate,1648,674,974,393,221,172,125,37,88,47,25,22,1130,416,714,58,9,49
B0103,12,245,District - Tawang,Urban,Literate,9554,7685,1869,7425,6914,511,143,82,61,70,47,23,1986,689,1297,335,103,232
B0103,12,245,District - Tawang,Urban,Literate but below matric/secondary,3179,2029,1150,1710,1483,227,68,35,33,34,20,14,1401,511,890,141,38,103
B0103,12,245,District - Tawang,Urban,Matric/secondary but below graduate,5158,4618,540,4613,4437,176,57,31,26,29,20,9,488,150,338,154,49,105
B0103,12,245,District - Tawang,Urban,Technical diploma or certificate not equal to degree,111,105,6,109,103,6,1,1,0,1,1,0,1,1,0,0,0,0
B0103,12,245,District - Tawang,Urban,Graduate and above other than technical degree,670,531,139,588,505,83,11,10,1,4,4,0,71,16,55,35,12,23
B0103,12,245,District - Tawang,Urban,Technical degree or diploma equal to degree or post-graduate degree,122,115,7,119,112,7,1,1,0,0,0,0,2,2,0,2,2,0
B0103,12,246,District - West Kameng,Total,Total,83947,46155,37792,34752,24640,10112,7741,3673,4068,3044,1661,1383,41454,17842,23612,5106,1621,3485
B0103,12,246,District - West Kameng,Total,Illiterate,35455,16589,18866,12776,6948,5828,3986,1593,2393,1375,650,725,18693,8048,10645,1154,228,926
B0103,12,246,District - West Kameng,Total,Literate,48492,29566,18926,21976,17692,4284,3755,2080,1675,1669,1011,658,22761,9794,12967,3952,1393,2559
B0103,12,246,District - West Kameng,Total,Literate but below matric/secondary,30950,17456,13494,10993,8321,2672,2617,1410,1207,1118,668,450,17340,7725,9615,2118,718,1400
B0103,12,246,District - West Kameng,Total,Matric/secondary but below graduate,12613,8617,3996,7536,6529,1007,831,462,369,414,251,163,4246,1626,2620,1387,496,891
B0103,12,246,District - West Kameng,Total,Technical diploma or certificate not equal to degree,431,387,44,368,347,21,21,18,3,11,11,0,42,22,20,21,10,11
B0103,12,246,District - West Kameng,Total,Graduate and above other than technical degree,2936,1967,969,2126,1714,412,131,64,67,77,44,33,679,189,490,295,99,196
B0103,12,246,District - West Kameng,Total,Technical degree or diploma equal to degree or post-graduate degree,560,454,106,459,394,65,22,18,4,6,4,2,79,42,37,41,24,17
B0103,12,246,District - West Kameng,Rural,Total,68015,37809,30206,28807,20447,8360,7035,3402,3633,2801,1554,1247,32173,13960,18213,4072,1313,2759
B0103,12,246,District - West Kameng,Rural,Illiterate,30552,14456,16096,11413,6190,5223,3726,1512,2214,1285,620,665,15413,6754,8659,1000,209,791
B0103,12,246,District - West Kameng,Rural,Literate,37463,23353,14110,17394,14257,3137,3309,1890,1419,1516,934,582,16760,7206,9554,3072,1104,1968
B0103,12,246,District - West Kameng,Rural,Literate but below matric/secondary,24553,13874,10679,8847,6636,2211,2364,1295,1069,1023,615,408,13342,5943,7399,1776,630,1146
B0103,12,246,District - West Kameng,Rural,Matric/secondary but below graduate,9429,6937,2492,6141,5554,587,666,403,263,375,238,137,2622,980,1642,990,361,629
B0103,12,246,District - West Kameng,Rural,Technical diploma or certificate not equal to degree,336,307,29,297,281,16,19,16,3,10,10,0,20,10,10,12,6,6
B0103,12,246,District - West Kameng,Rural,Graduate and above other than technical degree,1930,1330,600,1390,1182,208,113,56,57,63,37,26,427,92,335,195,55,140
B0103,12,246,District - West Kameng,Rural,Technical degree or diploma equal to degree or post-graduate degree,375,312,63,309,276,33,21,17,4,5,3,2,45,19,26,23,11,12
B0103,12,246,District - West Kameng,Urban,Total,15932,8346,7586,5945,4193,1752,706,271,435,243,107,136,9281,3882,5399,1034,308,726
B0103,12,246,District - West Kameng,Urban,Illiterate,4903,2133,2770,1363,758,605,260,81,179,90,30,60,3280,1294,1986,154,19,135
B0103,12,246,District - West Kameng,Urban,Literate,11029,6213,4816,4582,3435,1147,446,190,256,153,77,76,6001,2588,3413,880,289,591
B0103,12,246,District - West Kameng,Urban,Literate but below matric/secondary,6397,3582,2815,2146,1685,461,253,115,138,95,53,42,3998,1782,2216,342,88,254
B0103,12,246,District - West Kameng,Urban,Matric/secondary but below graduate,3184,1680,1504,1395,975,420,165,59,106,39,13,26,1624,646,978,397,135,262
B0103,12,246,District - West Kameng,Urban,Technical diploma or certificate not equal to degree,95,80,15,71,66,5,2,2,0,1,1,0,22,12,10,9,4,5
B0103,12,246,District - West Kameng,Urban,Graduate and above other than technical degree,1006,637,369,736,532,204,18,8,10,14,7,7,252,97,155,100,44,56
B0103,12,246,District - West Kameng,Urban,Technical degree or diploma equal to degree or post-graduate degree,185,142,43,150,118,32,1,1,0,1,1,0,34,23,11,18,13,5
B0103,12,247,District - East Kameng,Total,Total,78690,38775,39915,27123,14360,12763,4587,2064,2523,2025,938,1087,46980,22351,24629,4531,2173,2358
B0103,12,247,District - East Kameng,Total,Illiterate,40241,17176,23065,16432,6744,9688,2385,831,1554,1009,360,649,21424,9601,11823,860,254,606
B0103,12,247,District - East Kameng,Total,Literate,38449,21599,16850,10691,7616,3075,2202,1233,969,1016,578,438,25556,12750,12806,3671,1919,1752
B0103,12,247,District - East Kameng,Total,Literate but below matric/secondary,28065,14786,13279,6076,4041,2035,1544,801,743,655,343,312,20445,9944,10501,2026,949,1077
B0103,12,247,District - East Kameng,Total,Matric/secondary but below graduate,7774,4916,2858,2878,2198,680,511,341,170,279,181,98,4385,2377,2008,1371,797,574
B0103,12,247,District - East Kameng,Total,Technical diploma or certificate not equal to degree,151,118,33,105,82,23,6,3,3,3,2,1,40,33,7,21,20,1
B0103,12,247,District - East Kameng,Total,Graduate and above other than technical degree,1468,1122,346,1049,873,176,77,57,20,39,31,8,342,192,150,164,98,66
B0103,12,247,District - East Kameng,Total,Technical degree or diploma equal to degree or post-graduate degree,296,248,48,208,180,28,10,8,2,5,5,0,78,60,18,42,35,7
B0103,12,247,District - East Kameng,Rural,Total,60340,29506,30834,22162,10922,11240,3922,1756,2166,1704,778,926,34256,16828,17428,3059,1595,1464
B0103,12,247,District - East Kameng,Rural,Illiterate,33426,14403,19023,15036,6084,8952,2154,760,1394,908,323,585,16236,7559,8677,506,191,315
B0103,12,247,District - East Kameng,Rural,Literate,26914,15103,11811,7126,4838,2288,1768,996,772,796,455,341,18020,9269,8751,2553,1404,1149
B0103,12,247,District - East Kameng,Rural,Literate but below matric/secondary,20545,10904,9641,4444,2823,1621,1258,658,600,513,271,242,14843,7423,7420,1438,737,701
B0103,12,247,District - East Kameng,Rural,Matric/secondary but below graduate,4812,3087,1725,1707,1261,446,405,275,130,214,141,73,2700,1551,1149,923,550,373
B0103,12,247,District - East Kameng,Rural,Technical diploma or certificate not equal to degree,66,52,14,35,27,8,4,2,2,2,1,1,27,23,4,19,18,1
B0103,12,247,District - East Kameng,Rural,Graduate and above other than technical degree,795,612,183,537,451,86,48,35,13,32,24,8,210,126,84,110,62,48
B0103,12,247,District - East Kameng,Rural,Technical degree or diploma equal to degree or post-graduate degree,155,128,27,102,88,14,7,5,2,3,3,0,46,35,11,28,24,4
B0103,12,247,District - East Kameng,Urban,Total,18350,9269,9081,4961,3438,1523,665,308,357,321,160,161,12724,5523,7201,1472,578,894
B0103,12,247,District - East Kameng,Urban,Illiterate,6815,2773,4042,1396,660,736,231,71,160,101,37,64,5188,2042,3146,354,63,291
B0103,12,247,District - East Kameng,Urban,Literate,11535,6496,5039,3565,2778,787,434,237,197,220,123,97,7536,3481,4055,1118,515,603
B0103,12,247,District - East Kameng,Urban,Literate but below matric/secondary,7520,3882,3638,1632,1218,414,286,143,143,142,72,70,5602,2521,3081,588,212,376
B0103,12,247,District - East Kameng,Urban,Matric/secondary but below graduate,2962,1829,1133,1171,937,234,106,66,40,65,40,25,1685,826,859,448,247,201
B0103,12,247,District - East Kameng,Urban,Technical diploma or certificate not equal to degree,85,66,19,70,55,15,2,1,1,1,1,0,13,10,3,2,2,0
B0103,12,247,District - East Kameng,Urban,Graduate and above other than technical degree,673,510,163,512,422,90,29,22,7,7,7,0,132,66,66,54,36,18
B0103,12,247,District - East Kameng,Urban,Technical degree or diploma equal to degree or post-graduate degree,141,120,21,106,92,14,3,3,0,2,2,0,32,25,7,14,11,3
B0103,12,248,District - Papum Pare,Total,Total,176573,89182,87391,51157,34148,17009,14615,7115,7500,6455,3281,3174,110801,47919,62882,14104,5789,8315
B0103,12,248,District - Papum Pare,Total,Illiterate,55525,23388,32137,11607,5618,5989,4416,1643,2773,1507,608,899,39502,16127,23375,2021,492,1529
B0103,12,248,District - Papum Pare,Total,Literate,121048,65794,55254,39550,28530,11020,10199,5472,4727,4948,2673,2275,71299,31792,39507,12083,5297,6786
B0103,12,248,District - Papum Pare,Total,Literate but below matric/secondary,63857,32765,31092,13929,9980,3949,5121,2684,2437,2184,1175,1009,44807,20101,24706,4471,1775,2696
B0103,12,248,District - Papum Pare,Total,Matric/secondary but below graduate,37700,20970,16730,14737,10659,4078,3220,1750,1470,1772,957,815,19743,8561,11182,5192,2298,2894
B0103,12,248,District - Papum Pare,Total,Technical diploma or certificate not equal to degree,1154,855,299,600,473,127,90,70,20,56,45,11,464,312,152,172,115,57
B0103,12,248,District - Papum Pare,Total,Graduate and above other than technical degree,11994,7391,4603,7322,5245,2077,930,512,418,497,260,237,3742,1634,2108,1597,770,827
B0103,12,248,District - Papum Pare,Total,Technical degree or diploma equal to degree or post-graduate degree,2589,1866,723,1608,1265,343,187,115,72,114,66,48,794,486,308,339,212,127
B0103,12,248,District - Papum Pare,Rural,Total,79610,39935,39675,22852,14437,8415,6982,3286,3696,2691,1342,1349,49776,22212,27564,4967,2062,2905
B0103,12,248,District - Papum Pare,Rural,Illiterate,30009,12662,17347,7922,3572,4350,2583,941,1642,765,283,482,19504,8149,11355,823,221,602
B0103,12,248,District - Papum Pare,Rural,Literate,49601,27273,22328,14930,10865,4065,4399,2345,2054,1926,1059,867,30272,14063,16209,4144,1841,2303
B0103,12,248,District - Papum Pare,Rural,Literate but below matric/secondary,30491,15620,14871,6583,4449,2134,2548,1288,1260,1017,532,485,21360,9883,11477,1891,769,1122
B0103,12,248,District - Papum Pare,Rural,Matric/secondary but below graduate,13349,7973,5376,5264,4095,1169,1210,696,514,600,352,248,6875,3182,3693,1608,736,872
B0103,12,248,District - Papum Pare,Rural,Technical diploma or certificate not equal to degree,370,279,91,203,155,48,33,30,3,20,20,0,134,94,40,30,20,10
B0103,12,248,District - Papum Pare,Rural,Graduate and above other than technical degree,3054,2028,1026,1853,1441,412,215,115,100,114,59,55,986,472,514,407,214,193
B0103,12,248,District - Papum Pare,Rural,Technical degree or diploma equal to degree or post-graduate degree,696,529,167,417,343,74,48,35,13,15,11,4,231,151,80,93,55,38
B0103,12,248,District - Papum Pare,Urban,Total,96963,49247,47716,28305,19711,8594,7633,3829,3804,3764,1939,1825,61025,25707,35318,9137,3727,5410
B0103,12,248,District - Papum Pare,Urban,Illiterate,25516,10726,14790,3685,2046,1639,1833,702,1131,742,325,417,19998,7978,12020,1198,271,927
B0103,12,248,District - Papum Pare,Urban,Literate,71447,38521,32926,24620,17665,6955,5800,3127,2673,3022,1614,1408,41027,17729,23298,7939,3456,4483
B0103,12,248,District - Papum Pare,Urban,Literate but below matric/secondary,33366,17145,16221,7346,5531,1815,2573,1396,1177,1167,643,524,23447,10218,13229,2580,1006,1574
B0103,12,248,District - Papum Pare,Urban,Matric/secondary but below graduate,24351,12997,11354,9473,6564,2909,2010,1054,956,1172,605,567,12868,5379,7489,3584,1562,2022
B0103,12,248,District - Papum Pare,Urban,Technical diploma or certificate not equal to degree,784,576,208,397,318,79,57,40,17,36,25,11,330,218,112,142,95,47
B0103,12,248,District - Papum Pare,Urban,Graduate and above other than technical degree,8940,5363,3577,5469,3804,1665,715,397,318,383,201,182,2756,1162,1594,1190,556,634
B0103,12,248,District - Papum Pare,Urban,Technical degree or diploma equal to degree or post-graduate degree,1893,1337,556,1191,922,269,139,80,59,99,55,44,563,335,228,246,157,89
B0103,12,249,District - Upper Subansiri,Total,Total,83448,41758,41690,25717,14525,11192,7653,3373,4280,3419,1606,1813,50078,23860,26218,7083,3388,3695
B0103,12,249,District - Upper Subansiri,Total,Illiterate,38170,16951,21219,13392,6052,7340,3928,1433,2495,1438,552,886,20850,9466,11384,1368,468,900
B0103,12,249,District - Upper Subansiri,Total,Literate,45278,24807,20471,12325,8473,3852,3725,1940,1785,1981,1054,927,29228,14394,14834,5715,2920,2795
B0103,12,249,District - Upper Subansiri,Total,Literate but below matric/secondary,28768,14648,14120,5998,3689,2309,2054,1022,1032,978,497,481,20716,9937,10779,2794,1259,1535
B0103,12,249,District - Upper Subansiri,Total,Matric/secondary but below graduate,11725,7044,4681,3841,2877,964,1115,619,496,658,372,286,6769,3548,3221,2308,1303,1005
B0103,12,249,District - Upper Subansiri,Total,Technical diploma or certificate not equal to degree,220,188,32,164,144,20,5,3,2,3,1,2,51,41,10,24,20,4
B0103,12,249,District - Upper Subansiri,Total,Graduate and above other than technical degree,2072,1531,541,1208,1016,192,187,125,62,117,82,35,677,390,287,311,199,112
B0103,12,249,District - Upper Subansiri,Total,Technical degree or diploma equal to degree or post-graduate degree,386,320,66,271,236,35,20,19,1,14,13,1,95,65,30,39,25,14
B0103,12,249,District - Upper Subansiri,Rural,Total,70043,34840,35203,22178,11888,10290,7036,3069,3967,2983,1393,1590,40829,19883,20946,5565,2723,2842
B0103,12,249,District - Upper Subansiri,Rural,Illiterate,33984,15225,18759,12608,5602,7006,3721,1352,2369,1319,508,811,17655,8271,9384,1089,392,697
B0103,12,249,District - Upper Subansiri,Rural,Literate,36059,19615,16444,9570,6286,3284,3315,1717,1598,1664,885,779,23174,11612,11562,4476,2331,2145
B0103,12,249,District - Upper Subansiri,Rural,Literate but below matric/secondary,23553,11963,11590,4966,2889,2077,1892,931,961,862,432,430,16695,8143,8552,2255,1037,1218
B0103,12,249,District - Upper Subansiri,Rural,Matric/secondary but below graduate,8978,5405,3573,2831,2087,744,1015,555,460,586,324,262,5132,2763,2369,1793,1037,756
B0103,12,249,District - Upper Subansiri,Rural,Technical diploma or certificate not equal to degree,146,125,21,104,90,14,3,3,0,1,1,0,39,32,7,21,18,3
B0103,12,249,District - Upper Subansiri,Rural,Graduate and above other than technical degree,1457,1071,386,802,674,128,162,110,52,103,73,30,493,287,206,216,143,73
B0103,12,249,District - Upper Subansiri,Rural,Technical degree or diploma equal to degree or post-graduate degree,253,212,41,166,147,19,16,15,1,12,11,1,71,50,21,26,16,10
B0103,12,249,District - Upper Subansiri,Urban,Total,13405,6918,6487,3539,2637,902,617,304,313,436,213,223,9249,3977,5272,1518,665,853
B0103,12,249,District - Upper Subansiri,Urban,Illiterate,4186,1726,2460,784,450,334,207,81,126,119,44,75,3195,1195,2000,279,76,203
B0103,12,249,District - Upper Subansiri,Urban,Literate,9219,5192,4027,2755,2187,568,410,223,187,317,169,148,6054,2782,3272,1239,589,650
B0103,12,249,District - Upper Subansiri,Urban,Literate but below matric/secondary,5215,2685,2530,1032,800,232,162,91,71,116,65,51,4021,1794,2227,539,222,317
B0103,12,249,District - Upper Subansiri,Urban,Matric/secondary but below graduate,2747,1639,1108,1010,790,220,100,64,36,72,48,24,1637,785,852,515,266,249
B0103,12,249,District - Upper Subansiri,Urban,Technical diploma or certificate not equal to degree,74,63,11,60,54,6,2,0,2,2,0,2,12,9,3,3,2,1
B0103,12,249,District - Upper Subansiri,Urban,Graduate and above other than technical degree,615,460,155,406,342,64,25,15,10,14,9,5,184,103,81,95,56,39
B0103,12,249,District - Upper Subansiri,Urban,Technical degree or diploma equal to degree or post-graduate degree,133,108,25,105,89,16,4,4,0,2,2,0,24,15,9,13,9,4
B0103,12,250,District - West Siang,Total,Total,112274,58168,54106,43000,26045,16955,6177,3111,3066,2120,1277,843,63097,29012,34085,6738,3031,3707
B0103,12,250,District - West Siang,Total,Illiterate,47528,21391,26137,18104,8432,9672,2352,1002,1350,629,370,259,27072,11957,15115,1112,352,760
B0103,12,250,District - West Siang,Total,Literate,64746,36777,27969,24896,17613,7283,3825,2109,1716,1491,907,584,36025,17055,18970,5626,2679,2947
B0103,12,250,District - West Siang,Total,Literate but below matric/secondary,41940,22057,19883,13222,8419,4803,2581,1378,1203,850,521,329,26137,12260,13877,2726,1191,1535
B0103,12,250,District - West Siang,Total,Matric/secondary but below graduate,16436,10285,6151,7553,5975,1578,859,481,378,429,243,186,8024,3829,4195,2080,1026,1054
B0103,12,250,District - West Siang,Total,Technical diploma or certificate not equal to degree,488,406,82,261,223,38,16,13,3,11,10,1,211,170,41,85,67,18
B0103,12,250,District - West Siang,Total,Graduate and above other than technical degree,3771,2631,1140,2474,1954,520,252,161,91,158,103,55,1045,516,529,571,305,266
B0103,12,250,District - West Siang,Total,Technical degree or diploma equal to degree or post-graduate degree,668,519,149,534,436,98,22,16,6,11,7,4,112,67,45,67,41,26
B0103,12,250,District - West Siang,Rural,Total,87306,44687,42619,34879,19615,15264,5246,2628,2618,1809,1110,699,47181,22444,24737,4997,2317,2680
B0103,12,250,District - West Siang,Rural,Illiterate,41432,18754,22678,17206,7827,9379,2080,895,1185,571,345,226,22146,10032,12114,951,321,630
B0103,12,250,District - West Siang,Rural,Literate,45874,25933,19941,17673,11788,5885,3166,1733,1433,1238,765,473,25035,12412,12623,4046,1996,2050
B0103,12,250,District - West Siang,Rural,Literate but below matric/secondary,32358,17181,15177,10913,6595,4318,2242,1194,1048,750,466,284,19203,9392,9811,2160,977,1183
B0103,12,250,District - West Siang,Rural,Matric/secondary but below graduate,9738,6120,3618,4335,3332,1003,640,353,287,334,193,141,4763,2435,2328,1367,706,661
B0103,12,250,District - West Siang,Rural,Technical diploma or certificate not equal to degree,225,192,33,130,116,14,6,5,1,4,4,0,89,71,18,56,47,9
B0103,12,250,District - West Siang,Rural,Graduate and above other than technical degree,2243,1614,629,1458,1166,292,185,122,63,117,78,39,600,326,274,358,207,151
B0103,12,250,District - West Siang,Rural,Technical degree or diploma equal to degree or post-graduate degree,311,242,69,253,203,50,14,9,5,10,7,3,44,30,14,29,19,10
B0103,12,250,District - West Siang,Urban,Total,24968,13481,11487,8121,6430,1691,931,483,448,311,167,144,15916,6568,9348,1741,714,1027
B0103,12,250,District - West Siang,Urban,Illiterate,6096,2637,3459,898,605,293,272,107,165,58,25,33,4926,1925,3001,161,31,130
B0103,12,250,District - West Siang,Urban,Literate,18872,10844,8028,7223,5825,1398,659,376,283,253,142,111,10990,4643,6347,1580,683,897
B0103,12,250,District - West Siang,Urban,Literate but below matric/secondary,9582,4876,4706,2309,1824,485,339,184,155,100,55,45,6934,2868,4066,566,214,352
B0103,12,250,District - West Siang,Urban,Matric/secondary but below graduate,6698,4165,2533,3218,2643,575,219,128,91,95,50,45,3261,1394,1867,713,320,393
B0103,12,250,District - West Siang,Urban,Technical diploma or certificate not equal to degree,263,214,49,131,107,24,10,8,2,7,6,1,122,99,23,29,20,9
B0103,12,250,District - West Siang,Urban,Graduate and above other than technical degree,1528,1017,511,1016,788,228,67,39,28,41,25,16,445,190,255,213,98,115
B0103,12,250,District - West Siang,Urban,Technical degree or diploma equal to degree or post-graduate degree,357,277,80,281,233,48,8,7,1,1,0,1,68,37,31,38,22,16
B0103,12,251,District - East Siang,Total,Total,99214,50116,49098,33578,20309,13269,6644,3282,3362,2245,1189,1056,58992,26525,32467,7848,3398,4450
B0103,12,251,District - East Siang,Total,Illiterate,36638,15906,20732,11226,5311,5915,2597,1109,1488,624,332,292,22815,9486,13329,1064,243,821
B0103,12,251,District - East Siang,Total,Literate,62576,34210,28366,22352,14998,7354,4047,2173,1874,1621,857,764,36177,17039,19138,6784,3155,3629
B0103,12,251,District - East Siang,Total,Literate but below matric/secondary,39662,21025,18637,12465,8012,4453,2341,1223,1118,822,421,401,24856,11790,13066,3074,1391,1683
B0103,12,251,District - East Siang,Total,Matric/secondary but below graduate,15339,8368,6971,5344,3702,1642,1148,614,534,521,267,254,8847,4052,4795,2646,1216,1430
B0103,12,251,District - East Siang,Total,Technical diploma or certificate not equal to degree,202,159,43,147,128,19,12,7,5,5,4,1,43,24,19,22,12,10
B0103,12,251,District - East Siang,Total,Graduate and above other than technical degree,4702,3045,1657,2786,2062,724,351,223,128,196,127,69,1565,760,805,849,432,417
B0103,12,251,District - East Siang,Total,Technical degree or diploma equal to degree or post-graduate degree,802,595,207,567,447,120,42,29,13,18,12,6,193,119,74,84,50,34
B0103,12,251,District - East Siang,Rural,Total,71579,36147,35432,25923,14576,11347,5494,2598,2896,1736,857,879,40162,18973,21189,4816,2367,2449
B0103,12,251,District - East Siang,Rural,Illiterate,28515,12453,16062,9865,4407,5458,2118,865,1253,436,214,222,16532,7181,9351,633,193,440
B0103,12,251,District - East Siang,Rural,Literate,43064,23694,19370,16058,10169,5889,3376,1733,1643,1300,643,657,23630,11792,11838,4183,2174,2009
B0103,12,251,District - East Siang,Rural,Literate but below matric/secondary,28582,15207,13375,9855,5913,3942,1946,946,1000,649,297,352,16781,8348,8433,1917,1006,911
B0103,12,251,District - East Siang,Rural,Matric/secondary but below graduate,9556,5357,4199,3312,2238,1074,976,515,461,431,218,213,5268,2604,2664,1625,811,814
B0103,12,251,District - East Siang,Rural,Technical diploma or certificate not equal to degree,80,56,24,48,37,11,10,6,4,5,4,1,22,13,9,10,5,5
B0103,12,251,District - East Siang,Rural,Graduate and above other than technical degree,2758,1833,925,1601,1173,428,271,174,97,151,96,55,886,486,400,484,270,214
B0103,12,251,District - East Siang,Rural,Technical degree or diploma equal to degree or post-graduate degree,431,321,110,283,223,60,34,24,10,14,10,4,114,74,40,53,33,20
B0103,12,251,District - East Siang,Urban,Total,27635,13969,13666,7655,5733,1922,1150,684,466,509,332,177,18830,7552,11278,3032,1031,2001
B0103,12,251,District - East Siang,Urban,Illiterate,8123,3453,4670,1361,904,457,479,244,235,188,118,70,6283,2305,3978,431,50,381
B0103,12,251,District - East Siang,Urban,Literate,19512,10516,8996,6294,4829,1465,671,440,231,321,214,107,12547,5247,7300,2601,981,1620
B0103,12,251,District - East Siang,Urban,Literate but below matric/secondary,11080,5818,5262,2610,2099,511,395,277,118,173,124,49,8075,3442,4633,1157,385,772
B0103,12,251,District - East Siang,Urban,Matric/secondary but below graduate,5783,3011,2772,2032,1464,568,172,99,73,90,49,41,3579,1448,2131,1021,405,616
B0103,12,251,District - East Siang,Urban,Technical diploma or certificate not equal to degree,122,103,19,99,91,8,2,1,1,0,0,0,21,11,10,12,7,5
B0103,12,251,District - East Siang,Urban,Graduate and above other than technical degree,1944,1212,732,1185,889,296,80,49,31,45,31,14,679,274,405,365,162,203
B0103,12,251,District - East Siang,Urban,Technical degree or diploma equal to degree or post-graduate degree,371,274,97,284,224,60,8,5,3,4,2,2,79,45,34,31,17,14
B0103,12,252,District - Upper Siang,Total,Total,35320,18699,16621,14524,8521,6003,3120,1447,1673,1399,642,757,17676,8731,8945,1934,918,1016
B0103,12,252,District - Upper Siang,Total,Illiterate,17125,7976,9149,7120,3230,3890,1197,483,714,435,148,287,8808,4263,4545,370,158,212
B0103,12,252,District - Upper Siang,Total,Literate,18195,10723,7472,7404,5291,2113,1923,964,959,964,494,470,8868,4468,4400,1564,760,804
B0103,12,252,District - Upper Siang,Total,Literate but below matric/secondary,12368,6671,5697,3932,2511,1421,1451,682,769,663,307,356,6985,3478,3507,906,421,485
B0103,12,252,District - Upper Siang,Total,Matric/secondary but below graduate,3935,2698,1237,2139,1738,401,320,190,130,203,122,81,1476,770,706,502,257,245
B0103,12,252,District - Upper Siang,Total,Technical diploma or certificate not equal to degree,86,79,7,77,72,5,4,3,1,2,1,1,5,4,1,3,3,0
B0103,12,252,District - Upper Siang,Total,Graduate and above other than technical degree,961,740,221,724,595,129,67,44,23,45,32,13,170,101,69,78,47,31
B0103,12,252,District - Upper Siang,Total,Technical degree or diploma equal to degree or post-graduate degree,159,132,27,147,125,22,1,0,1,1,0,1,11,7,4,2,2,0
B0103,12,252,District - Upper Siang,Rural,Total,28780,15335,13445,12380,7083,5297,2533,1192,1341,1271,587,684,13867,7060,6807,1690,829,861
B0103,12,252,District - Upper Siang,Rural,Illiterate,15062,7055,8007,6652,2990,3662,1009,411,598,406,143,263,7401,3654,3747,318,146,172
B0103,12,252,District - Upper Siang,Rural,Literate,13718,8280,5438,5728,4093,1635,1524,781,743,865,444,421,6466,3406,3060,1372,683,689
B0103,12,252,District - Upper Siang,Rural,Literate but below matric/secondary,9586,5232,4354,3190,1988,1202,1162,556,606,608,282,326,5234,2688,2546,827,388,439
B0103,12,252,District - Upper Siang,Rural,Matric/secondary but below graduate,2807,2087,720,1618,1385,233,246,150,96,178,109,69,943,552,391,423,228,195
B0103,12,252,District - Upper Siang,Rural,Technical diploma or certificate not equal to degree,53,50,3,47,46,1,2,1,1,2,1,1,4,3,1,2,2,0
B0103,12,252,District - Upper Siang,Rural,Graduate and above other than technical degree,608,490,118,454,386,68,50,36,14,37,27,10,104,68,36,61,39,22
B0103,12,252,District - Upper Siang,Rural,Technical degree or diploma equal to degree or post-graduate degree,76,66,10,69,61,8,1,0,1,1,0,1,6,5,1,0,0,0
B0103,12,252,District - Upper Siang,Urban,Total,6540,3364,3176,2144,1438,706,587,255,332,128,55,73,3809,1671,2138,244,89,155
B0103,12,252,District - Upper Siang,Urban,Illiterate,2063,921,1142,468,240,228,188,72,116,29,5,24,1407,609,798,52,12,40
B0103,12,252,District - Upper Siang,Urban,Literate,4477,2443,2034,1676,1198,478,399,183,216,99,50,49,2402,1062,1340,192,77,115
B0103,12,252,District - Upper Siang,Urban,Literate but below matric/secondary,2782,1439,1343,742,523,219,289,126,163,55,25,30,1751,790,961,79,33,46
B0103,12,252,District - Upper Siang,Urban,Matric/secondary but below graduate,1128,611,517,521,353,168,74,40,34,25,13,12,533,218,315,79,29,50
B0103,12,252,District - Upper Siang,Urban,Technical diploma or certificate not equal to degree,33,29,4,30,26,4,2,2,0,0,0,0,1,1,0,1,1,0
B0103,12,252,District - Upper Siang,Urban,Graduate and above other than technical degree,353,250,103,270,209,61,17,8,9,8,5,3,66,33,33,17,8,9
B0103,12,252,District - Upper Siang,Urban,Technical degree or diploma equal to degree or post-graduate degree,83,66,17,78,64,14,0,0,0,0,0,0,5,2,3,2,2,0
B0103,12,253,District - Changlang,Total,Total,148226,76948,71278,50765,34767,15998,12201,4562,7639,2946,1545,1401,85260,37619,47641,5892,2455,3437
B0103,12,253,District - Changlang,Total,Illiterate,75052,32921,42131,23149,12817,10332,6925,1661,5264,1232,478,754,44978,18443,26535,1361,338,1023
B0103,12,253,District - Changlang,Total,Literate,73174,44027,29147,27616,21950,5666,5276,2901,2375,1714,1067,647,40282,19176,21106,4531,2117,2414
B0103,12,253,District - Changlang,Total,Literate but below matric/secondary,54833,32238,22595,18000,14172,3828,4116,2232,1884,1283,796,487,32717,15834,16883,2534,1150,1384
B0103,12,253,District - Changlang,Total,Matric/secondary but below graduate,12643,8064,4579,6264,5145,1119,617,379,238,269,158,111,5762,2540,3222,1473,704,769
B0103,12,253,District - Changlang,Total,Technical diploma or certificate not equal to degree,207,174,33,173,151,22,4,4,0,2,2,0,30,19,11,8,5,3
B0103,12,253,District - Changlang,Total,Graduate and above other than technical degree,2763,1845,918,1796,1409,387,134,96,38,86,69,17,833,340,493,374,182,192
B0103,12,253,District - Changlang,Total,Technical degree or diploma equal to degree or post-graduate degree,419,307,112,328,261,67,9,5,4,3,1,2,82,41,41,34,19,15
B0103,12,253,District - Changlang,Rural,Total,128998,66283,62715,43916,28993,14923,11724,4290,7434,2742,1416,1326,73358,33000,40358,4603,1974,2629
B0103,12,253,District - Changlang,Rural,Illiterate,70251,30860,39391,22336,12249,10087,6766,1588,5178,1168,436,732,41149,17023,24126,1174,306,868
B0103,12,253,District - Changlang,Rural,Literate,58747,35423,23324,21580,16744,4836,4958,2702,2256,1574,980,594,32209,15977,16232,3429,1668,1761
B0103,12,253,District - Changlang,Rural,Literate but below matric/secondary,46576,27624,18952,15520,11984,3536,3928,2117,1811,1197,740,457,27128,13523,13605,1991,941,1050
B0103,12,253,District - Changlang,Rural,Matric/secondary but below graduate,8109,5169,2940,3795,3017,778,534,326,208,233,141,92,3780,1826,1954,1069,527,542
B0103,12,253,District - Changlang,Rural,Technical diploma or certificate not equal to degree,76,59,17,57,46,11,1,1,0,1,1,0,18,12,6,7,5,2
B0103,12,253,District - Changlang,Rural,Graduate and above other than technical degree,1715,1193,522,1127,891,236,102,76,26,72,58,14,486,226,260,245,133,112
B0103,12,253,District - Changlang,Rural,Technical degree or diploma equal to degree or post-graduate degree,238,168,70,189,141,48,5,3,2,2,0,2,44,24,20,23,13,10
B0103,12,253,District - Changlang,Urban,Total,19228,10665,8563,6849,5774,1075,477,272,205,204,129,75,11902,4619,7283,1289,481,808
B0103,12,253,District - Changlang,Urban,Illiterate,4801,2061,2740,813,568,245,159,73,86,64,42,22,3829,1420,2409,187,32,155
B0103,12,253,District - Changlang,Urban,Literate,14427,8604,5823,6036,5206,830,318,199,119,140,87,53,8073,3199,4874,1102,449,653
B0103,12,253,District - Changlang,Urban,Literate but below matric/secondary,8257,4614,3643,2480,2188,292,188,115,73,86,56,30,5589,2311,3278,543,209,334
B0103,12,253,District - Changlang,Urban,Matric/secondary but below graduate,4534,2895,1639,2469,2128,341,83,53,30,36,17,19,1982,714,1268,404,177,227
B0103,12,253,District - Changlang,Urban,Technical diploma or certificate not equal to degree,131,115,16,116,105,11,3,3,0,1,1,0,12,7,5,1,0,1
B0103,12,253,District - Changlang,Urban,Graduate and above other than technical degree,1048,652,396,669,518,151,32,20,12,14,11,3,347,114,233,129,49,80
B0103,12,253,District - Changlang,Urban,Technical degree or diploma equal to degree or post-graduate degree,181,139,42,139,120,19,4,2,2,1,1,0,38,17,21,11,6,5
B0103,12,254,District - Tirap,Total,Total,111975,57604,54371,44262,24739,19523,5907,2806,3101,2404,1289,1115,61806,30059,31747,4947,2312,2635
B0103,12,254,District - Tirap,Total,Illiterate,64001,28291,35710,26119,11075,15044,3003,1050,1953,695,250,445,34879,16166,18713,1129,319,810
B0103,12,254,District - Tirap,Total,Literate,47974,29313,18661,18143,13664,4479,2904,1756,1148,1709,1039,670,26927,13893,13034,3818,1993,1825
B0103,12,254,District - Tirap,Total,Literate but below matric/secondary,34990,20855,14135,11032,8158,2874,2166,1272,894,1193,712,481,21792,11425,10367,2148,1129,1019
B0103,12,254,District - Tirap,Total,Matric/secondary but below graduate,9113,5929,3184,4546,3610,936,546,362,184,392,244,148,4021,1957,2064,1228,644,584
B0103,12,254,District - Tirap,Total,Technical diploma or certificate not equal to degree,115,103,12,101,93,8,3,2,1,2,1,1,11,8,3,8,6,2
B0103,12,254,District - Tirap,Total,Graduate and above other than technical degree,1835,1214,621,1231,917,314,97,64,33,67,44,23,507,233,274,247,128,119
B0103,12,254,District - Tirap,Total,Technical degree or diploma equal to degree or post-graduate degree,237,177,60,194,150,44,10,4,6,5,3,2,33,23,10,16,13,3
B0103,12,254,District - Tirap,Rural,Total,91165,46185,44980,37557,19204,18353,5202,2335,2867,2020,1028,992,48406,24646,23760,3216,1667,1549
B0103,12,254,District - Tirap,Rural,Illiterate,57866,25557,32309,25196,10413,14783,2773,916,1857,594,187,407,29897,14228,15669,854,278,576
B0103,12,254,District - Tirap,Rural,Literate,33299,20628,12671,12361,8791,3570,2429,1419,1010,1426,841,585,18509,10418,8091,2362,1389,973
B0103,12,254,District - Tirap,Rural,Literate but below matric/secondary,26838,16359,10479,8867,6264,2603,1923,1098,825,1055,613,442,16048,8997,7051,1532,885,647
B0103,12,254,District - Tirap,Rural,Matric/secondary but below graduate,4487,2983,1504,2154,1590,564,392,250,142,293,177,116,1941,1143,798,651,408,243
B0103,12,254,District - Tirap,Rural,Technical diploma or certificate not equal to degree,23,21,2,21,20,1,1,0,1,1,0,1,1,1,0,1,1,0
B0103,12,254,District - Tirap,Rural,Graduate and above other than technical degree,775,519,256,526,384,142,57,35,22,43,26,17,192,100,92,106,53,53
B0103,12,254,District - Tirap,Rural,Technical degree or diploma equal to degree or post-graduate degree,74,56,18,64,49,15,0,0,0,0,0,0,10,7,3,7,5,2
B0103,12,254,District - Tirap,Urban,Total,20810,11419,9391,6705,5535,1170,705,471,234,384,261,123,13400,5413,7987,1731,645,1086
B0103,12,254,District - Tirap,Urban,Illiterate,6135,2734,3401,923,662,261,230,134,96,101,63,38,4982,1938,3044,275,41,234
B0103,12,254,District - Tirap,Urban,Literate,14675,8685,5990,5782,4873,909,475,337,138,283,198,85,8418,3475,4943,1456,604,852
B0103,12,254,District - Tirap,Urban,Literate but below matric/secondary,8152,4496,3656,2165,1894,271,243,174,69,138,99,39,5744,2428,3316,616,244,372
B0103,12,254,District - Tirap,Urban,Matric/secondary but below graduate,4626,2946,1680,2392,2020,372,154,112,42,99,67,32,2080,814,1266,577,236,341
B0103,12,254,District - Tirap,Urban,Technical diploma or certificate not equal to degree,92,82,10,80,73,7,2,2,0,1,1,0,10,7,3,7,5,2
B0103,12,254,District - Tirap,Urban,Graduate and above other than technical degree,1060,695,365,705,533,172,40,29,11,24,18,6,315,133,182,141,75,66
B0103,12,254,District - Tirap,Urban,Technical degree or diploma equal to degree or post-graduate degree,163,121,42,130,101,29,10,4,6,5,3,2,23,16,7,9,8,1
B0103,12,255,District - Lower Subansiri,Total,Total,83030,41843,41187,22669,13890,8779,7533,3449,4084,3685,1787,1898,52828,24504,28324,6832,3301,3531
B0103,12,255,District - Lower Subansiri,Total,Illiterate,28973,12373,16600,7732,3440,4292,3282,1184,2098,1332,534,798,17959,7749,10210,724,227,497
B0103,12,255,District - Lower Subansiri,Total,Literate,54057,29470,24587,14937,10450,4487,4251,2265,1986,2353,1253,1100,34869,16755,18114,6108,3074,3034
B0103,12,255,District - Lower Subansiri,Total,Literate but below matric/secondary,30866,16046,14820,6402,4285,2117,2269,1117,1152,1129,556,573,22195,10644,11551,1965,955,1010
B0103,12,255,District - Lower Subansiri,Total,Matric/secondary but below graduate,16666,9186,7480,5100,3592,1508,1437,817,620,914,504,410,10129,4777,5352,3066,1530,1536
B0103,12,255,District - Lower Subansiri,Total,Technical diploma or certificate not equal to degree,457,341,116,267,224,43,18,11,7,10,5,5,172,106,66,62,35,27
B0103,12,255,District - Lower Subansiri,Total,Graduate and above other than technical degree,4013,2642,1371,2104,1592,512,253,178,75,163,114,49,1656,872,784,802,443,359
B0103,12,255,District - Lower Subansiri,Total,Technical degree or diploma equal to degree or post-graduate degree,816,607,209,521,424,97,33,23,10,22,16,6,262,160,102,117,71,46
B0103,12,255,District - Lower Subansiri,Rural,Total,70224,35460,34764,18619,11034,7585,7065,3271,3794,3467,1714,1753,44540,21155,23385,5809,2840,2969
B0103,12,255,District - Lower Subansiri,Rural,Illiterate,25896,11084,14812,7096,3071,4025,3138,1151,1987,1272,516,756,15662,6862,8800,652,199,453
B0103,12,255,District - Lower Subansiri,Rural,Literate,44328,24376,19952,11523,7963,3560,3927,2120,1807,2195,1198,997,28878,14293,14585,5157,2641,2516
B0103,12,255,District - Lower Subansiri,Rural,Literate but below matric/secondary,25856,13517,12339,5236,3391,1845,2119,1060,1059,1058,535,523,18501,9066,9435,1651,817,834
B0103,12,255,District - Lower Subansiri,Rural,Matric/secondary but below graduate,13290,7466,5824,3733,2638,1095,1317,754,563,852,482,370,8240,4074,4166,2607,1322,1285
B0103,12,255,District - Lower Subansiri,Rural,Technical diploma or certificate not equal to degree,376,281,95,214,180,34,16,10,6,9,5,4,146,91,55,49,28,21
B0103,12,255,District - Lower Subansiri,Rural,Graduate and above other than technical degree,3114,2093,1021,1509,1172,337,227,163,64,151,107,44,1378,758,620,675,385,290
B0103,12,255,District - Lower Subansiri,Rural,Technical degree or diploma equal to degree or post-graduate degree,613,452,161,369,302,67,30,22,8,22,16,6,214,128,86,92,52,40
B0103,12,255,District - Lower Subansiri,Urban,Total,12806,6383,6423,4050,2856,1194,468,178,290,218,73,145,8288,3349,4939,1023,461,562
B0103,12,255,District - Lower Subansiri,Urban,Illiterate,3077,1289,1788,636,369,267,144,33,111,60,18,42,2297,887,1410,72,28,44
B0103,12,255,District - Lower Subansiri,Urban,Literate,9729,5094,4635,3414,2487,927,324,145,179,158,55,103,5991,2462,3529,951,433,518
B0103,12,255,District - Lower Subansiri,Urban,Literate but below matric/secondary,5010,2529,2481,1166,894,272,150,57,93,71,21,50,3694,1578,2116,314,138,176
B0103,12,255,District - Lower Subansiri,Urban,Matric/secondary but below graduate,3376,1720,1656,1367,954,413,120,63,57,62,22,40,1889,703,1186,459,208,251
B0103,12,255,District - Lower Subansiri,Urban,Technical diploma or certificate not equal to degree,81,60,21,53,44,9,2,1,1,1,0,1,26,15,11,13,7,6
B0103,12,255,District - Lower Subansiri,Urban,Graduate and above other than technical degree,899,549,350,595,420,175,26,15,11,12,7,5,278,114,164,127,58,69
B0103,12,255,District - Lower Subansiri,Urban,Technical degree or diploma equal to degree or post-graduate degree,203,155,48,152,122,30,3,1,2,0,0,0,48,32,16,25,19,6
B0103,12,256,District - Kurung Kumey,Total,Total,92076,45318,46758,24372,12232,12140,13672,6197,7475,6286,2901,3385,54032,26889,27143,4732,2463,2269
B0103,12,256,District - Kurung Kumey,Total,Illiterate,55470,25060,30410,16288,7031,9257,9021,3732,5289,3870,1607,2263,30161,14297,15864,1707,807,900
B0103,12,256,District - Kurung Kumey,Total,Literate,36606,20258,16348,8084,5201,2883,4651,2465,2186,2416,1294,1122,23871,12592,11279,3025,1656,1369
B0103,12,256,District - Kurung Kumey,Total,Literate but below matric/secondary,26461,13966,12495,4190,2471,1719,3127,1551,1576,1588,786,802,19144,9944,9200,1762,904,858
B0103,12,256,District - Kurung Kumey,Total,Matric/secondary but below graduate,7212,4414,2798,2327,1620,707,1099,675,424,606,382,224,3786,2119,1667,1034,594,440
B0103,12,256,District - Kurung Kumey,Total,Technical diploma or certificate not equal to degree,159,132,27,90,76,14,7,5,2,3,3,0,62,51,11,27,22,5
B0103,12,256,District - Kurung Kumey,Total,Graduate and above other than technical degree,1091,800,291,747,569,178,122,95,27,61,47,14,222,136,86,92,63,29
B0103,12,256,District - Kurung Kumey,Total,Technical degree or diploma equal to degree or post-graduate degree,152,139,13,108,101,7,11,9,2,6,4,2,33,29,4,19,18,1
B0103,12,256,District - Kurung Kumey,Rural,Total,89731,44072,45659,23864,11826,12038,13388,6058,7330,6151,2820,3331,52479,26188,26291,4541,2381,2160
B0103,12,256,District - Kurung Kumey,Rural,Illiterate,54432,24586,29846,16186,6955,9231,8887,3674,5213,3824,1581,2243,29359,13957,15402,1660,794,866
B0103,12,256,District - Kurung Kumey,Rural,Literate,35299,19486,15813,7678,4871,2807,4501,2384,2117,2327,1239,1088,23120,12231,10889,2881,1587,1294
B0103,12,256,District - Kurung Kumey,Rural,Literate but below matric/secondary,25653,13532,12121,4075,2374,1701,3043,1510,1533,1536,757,779,18535,9648,8887,1674,864,810
B0103,12,256,District - Kurung Kumey,Rural,Matric/secondary but below graduate,6917,4216,2701,2174,1501,673,1052,643,409,579,363,216,3691,2072,1619,991,571,420
B0103,12,256,District - Kurung Kumey,Rural,Technical diploma or certificate not equal to degree,146,119,27,78,64,14,7,5,2,3,3,0,61,50,11,26,21,5
B0103,12,256,District - Kurung Kumey,Rural,Graduate and above other than technical degree,983,713,270,656,494,162,118,93,25,58,45,13,209,126,83,88,59,29
B0103,12,256,District - Kurung Kumey,Rural,Technical degree or diploma equal to degree or post-graduate degree,135,123,12,92,86,6,11,9,2,6,4,2,32,28,4,18,17,1
B0103,12,256,District - Kurung Kumey,Urban,Total,2345,1246,1099,508,406,102,284,139,145,135,81,54,1553,701,852,191,82,109
B0103,12,256,District - Kurung Kumey,Urban,Illiterate,1038,474,564,102,76,26,134,58,76,46,26,20,802,340,462,47,13,34
B0103,12,256,District - Kurung Kumey,Urban,Literate,1307,772,535,406,330,76,150,81,69,89,55,34,751,361,390,144,69,75
B0103,12,256,District - Kurung Kumey,Urban,Literate but below matric/secondary,808,434,374,115,97,18,84,41,43,52,29,23,609,296,313,88,40,48
B0103,12,256,District - Kurung Kumey,Urban,Matric/secondary but below graduate,295,198,97,153,119,34,47,32,15,27,19,8,95,47,48,43,23,20
B0103,12,256,District - Kurung Kumey,Urban,Technical diploma or certificate not equal to degree,13,13,0,12,12,0,0,0,0,0,0,0,1,1,0,1,1,0
B0103,12,256,District - Kurung Kumey,Urban,Graduate and above other than technical degree,108,87,21,91,75,16,4,2,2,3,2,1,13,10,3,4,4,0
B0103,12,256,District - Kurung Kumey,Urban,Technical degree or diploma equal to degree or post-graduate degree,17,16,1,16,15,1,0,0,0,0,0,0,1,1,0,1,1,0
B0103,12,257,District - Dibang Valley,Total,Total,8004,4414,3590,2525,1642,883,1030,586,444,603,352,251,4449,2186,2263,1089,510,579
B0103,12,257,District - Dibang Valley,Total,Illiterate,3568,1800,1768,1098,633,465,547,272,275,335,178,157,1923,895,1028,330,124,206
B0103,12,257,District - Dibang Valley,Total,Literate,4436,2614,1822,1427,1009,418,483,314,169,268,174,94,2526,1291,1235,759,386,373
B0103,12,257,District - Dibang Valley,Total,Literate but below matric/secondary,2783,1552,1231,734,508,226,304,190,114,175,107,68,1745,854,891,464,219,245
B0103,12,257,District - Dibang Valley,Total,Matric/secondary but below graduate,1093,696,397,367,257,110,97,72,25,62,46,16,629,367,262,259,152,107
B0103,12,257,District - Dibang Valley,Total,Technical diploma or certificate not equal to degree,31,26,5,26,23,3,2,1,1,2,1,1,3,2,1,3,2,1
B0103,12,257,District - Dibang Valley,Total,Graduate and above other than technical degree,304,221,83,218,166,52,25,19,6,17,13,4,61,36,25,23,8,15
B0103,12,257,District - Dibang Valley,Total,Technical degree or diploma equal to degree or post-graduate degree,30,24,6,29,24,5,0,0,0,0,0,0,1,0,1,1,0,1
B0103,12,257,District - Dibang Valley,Rural,Total,5620,3098,2522,1819,1151,668,821,465,356,518,311,207,2980,1482,1498,671,322,349
B0103,12,257,District - Dibang Valley,Rural,Illiterate,2928,1511,1417,991,567,424,500,255,245,299,165,134,1437,689,748,206,80,126
B0103,12,257,District - Dibang Valley,Rural,Literate,2692,1587,1105,828,584,244,321,210,111,219,146,73,1543,793,750,465,242,223
B0103,12,257,District - Dibang Valley,Rural,Literate but below matric/secondary,1840,1060,780,483,341,142,216,132,84,144,90,54,1141,587,554,316,167,149
B0103,12,257,District - Dibang Valley,Rural,Matric/secondary but below graduate,559,319,240,170,111,59,68,51,17,51,39,12,321,157,164,126,64,62
B0103,12,257,District - Dibang Valley,Rural,Technical diploma or certificate not equal to degree,19,16,3,15,13,2,1,1,0,1,1,0,3,2,1,3,2,1
B0103,12,257,District - Dibang Valley,Rural,Graduate and above other than technical degree,172,126,46,117,90,27,19,15,4,16,12,4,36,21,15,12,4,8
B0103,12,257,District - Dibang Valley,Rural,Technical degree or diploma equal to degree or post-graduate degree,9,8,1,9,8,1,0,0,0,0,0,0,0,0,0,0,0,0
B0103,12,257,District - Dibang Valley,Urban,Total,2384,1316,1068,706,491,215,209,121,88,85,41,44,1469,704,765,418,188,230
B0103,12,257,District - Dibang Valley,Urban,Illiterate,640,289,351,107,66,41,47,17,30,36,13,23,486,206,280,124,44,80
B0103,12,257,District - Dibang Valley,Urban,Literate,1744,1027,717,599,425,174,162,104,58,49,28,21,983,498,485,294,144,150
B0103,12,257,District - Dibang Valley,Urban,Literate but below matric/secondary,943,492,451,251,167,84,88,58,30,31,17,14,604,267,337,148,52,96
B0103,12,257,District - Dibang Valley,Urban,Matric/secondary but below graduate,534,377,157,197,146,51,29,21,8,11,7,4,308,210,98,133,88,45
B0103,12,257,District - Dibang Valley,Urban,Technical diploma or certificate not equal to degree,12,10,2,11,10,1,1,0,1,1,0,1,0,0,0,0,0,0
B0103,12,257,District - Dibang Valley,Urban,Graduate and above other than technical degree,132,95,37,101,76,25,6,4,2,1,1,0,25,15,10,11,4,7
B0103,12,257,District - Dibang Valley,Urban,Technical degree or diploma equal to degree or post-graduate degree,21,16,5,20,16,4,0,0,0,0,0,0,1,0,1,1,0,1
B0103,12,258,District - Lower Dibang Valley,Total,Total,54080,28053,26027,19829,13051,6778,2497,1051,1446,1466,633,833,31754,13951,17803,2866,1371,1495
B0103,12,258,District - Lower Dibang Valley,Total,Illiterate,22231,9966,12265,8214,4241,3973,1112,325,787,603,172,431,12905,5400,7505,371,115,256
B0103,12,258,District - Lower Dibang Valley,Total,Literate,31849,18087,13762,11615,8810,2805,1385,726,659,863,461,402,18849,8551,10298,2495,1256,1239
B0103,12,258,District - Lower Dibang Valley,Total,Literate but below matric/secondary,21778,12045,9733,6757,5100,1657,975,499,476,586,315,271,14046,6446,7600,1160,581,579
B0103,12,258,District - Lower Dibang Valley,Total,Matric/secondary but below graduate,6875,3956,2919,2784,2136,648,262,144,118,181,96,85,3829,1676,2153,923,469,454
B0103,12,258,District - Lower Dibang Valley,Total,Technical diploma or certificate not equal to degree,159,133,26,119,107,12,2,2,0,1,1,0,38,24,14,17,12,5
B0103,12,258,District - Lower Dibang Valley,Total,Graduate and above other than technical degree,1883,1218,665,1208,924,284,70,41,29,49,25,24,605,253,352,315,158,157
B0103,12,258,District - Lower Dibang Valley,Total,Technical degree or diploma equal to degree or post-graduate degree,345,264,81,271,224,47,12,5,7,10,4,6,62,35,27,33,17,16
B0103,12,258,District - Lower Dibang Valley,Rural,Total,42691,21989,20702,16123,10035,6088,2379,983,1396,1423,605,818,24189,10971,13218,2287,1098,1189
B0103,12,258,District - Lower Dibang Valley,Rural,Illiterate,19886,8910,10976,7732,3892,3840,1082,307,775,596,166,430,11072,4711,6361,349,109,240
B0103,12,258,District - Lower Dibang Valley,Rural,Literate,22805,13079,9726,8391,6143,2248,1297,676,621,827,439,388,13117,6260,6857,1938,989,949
B0103,12,258,District - Lower Dibang Valley,Rural,Literate but below matric/secondary,16216,9098,7118,5323,3875,1448,920,465,455,565,301,264,9973,4758,5215,993,504,489
B0103,12,258,District - Lower Dibang Valley,Rural,Matric/secondary but below graduate,4502,2640,1862,1763,1316,447,246,134,112,173,90,83,2493,1190,1303,673,350,323
B0103,12,258,District - Lower Dibang Valley,Rural,Technical diploma or certificate not equal to degree,49,35,14,29,23,6,1,1,0,1,1,0,19,11,8,4,3,1
B0103,12,258,District - Lower Dibang Valley,Rural,Graduate and above other than technical degree,1178,777,401,723,552,171,60,39,21,43,24,19,395,186,209,211,105,106
B0103,12,258,District - Lower Dibang Valley,Rural,Technical degree or diploma equal to degree or post-graduate degree,176,131,45,131,104,27,10,4,6,9,3,6,35,23,12,20,13,7
B0103,12,258,District - Lower Dibang Valley,Urban,Total,11389,6064,5325,3706,3016,690,118,68,50,43,28,15,7565,2980,4585,579,273,306
B0103,12,258,District - Lower Dibang Valley,Urban,Illiterate,2345,1056,1289,482,349,133,30,18,12,7,6,1,1833,689,1144,22,6,16
B0103,12,258,District - Lower Dibang Valley,Urban,Literate,9044,5008,4036,3224,2667,557,88,50,38,36,22,14,5732,2291,3441,557,267,290
B0103,12,258,District - Lower Dibang Valley,Urban,Literate but below matric/secondary,5562,2947,2615,1434,1225,209,55,34,21,21,14,7,4073,1688,2385,167,77,90
B0103,12,258,District - Lower Dibang Valley,Urban,Matric/secondary but below graduate,2373,1316,1057,1021,820,201,16,10,6,8,6,2,1336,486,850,250,119,131
B0103,12,258,District - Lower Dibang Valley,Urban,Technical diploma or certificate not equal to degree,110,98,12,90,84,6,1,1,0,0,0,0,19,13,6,13,9,4
B0103,12,258,District - Lower Dibang Valley,Urban,Graduate and above other than technical degree,705,441,264,485,372,113,10,2,8,6,1,5,210,67,143,104,53,51
B0103,12,258,District - Lower Dibang Valley,Urban,Technical degree or diploma equal to degree or post-graduate degree,169,133,36,140,120,20,2,1,1,1,1,0,27,12,15,13,4,9
B0103,12,259,District - Lohit,Total,Total,145726,76221,69505,50754,34656,16098,10191,4254,5937,3555,1789,1766,84781,37311,47470,5722,2529,3193
B0103,12,259,District - Lohit,Total,Illiterate,62664,27841,34823,19844,10758,9086,4609,1306,3303,1392,521,871,38211,15777,22434,1111,300,811
B0103,12,259,District - Lohit,Total,Literate,83062,48380,34682,30910,23898,7012,5582,2948,2634,2163,1268,895,46570,21534,25036,4611,2229,2382
B0103,12,259,District - Lohit,Total,Literate but below matric/secondary,60896,34439,26457,20201,15506,4695,4346,2202,2144,1649,946,703,36349,16731,19618,2517,1164,1353
B0103,12,259,District - Lohit,Total,Matric/secondary but below graduate,15389,9517,5872,6421,5074,1347,850,533,317,351,221,130,8118,3910,4208,1583,820,763
B0103,12,259,District - Lohit,Total,Technical diploma or certificate not equal to degree,299,257,42,239,218,21,11,5,6,7,4,3,49,34,15,18,15,3
B0103,12,259,District - Lohit,Total,Graduate and above other than technical degree,3664,2394,1270,2436,1878,558,139,88,51,67,41,26,1089,428,661,361,156,205
B0103,12,259,District - Lohit,Total,Technical degree or diploma equal to degree or post-graduate degree,525,388,137,383,300,83,23,13,10,11,7,4,119,75,44,42,29,13
B0103,12,259,District - Lohit,Rural,Total,113296,58991,54305,40899,26677,14222,9004,3457,5547,3047,1426,1621,63393,28857,34536,4115,1853,2262
B0103,12,259,District - Lohit,Rural,Illiterate,53044,23539,29505,18015,9437,8578,4162,1061,3101,1211,400,811,30867,13041,17826,916,257,659
B0103,12,259,District - Lohit,Rural,Literate,60252,35452,24800,22884,17240,5644,4842,2396,2446,1836,1026,810,32526,15816,16710,3199,1596,1603
B0103,12,259,District - Lohit,Rural,Literate but below matric/secondary,47227,26977,20250,16541,12344,4197,3893,1854,2039,1460,801,659,26793,12779,14014,1964,934,1030
B0103,12,259,District - Lohit,Rural,Matric/secondary but below graduate,9190,5951,3239,3999,3109,890,663,395,268,268,161,107,4528,2447,2081,943,511,432
B0103,12,259,District - Lohit,Rural,Technical diploma or certificate not equal to degree,118,102,16,94,87,7,5,0,5,2,0,2,19,15,4,9,8,1
B0103,12,259,District - Lohit,Rural,Graduate and above other than technical degree,1802,1219,583,1155,889,266,96,63,33,43,29,14,551,267,284,193,92,101
B0103,12,259,District - Lohit,Rural,Technical degree or diploma equal to degree or post-graduate degree,234,177,57,176,139,37,11,5,6,2,1,1,47,33,14,20,14,6
B0103,12,259,District - Lohit,Urban,Total,32430,17230,15200,9855,7979,1876,1187,797,390,508,363,145,21388,8454,12934,1607,676,931
B0103,12,259,District - Lohit,Urban,Illiterate,9620,4302,5318,1829,1321,508,447,245,202,181,121,60,7344,2736,4608,195,43,152
B0103,12,259,District - Lohit,Urban,Literate,22810,12928,9882,8026,6658,1368,740,552,188,327,242,85,14044,5718,8326,1412,633,779
B0103,12,259,District - Lohit,Urban,Literate but below matric/secondary,13669,7462,6207,3660,3162,498,453,348,105,189,145,44,9556,3952,5604,553,230,323
B0103,12,259,District - Lohit,Urban,Matric/secondary but below graduate,6199,3566,2633,2422,1965,457,187,138,49,83,60,23,3590,1463,2127,640,309,331
B0103,12,259,District - Lohit,Urban,Technical diploma or certificate not equal to degree,181,155,26,145,131,14,6,5,1,5,4,1,30,19,11,9,7,2
B0103,12,259,District - Lohit,Urban,Graduate and above other than technical degree,1862,1175,687,1281,989,292,43,25,18,24,12,12,538,161,377,168,64,104
B0103,12,259,District - Lohit,Urban,Technical degree or diploma equal to degree or post-graduate degree,291,211,80,207,161,46,12,8,4,9,6,3,72,42,30,22,15,7
B0103,12,260,District - Anjaw,Total,Total,21167,11507,9660,9264,5715,3549,1237,509,728,271,119,152,10666,5283,5383,598,302,296
B0103,12,260,District - Anjaw,Total,Illiterate,11177,4984,6193,5184,2414,2770,730,209,521,166,54,112,5263,2361,2902,135,46,89
B0103,12,260,District - Anjaw,Total,Literate,9990,6523,3467,4080,3301,779,507,300,207,105,65,40,5403,2922,2481,463,256,207
B0103,12,260,District - Anjaw,Total,Literate but below matric/secondary,7179,4356,2823,2211,1706,505,379,218,161,74,48,26,4589,2432,2157,320,168,152
B0103,12,260,District - Anjaw,Total,Matric/secondary but below graduate,1968,1547,421,1272,1110,162,89,56,33,21,10,11,607,381,226,113,72,41
B0103,12,260,District - Anjaw,Total,Technical diploma or certificate not equal to degree,62,55,7,54,49,5,2,2,0,1,1,0,6,4,2,1,0,1
B0103,12,260,District - Anjaw,Total,Graduate and above other than technical degree,446,327,119,346,282,64,18,13,5,5,3,2,82,32,50,18,5,13
B0103,12,260,District - Anjaw,Total,Technical degree or diploma equal to degree or post-graduate degree,92,83,9,81,74,7,3,2,1,1,1,0,8,7,1,2,2,0
B0103,12,260,District - Anjaw,Rural,Total,20185,10882,9303,8798,5307,3491,1233,505,728,270,118,152,10154,5070,5084,594,299,295
B0103,12,260,District - Anjaw,Rural,Illiterate,10917,4809,6108,5036,2282,2754,727,206,521,165,53,112,5154,2321,2833,135,46,89
B0103,12,260,District - Anjaw,Rural,Literate,9268,6073,3195,3762,3025,737,506,299,207,105,65,40,5000,2749,2251,459,253,206
B0103,12,260,District - Anjaw,Rural,Literate but below matric/secondary,6630,4040,2590,2021,1534,487,378,217,161,74,48,26,4231,2289,1942,317,166,151
B0103,12,260,District - Anjaw,Rural,Matric/secondary but below graduate,1892,1491,401,1213,1062,151,89,56,33,21,10,11,590,373,217,113,72,41
B0103,12,260,District - Anjaw,Rural,Technical diploma or certificate not equal to degree,52,47,5,44,41,3,2,2,0,1,1,0,6,4,2,1,0,1
B0103,12,260,District - Anjaw,Rural,Graduate and above other than technical degree,392,287,105,297,243,54,18,13,5,5,3,2,77,31,46,18,5,13
B0103,12,260,District - Anjaw,Rural,Technical degree or diploma equal to degree or post-graduate degree,81,73,8,71,65,6,3,2,1,1,1,0,7,6,1,1,1,0
B0103,12,260,District - Anjaw,Urban,Total,982,625,357,466,408,58,4,4,0,1,1,0,512,213,299,4,3,1
B0103,12,260,District - Anjaw,Urban,Illiterate,260,175,85,148,132,16,3,3,0,1,1,0,109,40,69,0,0,0
B0103,12,260,District - Anjaw,Urban,Literate,722,450,272,318,276,42,1,1,0,0,0,0,403,173,230,4,3,1
B0103,12,260,District - Anjaw,Urban,Literate but below matric/secondary,549,316,233,190,172,18,1,1,0,0,0,0,358,143,215,3,2,1
B0103,12,260,District - Anjaw,Urban,Matric/secondary but below graduate,76,56,20,59,48,11,0,0,0,0,0,0,17,8,9,0,0,0
B0103,12,260,District - Anjaw,Urban,Technical diploma or certificate not equal to degree,10,8,2,10,8,2,0,0,0,0,0,0,0,0,0,0,0,0
B0103,12,260,District - Anjaw,Urban,Graduate and above other than technical degree,54,40,14,49,39,10,0,0,0,0,0,0,5,1,4,0,0,0
B0103,12,260,District - Anjaw,Urban,Technical degree or diploma equal to degree or post-graduate degree,11,10,1,10,9,1,0,0,0,0,0,0,1,1,0,1,1,0
B0103,13,261,District - Mon,Total,Total,250260,131753,118507,104981,58695,46286,42673,20730,21943,11500,6054,5446,102606,52328,50278,9175,4602,4573
B0103,13,261,District - Mon,Total,Illiterate,130634,64321,66313,57243,28174,29069,13025,5603,7422,2847,1364,1483,60366,30544,29822,1698,830,868
B0103,13,261,District - Mon,Total,Literate,119626,67432,52194,47738,30521,17217,29648,15127,14521,8653,4690,3963,42240,21784,20456,7477,3772,3705
B0103,13,261,District - Mon,Total,Literate but below matric/secondary,93167,50385,42782,34028,20888,13140,24617,12199,12418,6442,3359,3083,34522,17298,17224,4779,2210,2569
B0103,13,261,District - Mon,Total,Matric/secondary but below graduate,10707,6657,4050,4631,3464,1167,2101,1173,928,1134,664,470,3975,2020,1955,1641,855,786
B0103,13,261,District - Mon,Total,Technical diploma or certificate not equal to degree,122,100,22,84,76,8,21,13,8,17,10,7,17,11,6,11,6,5
B0103,13,261,District - Mon,Total,Graduate and above other than technical degree,1884,1299,585,1113,854,259,253,176,77,190,131,59,518,269,249,326,168,158
B0103,13,261,District - Mon,Total,Technical degree or diploma equal to degree or post-graduate degree,210,136,74,148,101,47,22,13,9,14,8,6,40,22,18,24,12,12
B0103,13,261,District - Mon,Rural,Total,215816,113469,102347,96763,52712,44051,37903,18560,19343,8959,4703,4256,81150,42197,38953,4088,2230,1858
B0103,13,261,District - Mon,Rural,Illiterate,120885,59531,61354,55971,27374,28597,11782,5050,6732,2240,1026,1214,53132,27107,26025,1080,564,516
B0103,13,261,District - Mon,Rural,Literate,94931,53938,40993,40792,25338,15454,26121,13510,12611,6719,3677,3042,28018,15090,12928,3008,1666,1342
B0103,13,261,District - Mon,Rural,Literate but below matric/secondary,76524,41976,34548,30245,18141,12104,22118,11165,10953,5169,2743,2426,24161,12670,11491,2189,1133,1056
B0103,13,261,District - Mon,Rural,Matric/secondary but below graduate,6045,3953,2092,2956,2197,759,1541,883,658,783,473,310,1548,873,675,457,272,185
B0103,13,261,District - Mon,Rural,Technical diploma or certificate not equal to degree,65,54,11,44,41,3,18,12,6,14,9,5,3,1,2,1,0,1
B0103,13,261,District - Mon,Rural,Graduate and above other than technical degree,879,670,209,556,455,101,166,118,48,120,84,36,157,97,60,70,45,25
B0103,13,261,District - Mon,Rural,Technical degree or diploma equal to degree or post-graduate degree,101,68,33,65,46,19,19,11,8,12,7,5,17,11,6,11,8,3
B0103,13,261,District - Mon,Urban,Total,34444,18284,16160,8218,5983,2235,4770,2170,2600,2541,1351,1190,21456,10131,11325,5087,2372,2715
B0103,13,261,District - Mon,Urban,Illiterate,9749,4790,4959,1272,800,472,1243,553,690,607,338,269,7234,3437,3797,618,266,352
B0103,13,261,District - Mon,Urban,Literate,24695,13494,11201,6946,5183,1763,3527,1617,1910,1934,1013,921,14222,6694,7528,4469,2106,2363
B0103,13,261,District - Mon,Urban,Literate but below matric/secondary,16643,8409,8234,3783,2747,1036,2499,1034,1465,1273,616,657,10361,4628,5733,2590,1077,1513
B0103,13,261,District - Mon,Urban,Matric/secondary but below graduate,4662,2704,1958,1675,1267,408,560,290,270,351,191,160,2427,1147,1280,1184,583,601
B0103,13,261,District - Mon,Urban,Technical diploma or certificate not equal to degree,57,46,11,40,35,5,3,1,2,3,1,2,14,10,4,10,6,4
B0103,13,261,District - Mon,Urban,Graduate and above other than technical degree,1005,629,376,557,399,158,87,58,29,70,47,23,361,172,189,256,123,133
B0103,13,261,District - Mon,Urban,Technical degree or diploma equal to degree or post-graduate degree,109,68,41,83,55,28,3,2,1,2,1,1,23,11,12,13,4,9
B0103,13,262,District - Mokokchung,Total,Total,194622,101092,93530,81046,48355,32691,19021,8729,10292,7303,3843,3460,94555,44008,50547,10616,4683,5933
B0103,13,262,District - Mokokchung,Total,Illiterate,35128,17613,17515,7582,4241,3341,1343,630,713,460,234,226,26203,12742,13461,342,133,209
B0103,13,262,District - Mokokchung,Total,Literate,159494,83479,76015,73464,44114,29350,17678,8099,9579,6843,3609,3234,68352,31266,37086,10274,4550,5724
B0103,13,262,District - Mokokchung,Total,Literate but below matric/secondary,108014,55745,52269,47032,27756,19276,11609,5168,6441,3805,2005,1800,49373,22821,26552,4519,1925,2594
B0103,13,262,District - Mokokchung,Total,Matric/secondary but below graduate,32207,17246,14961,14973,9549,5424,4122,1973,2149,2088,1090,998,13112,5724,7388,3447,1553,1894
B0103,13,262,District - Mokokchung,Total,Technical diploma or certificate not equal to degree,658,475,183,397,295,102,35,22,13,24,14,10,226,158,68,84,50,34
B0103,13,262,District - Mokokchung,Total,Graduate and above other than technical degree,8559,4580,3979,4909,2922,1987,768,376,392,523,271,252,2882,1282,1600,1598,715,883
B0103,13,262,District - Mokokchung,Total,Technical degree or diploma equal to degree or post-graduate degree,970,608,362,646,426,220,61,33,28,35,18,17,263,149,114,139,82,57
B0103,13,262,District - Mokokchung,Rural,Total,138897,71373,67524,62285,35126,27159,15745,7109,8636,6251,3227,3024,60867,29138,31729,6741,3017,3724
B0103,13,262,District - Mokokchung,Rural,Illiterate,26286,13066,13220,6429,3342,3087,1035,455,580,383,173,210,18822,9269,9553,231,98,133
B0103,13,262,District - Mokokchung,Rural,Literate,112611,58307,54304,55856,31784,24072,14710,6654,8056,5868,3054,2814,42045,19869,22176,6510,2919,3591
B0103,13,262,District - Mokokchung,Rural,Literate but below matric/secondary,80033,40724,39309,38602,21517,17085,9717,4240,5477,3313,1700,1613,31714,14967,16747,3122,1352,1770
B0103,13,262,District - Mokokchung,Rural,Matric/secondary but below graduate,20139,10720,9419,9638,5824,3814,3475,1667,1808,1817,955,862,7026,3229,3797,2224,998,1226
B0103,13,262,District - Mokokchung,Rural,Technical diploma or certificate not equal to degree,342,231,111,216,148,68,24,14,10,18,8,10,102,69,33,37,20,17
B0103,13,262,District - Mokokchung,Rural,Graduate and above other than technical degree,4356,2386,1970,2457,1473,984,571,273,298,386,200,186,1328,640,688,737,348,389
B0103,13,262,District - Mokokchung,Rural,Technical degree or diploma equal to degree or post-graduate degree,364,234,130,248,165,83,43,25,18,27,14,13,73,44,29,48,28,20
B0103,13,262,District - Mokokchung,Urban,Total,55725,29719,26006,18761,13229,5532,3276,1620,1656,1052,616,436,33688,14870,18818,3875,1666,2209
B0103,13,262,District - Mokokchung,Urban,Illiterate,8842,4547,4295,1153,899,254,308,175,133,77,61,16,7381,3473,3908,111,35,76
B0103,13,262,District - Mokokchung,Urban,Literate,46883,25172,21711,17608,12330,5278,2968,1445,1523,975,555,420,26307,11397,14910,3764,1631,2133
B0103,13,262,District - Mokokchung,Urban,Literate but below matric/secondary,27981,15021,12960,8430,6239,2191,1892,928,964,492,305,187,17659,7854,9805,1397,573,824
B0103,13,262,District - Mokokchung,Urban,Matric/secondary but below graduate,12068,6526,5542,5335,3725,1610,647,306,341,271,135,136,6086,2495,3591,1223,555,668
B0103,13,262,District - Mokokchung,Urban,Technical diploma or certificate not equal to degree,316,244,72,181,147,34,11,8,3,6,6,0,124,89,35,47,30,17
B0103,13,262,District - Mokokchung,Urban,Graduate and above other than technical degree,4203,2194,2009,2452,1449,1003,197,103,94,137,71,66,1554,642,912,861,367,494
B0103,13,262,District - Mokokchung,Urban,Technical degree or diploma equal to degree or post-graduate degree,606,374,232,398,261,137,18,8,10,8,4,4,190,105,85,91,54,37
B0103,13,263,District - Zunheboto,Total,Total,140757,71217,69540,49382,27876,21506,30084,13302,16782,7307,3580,3727,61291,30039,31252,5540,2634,2906
B0103,13,263,District - Zunheboto,Total,Illiterate,37876,17713,20163,10246,4396,5850,3084,1046,2038,380,168,212,24546,12271,12275,335,160,175
B0103,13,263,District - Zunheboto,Total,Literate,102881,53504,49377,39136,23480,15656,27000,12256,14744,6927,3412,3515,36745,17768,18977,5205,2474,2731
B0103,13,263,District - Zunheboto,Total,Literate but below matric/secondary,72842,37155,35687,25545,14757,10788,19167,8664,10503,3676,1803,1873,28130,13734,14396,2590,1216,1374
B0103,13,263,District - Zunheboto,Total,Matric/secondary but below graduate,19169,10432,8737,7745,5168,2577,5304,2434,2870,2085,1015,1070,6120,2830,3290,1702,805,897
B0103,13,263,District - Zunheboto,Total,Technical diploma or certificate not equal to degree,513,356,157,243,182,61,140,95,45,71,44,27,130,79,51,65,42,23
B0103,13,263,District - Zunheboto,Total,Graduate and above other than technical degree,4621,2724,1897,2446,1626,820,1061,549,512,630,337,293,1114,549,565,562,288,274
B0103,13,263,District - Zunheboto,Total,Technical degree or diploma equal to degree or post-graduate degree,567,302,265,362,222,140,107,37,70,54,20,34,98,43,55,53,21,32
B0103,13,263,District - Zunheboto,Rural,Total,113160,56786,56374,42143,22531,19612,28011,12552,15459,6700,3322,3378,43006,21703,21303,3217,1565,1652
B0103,13,263,District - Zunheboto,Rural,Illiterate,33011,15409,17602,9923,4195,5728,2936,1003,1933,355,157,198,20152,10211,9941,208,98,110
B0103,13,263,District - Zunheboto,Rural,Literate,80149,41377,38772,32220,18336,13884,25075,11549,13526,6345,3165,3180,22854,11492,11362,3009,1467,1542
B0103,13,263,District - Zunheboto,Rural,Literate but below matric/secondary,58979,30155,28824,22473,12449,10024,17810,8215,9595,3334,1663,1671,18696,9491,9205,1631,803,828
B0103,13,263,District - Zunheboto,Rural,Matric/secondary but below graduate,13173,6973,6200,5399,3369,2030,4945,2270,2675,1930,942,988,2829,1334,1495,947,440,507
B0103,13,263,District - Zunheboto,Rural,Technical diploma or certificate not equal to degree,343,238,105,162,119,43,134,90,44,67,41,26,47,29,18,30,20,10
B0103,13,263,District - Zunheboto,Rural,Graduate and above other than technical degree,3017,1801,1216,1624,1091,533,974,500,474,588,317,271,419,210,209,224,122,102
B0103,13,263,District - Zunheboto,Rural,Technical degree or diploma equal to degree or post-graduate degree,397,198,199,248,140,108,106,37,69,53,20,33,43,21,22,25,15,10
B0103,13,263,District - Zunheboto,Urban,Total,27597,14431,13166,7239,5345,1894,2073,750,1323,607,258,349,18285,8336,9949,2323,1069,1254
B0103,13,263,District - Zunheboto,Urban,Illiterate,4865,2304,2561,323,201,122,148,43,105,25,11,14,4394,2060,2334,127,62,65
B0103,13,263,District - Zunheboto,Urban,Literate,22732,12127,10605,6916,5144,1772,1925,707,1218,582,247,335,13891,6276,7615,2196,1007,1189
B0103,13,263,District - Zunheboto,Urban,Literate but below matric/secondary,13863,7000,6863,3072,2308,764,1357,449,908,342,140,202,9434,4243,5191,959,413,546
B0103,13,263,District - Zunheboto,Urban,Matric/secondary but below graduate,5996,3459,2537,2346,1799,547,359,164,195,155,73,82,3291,1496,1795,755,365,390
B0103,13,263,District - Zunheboto,Urban,Technical diploma or certificate not equal to degree,170,118,52,81,63,18,6,5,1,4,3,1,83,50,33,35,22,13
B0103,13,263,District - Zunheboto,Urban,Graduate and above other than technical degree,1604,923,681,822,535,287,87,49,38,42,20,22,695,339,356,338,166,172
B0103,13,263,District - Zunheboto,Urban,Technical degree or diploma equal to degree or post-graduate degree,170,104,66,114,82,32,1,0,1,1,0,1,55,22,33,28,6,22
B0103,13,264,District - Wokha,Total,Total,166343,84505,81838,63512,35692,27820,14900,6404,8496,5125,2644,2481,87931,42409,45522,11562,5753,5809
B0103,13,264,District - Wokha,Total,Illiterate,38135,17120,21015,10960,4152,6808,1323,445,878,384,206,178,25852,12523,13329,345,148,197
B0103,13,264,District - Wokha,Total,Literate,128208,67385,60823,52552,31540,21012,13577,5959,7618,4741,2438,2303,62079,29886,32193,11217,5605,5612
B0103,13,264,District - Wokha,Total,Literate but below matric/secondary,87394,44164,43230,34590,19365,15225,8589,3535,5054,2350,1166,1184,44215,21264,22951,4163,1933,2230
B0103,13,264,District - Wokha,Total,Matric/secondary but below graduate,27920,15883,12037,11116,7794,3322,3586,1787,1799,1740,937,803,13218,6302,6916,4731,2393,2338
B0103,13,264,District - Wokha,Total,Technical diploma or certificate not equal to degree,341,220,121,217,149,68,18,8,10,10,3,7,106,63,43,56,32,24
B0103,13,264,District - Wokha,Total,Graduate and above other than technical degree,6942,4362,2580,3604,2556,1048,623,336,287,423,222,201,2715,1470,1245,1800,1019,781
B0103,13,264,District - Wokha,Total,Technical degree or diploma equal to degree or post-graduate degree,514,377,137,347,267,80,32,20,12,21,10,11,135,90,45,78,51,27
B0103,13,264,District - Wokha,Rural,Total,131339,66435,64904,53679,28836,24843,12443,5496,6947,4273,2236,2037,65217,32103,33114,7757,3892,3865
B0103,13,264,District - Wokha,Rural,Illiterate,33118,14768,18350,10559,3965,6594,1169,401,768,354,189,165,21390,10402,10988,264,106,158
B0103,13,264,District - Wokha,Rural,Literate,98221,51667,46554,43120,24871,18249,11274,5095,6179,3919,2047,1872,43827,21701,22126,7493,3786,3707
B0103,13,264,District - Wokha,Rural,Literate but below matric/secondary,71718,36357,35361,31024,16819,14205,7360,3116,4244,2004,996,1008,33334,16422,16912,3096,1459,1637
B0103,13,264,District - Wokha,Rural,Matric/secondary but below graduate,18496,10798,7698,7811,5404,2407,2887,1506,1381,1421,791,630,7798,3888,3910,3110,1598,1512
B0103,13,264,District - Wokha,Rural,Technical diploma or certificate not equal to degree,176,116,60,112,80,32,12,6,6,8,3,5,52,30,22,29,16,13
B0103,13,264,District - Wokha,Rural,Graduate and above other than technical degree,3771,2447,1324,1869,1392,477,449,242,207,314,169,145,1453,813,640,985,573,412
B0103,13,264,District - Wokha,Rural,Technical degree or diploma equal to degree or post-graduate degree,240,178,62,153,119,34,29,18,11,19,9,10,58,41,17,34,24,10
B0103,13,264,District - Wokha,Urban,Total,35004,18070,16934,9833,6856,2977,2457,908,1549,852,408,444,22714,10306,12408,3805,1861,1944
B0103,13,264,District - Wokha,Urban,Illiterate,5017,2352,2665,401,187,214,154,44,110,30,17,13,4462,2121,2341,81,42,39
B0103,13,264,District - Wokha,Urban,Literate,29987,15718,14269,9432,6669,2763,2303,864,1439,822,391,431,18252,8185,10067,3724,1819,1905
B0103,13,264,District - Wokha,Urban,Literate but below matric/secondary,15676,7807,7869,3566,2546,1020,1229,419,810,346,170,176,10881,4842,6039,1067,474,593
B0103,13,264,District - Wokha,Urban,Matric/secondary but below graduate,9424,5085,4339,3305,2390,915,699,281,418,319,146,173,5420,2414,3006,1621,795,826
B0103,13,264,District - Wokha,Urban,Technical diploma or certificate not equal to degree,165,104,61,105,69,36,6,2,4,2,0,2,54,33,21,27,16,11
B0103,13,264,District - Wokha,Urban,Graduate and above other than technical degree,3171,1915,1256,1735,1164,571,174,94,80,109,53,56,1262,657,605,815,446,369
B0103,13,264,District - Wokha,Urban,Technical degree or diploma equal to degree or post-graduate degree,274,199,75,194,148,46,3,2,1,2,1,1,77,49,28,44,27,17
B0103,13,265,District - Dimapur ,Total,Total,378811,197394,181417,122358,88055,34303,28992,11590,17402,10502,5082,5420,227461,97749,129712,25084,11333,13751
B0103,13,265,District - Dimapur ,Total,Illiterate,100774,47252,53522,20260,12623,7637,5920,1982,3938,1428,650,778,74594,32647,41947,2240,762,1478
B0103,13,265,District - Dimapur ,Total,Literate,278037,150142,127895,102098,75432,26666,23072,9608,13464,9074,4432,4642,152867,65102,87765,22844,10571,12273
B0103,13,265,District - Dimapur ,Total,Literate but below matric/secondary,158054,82776,75278,46154,34229,11925,13286,5358,7928,4603,2217,2386,98614,43189,55425,8673,3897,4776
B0103,13,265,District - Dimapur ,Total,Matric/secondary but below graduate,77180,43098,34082,32443,24950,7493,6247,2642,3605,2767,1326,1441,38490,15506,22984,8750,4099,4651
B0103,13,265,District - Dimapur ,Total,Technical diploma or certificate not equal to degree,1430,1003,427,813,623,190,84,41,43,46,25,21,533,339,194,190,117,73
B0103,13,265,District - Dimapur ,Total,Graduate and above other than technical degree,26307,14963,11344,14861,10077,4784,1969,972,997,1155,593,562,9477,3914,5563,4039,1928,2111
B0103,13,265,District - Dimapur ,Total,Technical degree or diploma equal to degree or post-graduate degree,2904,1925,979,1931,1370,561,126,67,59,74,45,29,847,488,359,349,186,163
B0103,13,265,District - Dimapur ,Rural,Total,180942,93435,87507,59169,39184,19985,17689,6515,11174,5788,2774,3014,104084,47736,56348,9943,4767,5176
B0103,13,265,District - Dimapur ,Rural,Illiterate,54120,25095,29025,13079,7178,5901,4046,1065,2981,698,256,442,36995,16852,20143,841,313,528
B0103,13,265,District - Dimapur ,Rural,Literate,126822,68340,58482,46090,32006,14084,13643,5450,8193,5090,2518,2572,67089,30884,36205,9102,4454,4648
B0103,13,265,District - Dimapur ,Rural,Literate but below matric/secondary,80528,42173,38355,24550,16660,7890,8711,3369,5342,2861,1394,1467,47267,22144,25123,3930,1908,2022
B0103,13,265,District - Dimapur ,Rural,Matric/secondary but below graduate,30220,17220,13000,12712,9543,3169,3131,1336,1795,1426,712,714,14377,6341,8036,3241,1587,1654
B0103,13,265,District - Dimapur ,Rural,Technical diploma or certificate not equal to degree,571,411,160,308,242,66,43,20,23,26,14,12,220,149,71,65,41,24
B0103,13,265,District - Dimapur ,Rural,Graduate and above other than technical degree,9207,5309,3898,5204,3456,1748,878,435,443,528,277,251,3125,1418,1707,1456,739,717
B0103,13,265,District - Dimapur ,Rural,Technical degree or diploma equal to degree or post-graduate degree,927,582,345,637,419,218,45,24,21,23,14,9,245,139,106,90,46,44
B0103,13,265,District - Dimapur ,Urban,Total,197869,103959,93910,63189,48871,14318,11303,5075,6228,4714,2308,2406,123377,50013,73364,15141,6566,8575
B0103,13,265,District - Dimapur ,Urban,Illiterate,46654,22157,24497,7181,5445,1736,1874,917,957,730,394,336,37599,15795,21804,1399,449,950
B0103,13,265,District - Dimapur ,Urban,Literate,151215,81802,69413,56008,43426,12582,9429,4158,5271,3984,1914,2070,85778,34218,51560,13742,6117,7625
B0103,13,265,District - Dimapur ,Urban,Literate but below matric/secondary,77526,40603,36923,21604,17569,4035,4575,1989,2586,1742,823,919,51347,21045,30302,4743,1989,2754
B0103,13,265,District - Dimapur ,Urban,Matric/secondary but below graduate,46960,25878,21082,19731,15407,4324,3116,1306,1810,1341,614,727,24113,9165,14948,5509,2512,2997
B0103,13,265,District - Dimapur ,Urban,Technical diploma or certificate not equal to degree,859,592,267,505,381,124,41,21,20,20,11,9,313,190,123,125,76,49
B0103,13,265,District - Dimapur ,Urban,Graduate and above other than technical degree,17100,9654,7446,9657,6621,3036,1091,537,554,627,316,311,6352,2496,3856,2583,1189,1394
B0103,13,265,District - Dimapur ,Urban,Technical degree or diploma equal to degree or post-graduate degree,1977,1343,634,1294,951,343,81,43,38,51,31,20,602,349,253,259,140,119
B0103,13,266,District - Phek,Total,Total,163418,83743,79675,63645,34382,29263,16632,7174,9458,6056,2910,3146,83141,42187,40954,7663,3918,3745
B0103,13,266,District - Phek,Total,Illiterate,57525,25817,31708,19103,7230,11873,3579,1054,2525,1188,412,776,34843,17533,17310,677,290,387
B0103,13,266,District - Phek,Total,Literate,105893,57926,47967,44542,27152,17390,13053,6120,6933,4868,2498,2370,48298,24654,23644,6986,3628,3358
B0103,13,266,District - Phek,Total,Literate but below matric/secondary,73893,39199,34694,28492,16503,11989,8315,3709,4606,2358,1138,1220,37086,18987,18099,3048,1577,1471
B0103,13,266,District - Phek,Total,Matric/secondary but below graduate,19631,11583,8048,8594,5976,2618,2904,1484,1420,1496,812,684,8133,4123,4010,2672,1363,1309
B0103,13,266,District - Phek,Total,Technical diploma or certificate not equal to degree,218,128,90,138,84,54,28,15,13,23,13,10,52,29,23,25,12,13
B0103,13,266,District - Phek,Total,Graduate and above other than technical degree,5492,3593,1899,3117,2308,809,888,513,375,583,339,244,1487,772,715,882,475,407
B0103,13,266,District - Phek,Total,Technical degree or diploma equal to degree or post-graduate degree,472,321,151,334,253,81,50,23,27,32,13,19,88,45,43,50,27,23
B0103,13,266,District - Phek,Rural,Total,138843,70529,68314,55556,28819,26737,15189,6597,8592,5704,2723,2981,68098,35113,32985,5462,2891,2571
B0103,13,266,District - Phek,Rural,Illiterate,51610,23192,28418,17953,6775,11178,3335,999,2336,1152,397,755,30322,15418,14904,502,227,275
B0103,13,266,District - Phek,Rural,Literate,87233,47337,39896,37603,22044,15559,11854,5598,6256,4552,2326,2226,37776,19695,18081,4960,2664,2296
B0103,13,266,District - Phek,Rural,Literate but below matric/secondary,62647,33212,29435,25284,14291,10993,7561,3398,4163,2195,1058,1137,29802,15523,14279,2097,1094,1003
B0103,13,266,District - Phek,Rural,Matric/secondary but below graduate,14628,8427,6201,6260,4087,2173,2662,1362,1300,1413,760,653,5706,2978,2728,1950,1054,896
B0103,13,266,District - Phek,Rural,Technical diploma or certificate not equal to degree,141,83,58,88,56,32,26,14,12,21,12,9,27,13,14,16,7,9
B0103,13,266,District - Phek,Rural,Graduate and above other than technical degree,4180,2770,1410,2362,1756,606,794,462,332,540,314,226,1024,552,472,616,348,268
B0103,13,266,District - Phek,Rural,Technical degree or diploma equal to degree or post-graduate degree,350,239,111,244,186,58,44,21,23,28,12,16,62,32,30,37,20,17
B0103,13,266,District - Phek,Urban,Total,24575,13214,11361,8089,5563,2526,1443,577,866,352,187,165,15043,7074,7969,2201,1027,1174
B0103,13,266,District - Phek,Urban,Illiterate,5915,2625,3290,1150,455,695,244,55,189,36,15,21,4521,2115,2406,175,63,112
B0103,13,266,District - Phek,Urban,Literate,18660,10589,8071,6939,5108,1831,1199,522,677,316,172,144,10522,4959,5563,2026,964,1062
B0103,13,266,District - Phek,Urban,Literate but below matric/secondary,11246,5987,5259,3208,2212,996,754,311,443,163,80,83,7284,3464,3820,951,483,468
B0103,13,266,District - Phek,Urban,Matric/secondary but below graduate,5003,3156,1847,2334,1889,445,242,122,120,83,52,31,2427,1145,1282,722,309,413
B0103,13,266,District - Phek,Urban,Technical diploma or certificate not equal to degree,77,45,32,50,28,22,2,1,1,2,1,1,25,16,9,9,5,4
B0103,13,266,District - Phek,Urban,Graduate and above other than technical degree,1312,823,489,755,552,203,94,51,43,43,25,18,463,220,243,266,127,139
B0103,13,266,District - Phek,Urban,Technical degree or diploma equal to degree or post-graduate degree,122,82,40,90,67,23,6,2,4,4,1,3,26,13,13,13,7,6
B0103,13,267,District - Tuensang,Total,Total,196596,101933,94663,73518,41420,32098,24636,11511,13125,5299,2699,2600,98442,49002,49440,7685,3877,3808
B0103,13,267,District - Tuensang,Total,Illiterate,79085,38280,40805,25694,11952,13742,4302,1668,2634,475,209,266,49089,24660,24429,843,396,447
B0103,13,267,District - Tuensang,Total,Literate,117511,63653,53858,47824,29468,18356,20334,9843,10491,4824,2490,2334,49353,24342,25011,6842,3481,3361
B0103,13,267,District - Tuensang,Total,Literate but below matric/secondary,90910,48310,42600,34193,20352,13841,15879,7674,8205,2843,1464,1379,40838,20284,20554,4254,2103,2151
B0103,13,267,District - Tuensang,Total,Matric/secondary but below graduate,16820,10103,6717,7993,5769,2224,2988,1527,1461,1433,749,684,5839,2807,3032,1852,997,855
B0103,13,267,District - Tuensang,Total,Technical diploma or certificate not equal to degree,169,113,56,114,79,35,11,7,4,2,2,0,44,27,17,18,13,5
B0103,13,267,District - Tuensang,Total,Graduate and above other than technical degree,2850,1843,1007,1684,1237,447,368,186,182,251,123,128,798,420,378,411,219,192
B0103,13,267,District - Tuensang,Total,Technical degree or diploma equal to degree or post-graduate degree,231,153,78,165,115,50,18,12,6,5,1,4,48,26,22,29,16,13
B0103,13,267,District - Tuensang,Rural,Total,159822,82462,77360,64049,34590,29459,20698,9780,10918,4148,2077,2071,75075,38092,36983,4846,2470,2376
B0103,13,267,District - Tuensang,Rural,Illiterate,70870,34349,36521,24830,11507,13323,3960,1544,2416,424,177,247,42080,21298,20782,704,332,372
B0103,13,267,District - Tuensang,Rural,Literate,88952,48113,40839,39219,23083,16136,16738,8236,8502,3724,1900,1824,32995,16794,16201,4142,2138,2004
B0103,13,267,District - Tuensang,Rural,Literate but below matric/secondary,71426,38046,33380,29610,16958,12652,13377,6550,6827,2225,1121,1104,28439,14538,13901,2802,1377,1425
B0103,13,267,District - Tuensang,Rural,Matric/secondary but below graduate,10611,6441,4170,5382,3759,1623,2265,1192,1073,1096,574,522,2964,1490,1474,989,571,418
B0103,13,267,District - Tuensang,Rural,Technical diploma or certificate not equal to degree,56,37,19,40,24,16,4,3,1,2,2,0,12,10,2,6,5,1
B0103,13,267,District - Tuensang,Rural,Graduate and above other than technical degree,1439,958,481,907,676,231,231,115,116,160,78,82,301,167,134,162,98,64
B0103,13,267,District - Tuensang,Rural,Technical degree or diploma equal to degree or post-graduate degree,102,69,33,80,57,23,11,7,4,3,0,3,11,5,6,7,4,3
B0103,13,267,District - Tuensang,Urban,Total,36774,19471,17303,9469,6830,2639,3938,1731,2207,1151,622,529,23367,10910,12457,2839,1407,1432
B0103,13,267,District - Tuensang,Urban,Illiterate,8215,3931,4284,864,445,419,342,124,218,51,32,19,7009,3362,3647,139,64,75
B0103,13,267,District - Tuensang,Urban,Literate,28559,15540,13019,8605,6385,2220,3596,1607,1989,1100,590,510,16358,7548,8810,2700,1343,1357
B0103,13,267,District - Tuensang,Urban,Literate but below matric/secondary,19484,10264,9220,4583,3394,1189,2502,1124,1378,618,343,275,12399,5746,6653,1452,726,726
B0103,13,267,District - Tuensang,Urban,Matric/secondary but below graduate,6209,3662,2547,2611,2010,601,723,335,388,337,175,162,2875,1317,1558,863,426,437
B0103,13,267,District - Tuensang,Urban,Technical diploma or certificate not equal to degree,113,76,37,74,55,19,7,4,3,0,0,0,32,17,15,12,8,4
B0103,13,267,District - Tuensang,Urban,Graduate and above other than technical degree,1411,885,526,777,561,216,137,71,66,91,45,46,497,253,244,249,121,128
B0103,13,267,District - Tuensang,Urban,Technical degree or diploma equal to degree or post-graduate degree,129,84,45,85,58,27,7,5,2,2,1,1,37,21,16,22,12,10
B0103,13,268,District - Longleng,Total,Total,50484,26502,23982,20944,11547,9397,9624,4726,4898,2226,1202,1024,19916,10229,9687,1783,910,873
B0103,13,268,District - Longleng,Total,Illiterate,20625,10363,10262,7946,3842,4104,1597,731,866,365,178,187,11082,5790,5292,144,64,80
B0103,13,268,District - Longleng,Total,Literate,29859,16139,13720,12998,7705,5293,8027,3995,4032,1861,1024,837,8834,4439,4395,1639,846,793
B0103,13,268,District - Longleng,Total,Literate but below matric/secondary,22741,12011,10730,9314,5316,3998,6269,3102,3167,1175,644,531,7158,3593,3565,1067,540,527
B0103,13,268,District - Longleng,Total,Matric/secondary but below graduate,4632,2718,1914,2103,1423,680,1248,652,596,483,283,200,1281,643,638,465,254,211
B0103,13,268,District - Longleng,Total,Technical diploma or certificate not equal to degree,39,32,7,30,26,4,5,3,2,4,3,1,4,3,1,1,1,0
B0103,13,268,District - Longleng,Total,Graduate and above other than technical degree,834,536,298,531,377,154,161,84,77,92,42,50,142,75,67,57,31,26
B0103,13,268,District - Longleng,Total,Technical degree or diploma equal to degree or post-graduate degree,79,58,21,56,44,12,11,7,4,5,4,1,12,7,5,7,4,3
B0103,13,268,District - Longleng,Rural,Total,42871,22511,20360,19054,10129,8925,8623,4321,4302,2142,1155,987,15194,8061,7133,1252,643,609
B0103,13,268,District - Longleng,Rural,Illiterate,18853,9495,9358,7762,3707,4055,1496,692,804,358,176,182,9595,5096,4499,118,56,62
B0103,13,268,District - Longleng,Rural,Literate,24018,13016,11002,11292,6422,4870,7127,3629,3498,1784,979,805,5599,2965,2634,1134,587,547
B0103,13,268,District - Longleng,Rural,Literate but below matric/secondary,18762,9961,8801,8421,4623,3798,5615,2841,2774,1136,619,517,4726,2497,2229,757,381,376
B0103,13,268,District - Longleng,Rural,Matric/secondary but below graduate,3295,1982,1313,1598,1070,528,1055,569,486,459,269,190,642,343,299,313,174,139
B0103,13,268,District - Longleng,Rural,Technical diploma or certificate not equal to degree,23,20,3,18,17,1,4,2,2,3,2,1,1,1,0,0,0,0
B0103,13,268,District - Longleng,Rural,Graduate and above other than technical degree,512,322,190,335,225,110,138,74,64,83,40,43,39,23,16,27,17,10
B0103,13,268,District - Longleng,Rural,Technical degree or diploma equal to degree or post-graduate degree,49,40,9,34,30,4,9,5,4,3,2,1,6,5,1,4,3,1
B0103,13,268,District - Longleng,Urban,Total,7613,3991,3622,1890,1418,472,1001,405,596,84,47,37,4722,2168,2554,531,267,264
B0103,13,268,District - Longleng,Urban,Illiterate,1772,868,904,184,135,49,101,39,62,7,2,5,1487,694,793,26,8,18
B0103,13,268,District - Longleng,Urban,Literate,5841,3123,2718,1706,1283,423,900,366,534,77,45,32,3235,1474,1761,505,259,246
B0103,13,268,District - Longleng,Urban,Literate but below matric/secondary,3979,2050,1929,893,693,200,654,261,393,39,25,14,2432,1096,1336,310,159,151
B0103,13,268,District - Longleng,Urban,Matric/secondary but below graduate,1337,736,601,505,353,152,193,83,110,24,14,10,639,300,339,152,80,72
B0103,13,268,District - Longleng,Urban,Technical diploma or certificate not equal to degree,16,12,4,12,9,3,1,1,0,1,1,0,3,2,1,1,1,0
B0103,13,268,District - Longleng,Urban,Graduate and above other than technical degree,322,214,108,196,152,44,23,10,13,9,2,7,103,52,51,30,14,16
B0103,13,268,District - Longleng,Urban,Technical degree or diploma equal to degree or post-graduate degree,30,18,12,22,14,8,2,2,0,2,2,0,6,2,4,3,1,2
B0103,13,269,District - Kiphire,Total,Total,74004,37830,36174,25830,14181,11649,6129,2599,3530,1286,689,597,42045,21050,20995,3728,1880,1848
B0103,13,269,District - Kiphire,Total,Illiterate,32772,15155,17617,10670,4602,6068,2032,691,1341,385,177,208,20070,9862,10208,503,206,297
B0103,13,269,District - Kiphire,Total,Literate,41232,22675,18557,15160,9579,5581,4097,1908,2189,901,512,389,21975,11188,10787,3225,1674,1551
B0103,13,269,District - Kiphire,Total,Literate but below matric/secondary,31003,16578,14425,9952,6074,3878,2948,1341,1607,534,306,228,18103,9163,8940,1851,928,923
B0103,13,269,District - Kiphire,Total,Matric/secondary but below graduate,6191,3804,2387,2892,2062,830,645,340,305,255,151,104,2654,1402,1252,1033,549,484
B0103,13,269,District - Kiphire,Total,Technical diploma or certificate not equal to degree,46,31,15,35,25,10,4,3,1,3,3,0,7,3,4,2,1,1
B0103,13,269,District - Kiphire,Total,Graduate and above other than technical degree,963,675,288,591,452,139,61,38,23,32,20,12,311,185,126,207,128,79
B0103,13,269,District - Kiphire,Total,Technical degree or diploma equal to degree or post-graduate degree,80,67,13,67,58,9,5,2,3,1,1,0,8,7,1,6,5,1
B0103,13,269,District - Kiphire,Rural,Total,57517,29243,28274,22272,11697,10575,5030,2132,2898,903,516,387,30215,15414,14801,981,523,458
B0103,13,269,District - Kiphire,Rural,Illiterate,28130,12988,15142,10112,4337,5775,1812,621,1191,314,150,164,16206,8030,8176,208,88,120
B0103,13,269,District - Kiphire,Rural,Literate,29387,16255,13132,12160,7360,4800,3218,1511,1707,589,366,223,14009,7384,6625,773,435,338
B0103,13,269,District - Kiphire,Rural,Literate but below matric/secondary,22714,12273,10441,8300,4871,3429,2385,1091,1294,361,226,135,12029,6311,5718,355,201,154
B0103,13,269,District - Kiphire,Rural,Matric/secondary but below graduate,3871,2445,1426,2139,1502,637,460,247,213,158,103,55,1272,696,576,321,183,138
B0103,13,269,District - Kiphire,Rural,Technical diploma or certificate not equal to degree,19,16,3,14,12,2,3,3,0,3,3,0,2,1,1,1,0,1
B0103,13,269,District - Kiphire,Rural,Graduate and above other than technical degree,477,335,142,341,258,83,35,22,13,15,11,4,101,55,46,53,28,25
B0103,13,269,District - Kiphire,Rural,Technical degree or diploma equal to degree or post-graduate degree,32,28,4,24,22,2,3,1,2,0,0,0,5,5,0,3,3,0
B0103,13,269,District - Kiphire,Urban,Total,16487,8587,7900,3558,2484,1074,1099,467,632,383,173,210,11830,5636,6194,2747,1357,1390
B0103,13,269,District - Kiphire,Urban,Illiterate,4642,2167,2475,558,265,293,220,70,150,71,27,44,3864,1832,2032,295,118,177
B0103,13,269,District - Kiphire,Urban,Literate,11845,6420,5425,3000,2219,781,879,397,482,312,146,166,7966,3804,4162,2452,1239,1213
B0103,13,269,District - Kiphire,Urban,Literate but below matric/secondary,8289,4305,3984,1652,1203,449,563,250,313,173,80,93,6074,2852,3222,1496,727,769
B0103,13,269,District - Kiphire,Urban,Matric/secondary but below graduate,2320,1359,961,753,560,193,185,93,92,97,48,49,1382,706,676,712,366,346
B0103,13,269,District - Kiphire,Urban,Technical diploma or certificate not equal to degree,27,15,12,21,13,8,1,0,1,0,0,0,5,2,3,1,1,0
B0103,13,269,District - Kiphire,Urban,Graduate and above other than technical degree,486,340,146,250,194,56,26,16,10,17,9,8,210,130,80,154,100,54
B0103,13,269,District - Kiphire,Urban,Technical degree or diploma equal to degree or post-graduate degree,48,39,9,43,36,7,2,1,1,1,1,0,3,2,1,3,2,1
B0103,13,270,District - Kohima,Total,Total,267988,138966,129022,99408,60839,38569,15417,7301,8116,5835,3040,2795,153163,70826,82337,16134,7664,8470
B0103,13,270,District - Kohima,Total,Illiterate,70499,31928,38571,19226,8380,10846,2733,1027,1706,843,368,475,48540,22521,26019,847,305,542
B0103,13,270,District - Kohima,Total,Literate,197489,107038,90451,80182,52459,27723,12684,6274,6410,4992,2672,2320,104623,48305,56318,15287,7359,7928
B0103,13,270,District - Kohima,Total,Literate but below matric/secondary,108346,57561,50785,37558,24330,13228,6757,3314,3443,2095,1122,973,64031,29917,34114,4459,2055,2404
B0103,13,270,District - Kohima,Total,Matric/secondary but below graduate,52329,29195,23134,21546,15142,6404,3316,1674,1642,1556,838,718,27467,12379,15088,5467,2600,2867
B0103,13,270,District - Kohima,Total,Technical diploma or certificate not equal to degree,1296,896,400,779,570,209,44,27,17,28,16,12,473,299,174,193,133,60
B0103,13,270,District - Kohima,Total,Graduate and above other than technical degree,20668,11483,9185,11861,7346,4515,1243,670,573,778,423,355,7564,3467,4097,3949,1936,2013
B0103,13,270,District - Kohima,Total,Technical degree or diploma equal to degree or post-graduate degree,2289,1548,741,1624,1151,473,72,45,27,37,21,16,593,352,241,316,195,121
B0103,13,270,District - Kohima,Rural,Total,146900,76369,70531,60240,34138,26102,11578,5452,6126,4634,2365,2269,75082,36779,38303,7334,3535,3799
B0103,13,270,District - Kohima,Rural,Illiterate,44916,20098,24818,15129,5903,9226,1949,705,1244,667,278,389,27838,13490,14348,466,189,277
B0103,13,270,District - Kohima,Rural,Literate,101984,56271,45713,45111,28235,16876,9629,4747,4882,3967,2087,1880,47244,23289,23955,6868,3346,3522
B0103,13,270,District - Kohima,Rural,Literate but below matric/secondary,61256,32303,28953,24495,14070,10425,5277,2565,2712,1660,853,807,31484,15668,15816,2102,1004,1098
B0103,13,270,District - Kohima,Rural,Matric/secondary but below graduate,25726,15538,10188,11805,8705,3100,2642,1333,1309,1312,699,613,11279,5500,5779,2737,1326,1411
B0103,13,270,District - Kohima,Rural,Technical diploma or certificate not equal to degree,338,222,116,203,142,61,27,16,11,19,11,8,108,64,44,61,39,22
B0103,13,270,District - Kohima,Rural,Graduate and above other than technical degree,7427,4409,3018,4033,2728,1305,883,479,404,596,331,265,2511,1202,1309,1446,706,740
B0103,13,270,District - Kohima,Rural,Technical degree or diploma equal to degree or post-graduate degree,628,459,169,432,332,100,40,25,15,20,13,7,156,102,54,102,63,39
B0103,13,270,District - Kohima,Urban,Total,121088,62597,58491,39168,26701,12467,3839,1849,1990,1201,675,526,78081,34047,44034,8800,4129,4671
B0103,13,270,District - Kohima,Urban,Illiterate,25583,11830,13753,4097,2477,1620,784,322,462,176,90,86,20702,9031,11671,381,116,265
B0103,13,270,District - Kohima,Urban,Literate,95505,50767,44738,35071,24224,10847,3055,1527,1528,1025,585,440,57379,25016,32363,8419,4013,4406
B0103,13,270,District - Kohima,Urban,Literate but below matric/secondary,47090,25258,21832,13063,10260,2803,1480,749,731,435,269,166,32547,14249,18298,2357,1051,1306
B0103,13,270,District - Kohima,Urban,Matric/secondary but below graduate,26603,13657,12946,9741,6437,3304,674,341,333,244,139,105,16188,6879,9309,2730,1274,1456
B0103,13,270,District - Kohima,Urban,Technical diploma or certificate not equal to degree,958,674,284,576,428,148,17,11,6,9,5,4,365,235,130,132,94,38
B0103,13,270,District - Kohima,Urban,Graduate and above other than technical degree,13241,7074,6167,7828,4618,3210,360,191,169,182,92,90,5053,2265,2788,2503,1230,1273
B0103,13,270,District - Kohima,Urban,Technical degree or diploma equal to degree or post-graduate degree,1661,1089,572,1192,819,373,32,20,12,17,8,9,437,250,187,214,132,82
B0103,13,271,District - Peren,Total,Total,95219,49714,45505,36555,21162,15393,24835,11087,13748,7642,3760,3882,33829,17465,16364,2272,1182,1090
B0103,13,271,District - Peren,Total,Illiterate,33015,15130,17885,10028,4249,5779,4093,1315,2778,757,284,473,18894,9566,9328,423,221,202
B0103,13,271,District - Peren,Total,Literate,62204,34584,27620,26527,16913,9614,20742,9772,10970,6885,3476,3409,14935,7899,7036,1849,961,888
B0103,13,271,District - Peren,Total,Literate but below matric/secondary,47199,25622,21577,19123,11750,7373,15676,7278,8398,4493,2214,2279,12400,6594,5806,1078,537,541
B0103,13,271,District - Peren,Total,Matric/secondary but below graduate,9732,5877,3855,4347,3174,1173,3532,1776,1756,1561,835,726,1853,927,926,517,283,234
B0103,13,271,District - Peren,Total,Technical diploma or certificate not equal to degree,102,57,45,58,41,17,33,14,19,15,8,7,11,2,9,5,0,5
B0103,13,271,District - Peren,Total,Graduate and above other than technical degree,2162,1385,777,1227,885,342,640,337,303,421,218,203,295,163,132,179,103,76
B0103,13,271,District - Peren,Total,Technical degree or diploma equal to degree or post-graduate degree,120,85,35,94,71,23,18,9,9,9,4,5,8,5,3,2,1,1
B0103,13,271,District - Peren,Rural,Total,81429,42860,38569,32464,18622,13842,19777,9014,10763,6618,3292,3326,29188,15224,13964,2098,1098,1000
B0103,13,271,District - Peren,Rural,Illiterate,29074,13460,15614,9321,3953,5368,3429,1167,2262,674,267,407,16324,8340,7984,416,215,201
B0103,13,271,District - Peren,Rural,Literate,52355,29400,22955,23143,14669,8474,16348,7847,8501,5944,3025,2919,12864,6884,5980,1682,883,799
B0103,13,271,District - Peren,Rural,Literate but below matric/secondary,40673,22244,18429,17236,10487,6749,12717,5990,6727,4069,2022,2047,10720,5767,4953,1010,507,503
B0103,13,271,District - Peren,Rural,Matric/secondary but below graduate,7643,4765,2878,3566,2646,920,2484,1312,1172,1245,674,571,1593,807,786,463,260,203
B0103,13,271,District - Peren,Rural,Technical diploma or certificate not equal to degree,72,38,34,38,25,13,28,13,15,12,7,5,6,0,6,2,0,2
B0103,13,271,District - Peren,Rural,Graduate and above other than technical degree,1468,972,496,805,607,198,420,230,190,283,151,132,243,135,108,145,82,63
B0103,13,271,District - Peren,Rural,Technical degree or diploma equal to degree or post-graduate degree,60,47,13,46,39,7,11,6,5,3,2,1,3,2,1,2,1,1
B0103,13,271,District - Peren,Urban,Total,13790,6854,6936,4091,2540,1551,5058,2073,2985,1024,468,556,4641,2241,2400,174,84,90
B0103,13,271,District - Peren,Urban,Illiterate,3941,1670,2271,707,296,411,664,148,516,83,17,66,2570,1226,1344,7,6,1
B0103,13,271,District - Peren,Urban,Literate,9849,5184,4665,3384,2244,1140,4394,1925,2469,941,451,490,2071,1015,1056,167,78,89
B0103,13,271,District - Peren,Urban,Literate but below matric/secondary,6526,3378,3148,1887,1263,624,2959,1288,1671,424,192,232,1680,827,853,68,30,38
B0103,13,271,District - Peren,Urban,Matric/secondary but below graduate,2089,1112,977,781,528,253,1048,464,584,316,161,155,260,120,140,54,23,31
B0103,13,271,District - Peren,Urban,Technical diploma or certificate not equal to degree,30,19,11,20,16,4,5,1,4,3,1,2,5,2,3,3,0,3
B0103,13,271,District - Peren,Urban,Graduate and above other than technical degree,694,413,281,422,278,144,220,107,113,138,67,71,52,28,24,34,21,13
B0103,13,271,District - Peren,Urban,Technical degree or diploma equal to degree or post-graduate degree,60,38,22,48,32,16,7,3,4,6,2,4,5,3,2,0,0,0
B0103,14,272,District - Senapati,Total,Total,479148,247323,231825,185725,101924,83801,47897,22219,25678,20642,10908,9734,245526,123180,122346,32651,17386,15265
B0103,14,272,District - Senapati,Total,Illiterate,214671,99311,115360,94294,42688,51606,18168,6990,11178,6118,2853,3265,102209,49633,52576,4443,1888,2555
B0103,14,272,District - Senapati,Total,Literate,264477,148012,116465,91431,59236,32195,29729,15229,14500,14524,8055,6469,143317,73547,69770,28208,15498,12710
B0103,14,272,District - Senapati,Total,Literate but below matric/secondary,148694,80437,68257,42711,26943,15768,14255,6920,7335,5601,2988,2613,91728,46574,45154,9410,4981,4429
B0103,14,272,District - Senapati,Total,Matric/secondary but below graduate,80728,45849,34879,31454,20451,11003,10370,5444,4926,5932,3295,2637,38904,19954,18950,13759,7500,6259
B0103,14,272,District - Senapati,Total,Technical diploma or certificate not equal to degree,339,192,147,162,100,62,42,26,16,28,18,10,135,66,69,72,37,35
B0103,14,272,District - Senapati,Total,Graduate and above other than technical degree,20417,13191,7226,9838,7086,2752,2707,1620,1087,1858,1137,721,7872,4485,3387,3950,2395,1555
B0103,14,272,District - Senapati,Total,Technical degree or diploma equal to degree or post-graduate degree,858,563,295,515,382,133,85,49,36,56,31,25,258,132,126,134,78,56
B0103,14,272,District - Senapati,Rural,Total,471672,243603,228069,183792,100680,83112,47231,21907,25324,20316,10708,9608,240649,121016,119633,32061,17109,14952
B0103,14,272,District - Senapati,Rural,Illiterate,212694,98474,114220,93871,42499,51372,18060,6971,11089,6100,2845,3255,100763,49004,51759,4431,1886,2545
B0103,14,272,District - Senapati,Rural,Literate,258978,145129,113849,89921,58181,31740,29171,14936,14235,14216,7863,6353,139886,72012,67874,27630,15223,12407
B0103,14,272,District - Senapati,Rural,Literate but below matric/secondary,146106,79108,66998,42221,26584,15637,14032,6792,7240,5484,2907,2577,89853,45732,44121,9285,4906,4379
B0103,14,272,District - Senapati,Rural,Matric/secondary but below graduate,78863,44886,33977,30881,20050,10831,10171,5349,4822,5830,3234,2596,37811,19487,18324,13462,7379,6083
B0103,14,272,District - Senapati,Rural,Technical diploma or certificate not equal to degree,326,186,140,155,94,61,41,26,15,27,18,9,130,66,64,68,37,31
B0103,14,272,District - Senapati,Rural,Graduate and above other than technical degree,19529,12677,6852,9465,6833,2632,2588,1561,1027,1778,1092,686,7476,4283,3193,3815,2323,1492
B0103,14,272,District - Senapati,Rural,Technical degree or diploma equal to degree or post-graduate degree,830,548,282,504,375,129,82,49,33,54,31,23,244,124,120,129,76,53
B0103,14,272,District - Senapati,Urban,Total,7476,3720,3756,1933,1244,689,666,312,354,326,200,126,4877,2164,2713,590,277,313
B0103,14,272,District - Senapati,Urban,Illiterate,1977,837,1140,423,189,234,108,19,89,18,8,10,1446,629,817,12,2,10
B0103,14,272,District - Senapati,Urban,Literate,5499,2883,2616,1510,1055,455,558,293,265,308,192,116,3431,1535,1896,578,275,303
B0103,14,272,District - Senapati,Urban,Literate but below matric/secondary,2588,1329,1259,490,359,131,223,128,95,117,81,36,1875,842,1033,125,75,50
B0103,14,272,District - Senapati,Urban,Matric/secondary but below graduate,1865,963,902,573,401,172,199,95,104,102,61,41,1093,467,626,297,121,176
B0103,14,272,District - Senapati,Urban,Technical diploma or certificate not equal to degree,13,6,7,7,6,1,1,0,1,1,0,1,5,0,5,4,0,4
B0103,14,272,District - Senapati,Urban,Graduate and above other than technical degree,888,514,374,373,253,120,119,59,60,80,45,35,396,202,194,135,72,63
B0103,14,272,District - Senapati,Urban,Technical degree or diploma equal to degree or post-graduate degree,28,15,13,11,7,4,3,0,3,2,0,2,14,8,6,5,2,3
B0103,14,273,District - Tamenglong ,Total,Total,140651,72371,68280,55979,30544,25435,14696,6693,8003,7510,3769,3741,69976,35134,34842,12209,6290,5919
B0103,14,273,District - Tamenglong ,Total,Illiterate,55645,24968,30677,21367,8989,12378,4623,1597,3026,1687,696,991,29655,14382,15273,1314,588,726
B0103,14,273,District - Tamenglong ,Total,Literate,85006,47403,37603,34612,21555,13057,10073,5096,4977,5823,3073,2750,40321,20752,19569,10895,5702,5193
B0103,14,273,District - Tamenglong ,Total,Literate but below matric/secondary,52480,27977,24503,18949,11025,7924,5814,2802,3012,3115,1584,1531,27717,14150,13567,5022,2575,2447
B0103,14,273,District - Tamenglong ,Total,Matric/secondary but below graduate,21307,12721,8586,9575,6647,2928,2794,1457,1337,1788,954,834,8938,4617,4321,4198,2179,2019
B0103,14,273,District - Tamenglong ,Total,Technical diploma or certificate not equal to degree,85,45,40,43,23,20,15,10,5,13,8,5,27,12,15,16,6,10
B0103,14,273,District - Tamenglong ,Total,Graduate and above other than technical degree,5014,3324,1690,2432,1746,686,663,426,237,497,325,172,1919,1152,767,1158,683,475
B0103,14,273,District - Tamenglong ,Total,Technical degree or diploma equal to degree or post-graduate degree,258,177,81,137,106,31,25,14,11,14,6,8,96,57,39,50,31,19
B0103,14,273,District - Tamenglong ,Rural,Total,121288,62534,58754,50465,27242,23223,12831,5810,7021,6262,3167,3095,57992,29482,28510,9266,4917,4349
B0103,14,273,District - Tamenglong ,Rural,Illiterate,50786,22805,27981,20810,8794,12016,4278,1484,2794,1504,632,872,25698,12527,13171,1084,511,573
B0103,14,273,District - Tamenglong ,Rural,Literate,70502,39729,30773,29655,18448,11207,8553,4326,4227,4758,2535,2223,32294,16955,15339,8182,4406,3776
B0103,14,273,District - Tamenglong ,Rural,Literate but below matric/secondary,44666,24080,20586,16934,9862,7072,5034,2422,2612,2598,1328,1270,22698,11796,10902,3887,2031,1856
B0103,14,273,District - Tamenglong ,Rural,Matric/secondary but below graduate,17305,10489,6816,7970,5555,2415,2380,1248,1132,1469,805,664,6955,3686,3269,3195,1709,1486
B0103,14,273,District - Tamenglong ,Rural,Technical diploma or certificate not equal to degree,62,37,25,31,18,13,11,8,3,9,6,3,20,11,9,12,5,7
B0103,14,273,District - Tamenglong ,Rural,Graduate and above other than technical degree,3285,2249,1036,1579,1161,418,459,294,165,341,222,119,1247,794,453,725,466,259
B0103,14,273,District - Tamenglong ,Rural,Technical degree or diploma equal to degree or post-graduate degree,133,92,41,67,55,12,16,9,7,9,4,5,50,28,22,29,16,13
B0103,14,273,District - Tamenglong ,Urban,Total,19363,9837,9526,5514,3302,2212,1865,883,982,1248,602,646,11984,5652,6332,2943,1373,1570
B0103,14,273,District - Tamenglong ,Urban,Illiterate,4859,2163,2696,557,195,362,345,113,232,183,64,119,3957,1855,2102,230,77,153
B0103,14,273,District - Tamenglong ,Urban,Literate,14504,7674,6830,4957,3107,1850,1520,770,750,1065,538,527,8027,3797,4230,2713,1296,1417
B0103,14,273,District - Tamenglong ,Urban,Literate but below matric/secondary,7814,3897,3917,2015,1163,852,780,380,400,517,256,261,5019,2354,2665,1135,544,591
B0103,14,273,District - Tamenglong ,Urban,Matric/secondary but below graduate,4002,2232,1770,1605,1092,513,414,209,205,319,149,170,1983,931,1052,1003,470,533
B0103,14,273,District - Tamenglong ,Urban,Technical diploma or certificate not equal to degree,23,8,15,12,5,7,4,2,2,4,2,2,7,1,6,4,1,3
B0103,14,273,District - Tamenglong ,Urban,Graduate and above other than technical degree,1729,1075,654,853,585,268,204,132,72,156,103,53,672,358,314,433,217,216
B0103,14,273,District - Tamenglong ,Urban,Technical degree or diploma equal to degree or post-graduate degree,125,85,40,70,51,19,9,5,4,5,2,3,46,29,17,21,15,6
B0103,14,274,District - Churachandpur,Total,Total,274143,138820,135323,89779,57558,32221,32876,13036,19840,13018,6118,6900,151488,68226,83262,20910,9479,11431
B0103,14,274,District - Churachandpur,Total,Illiterate,78208,34807,43401,16695,8110,8585,7352,2105,5247,2125,766,1359,54161,24592,29569,1602,538,1064
B0103,14,274,District - Churachandpur,Total,Literate,195935,104013,91922,73084,49448,23636,25524,10931,14593,10893,5352,5541,97327,43634,53693,19308,8941,10367
B0103,14,274,District - Churachandpur,Total,Literate but below matric/secondary,122426,61787,60639,41655,26836,14819,15631,6087,9544,5679,2596,3083,65140,28864,36276,7848,3198,4650
B0103,14,274,District - Churachandpur,Total,Matric/secondary but below graduate,42485,24493,17992,16172,12065,4107,5414,2724,2690,2997,1579,1418,20899,9704,11195,7588,3734,3854
B0103,14,274,District - Churachandpur,Total,Technical diploma or certificate not equal to degree,510,203,307,213,108,105,54,16,38,36,11,25,243,79,164,154,59,95
B0103,14,274,District - Churachandpur,Total,Graduate and above other than technical degree,11154,7435,3719,5955,4453,1502,1326,790,536,863,513,350,3873,2192,1681,1988,1197,791
B0103,14,274,District - Churachandpur,Total,Technical degree or diploma equal to degree or post-graduate degree,723,477,246,403,288,115,58,32,26,37,20,17,262,157,105,151,92,59
B0103,14,274,District - Churachandpur,Rural,Total,255786,129659,126127,84141,53764,30377,31099,12330,18769,12072,5711,6361,140546,63565,76981,18415,8382,10033
B0103,14,274,District - Churachandpur,Rural,Illiterate,74268,33155,41113,16251,7875,8376,7099,2044,5055,2001,730,1271,50918,23236,27682,1410,498,912
B0103,14,274,District - Churachandpur,Rural,Literate,181518,96504,85014,67890,45889,22001,24000,10286,13714,10071,4981,5090,89628,40329,49299,17005,7884,9121
B0103,14,274,District - Churachandpur,Rural,Literate but below matric/secondary,115468,58450,57018,39791,25620,14171,14834,5759,9075,5366,2452,2914,60843,27071,33772,7281,2993,4288
B0103,14,274,District - Churachandpur,Rural,Matric/secondary but below graduate,38060,22027,16033,14362,10772,3590,4989,2519,2470,2702,1428,1274,18709,8736,9973,6536,3218,3318
B0103,14,274,District - Churachandpur,Rural,Technical diploma or certificate not equal to degree,407,179,228,169,93,76,41,14,27,24,10,14,197,72,125,125,55,70
B0103,14,274,District - Churachandpur,Rural,Graduate and above other than technical degree,9470,6403,3067,5026,3798,1228,1184,728,456,761,471,290,3260,1877,1383,1589,980,609
B0103,14,274,District - Churachandpur,Rural,Technical degree or diploma equal to degree or post-graduate degree,566,369,197,305,214,91,49,28,21,30,17,13,212,127,85,115,70,45
B0103,14,274,District - Churachandpur,Urban,Total,18357,9161,9196,5638,3794,1844,1777,706,1071,946,407,539,10942,4661,6281,2495,1097,1398
B0103,14,274,District - Churachandpur,Urban,Illiterate,3940,1652,2288,444,235,209,253,61,192,124,36,88,3243,1356,1887,192,40,152
B0103,14,274,District - Churachandpur,Urban,Literate,14417,7509,6908,5194,3559,1635,1524,645,879,822,371,451,7699,3305,4394,2303,1057,1246
B0103,14,274,District - Churachandpur,Urban,Literate but below matric/secondary,6958,3337,3621,1864,1216,648,797,328,469,313,144,169,4297,1793,2504,567,205,362
B0103,14,274,District - Churachandpur,Urban,Matric/secondary but below graduate,4425,2466,1959,1810,1293,517,425,205,220,295,151,144,2190,968,1222,1052,516,536
B0103,14,274,District - Churachandpur,Urban,Technical diploma or certificate not equal to degree,103,24,79,44,15,29,13,2,11,12,1,11,46,7,39,29,4,25
B0103,14,274,District - Churachandpur,Urban,Graduate and above other than technical degree,1684,1032,652,929,655,274,142,62,80,102,42,60,613,315,298,399,217,182
B0103,14,274,District - Churachandpur,Urban,Technical degree or diploma equal to degree or post-graduate degree,157,108,49,98,74,24,9,4,5,7,3,4,50,30,20,36,22,14
B0103,14,275,District - Bishnupur,Total,Total,237399,118782,118617,76423,53158,23265,33514,9649,23865,13927,5041,8886,127462,55975,71487,15175,6482,8693
B0103,14,275,District - Bishnupur,Total,Illiterate,81066,31469,49597,17392,8531,8861,11164,1642,9522,3617,713,2904,52510,21296,31214,2052,409,1643
B0103,14,275,District - Bishnupur,Total,Literate,156333,87313,69020,59031,44627,14404,22350,8007,14343,10310,4328,5982,74952,34679,40273,13123,6073,7050
B0103,14,275,District - Bishnupur,Total,Literate but below matric/secondary,86624,46412,40212,24277,18193,6084,11296,3963,7333,4953,2061,2892,51051,24256,26795,5171,2244,2927
B0103,14,275,District - Bishnupur,Total,Matric/secondary but below graduate,44695,25826,18869,20410,15607,4803,7132,2578,4554,3455,1447,2008,17153,7641,9512,5497,2706,2791
B0103,14,275,District - Bishnupur,Total,Technical diploma or certificate not equal to degree,455,216,239,209,127,82,60,17,43,38,14,24,186,72,114,96,32,64
B0103,14,275,District - Bishnupur,Total,Graduate and above other than technical degree,17236,10836,6400,10747,8254,2493,2424,929,1495,1174,506,668,4065,1653,2412,1698,782,916
B0103,14,275,District - Bishnupur,Total,Technical degree or diploma equal to degree or post-graduate degree,931,629,302,510,384,126,75,46,29,45,30,15,346,199,147,196,116,80
B0103,14,275,District - Bishnupur,Rural,Total,149894,75171,74723,48796,34131,14665,22962,6301,16661,9920,3503,6417,78136,34739,43397,8496,3563,4933
B0103,14,275,District - Bishnupur,Rural,Illiterate,54336,21140,33196,12551,6327,6224,8292,1135,7157,2850,536,2314,33493,13678,19815,1387,263,1124
B0103,14,275,District - Bishnupur,Rural,Literate,95558,54031,41527,36245,27804,8441,14670,5166,9504,7070,2967,4103,44643,21061,23582,7109,3300,3809
B0103,14,275,District - Bishnupur,Rural,Literate but below matric/secondary,55732,30109,25623,15871,11973,3898,7669,2643,5026,3594,1485,2109,32192,15493,16699,3329,1415,1914
B0103,14,275,District - Bishnupur,Rural,Matric/secondary but below graduate,26740,15825,10915,12716,9887,2829,4647,1641,3006,2299,965,1334,9377,4297,5080,2746,1411,1335
B0103,14,275,District - Bishnupur,Rural,Technical diploma or certificate not equal to degree,200,99,101,93,60,33,31,12,19,23,10,13,76,27,49,37,11,26
B0103,14,275,District - Bishnupur,Rural,Graduate and above other than technical degree,9031,5873,3158,5797,4596,1201,1441,545,896,690,298,392,1793,732,1061,674,308,366
B0103,14,275,District - Bishnupur,Rural,Technical degree or diploma equal to degree or post-graduate degree,379,260,119,218,163,55,34,24,10,21,15,6,127,73,54,76,47,29
B0103,14,275,District - Bishnupur,Urban,Total,87505,43611,43894,27627,19027,8600,10552,3348,7204,4007,1538,2469,49326,21236,28090,6679,2919,3760
B0103,14,275,District - Bishnupur,Urban,Illiterate,26730,10329,16401,4841,2204,2637,2872,507,2365,767,177,590,19017,7618,11399,665,146,519
B0103,14,275,District - Bishnupur,Urban,Literate,60775,33282,27493,22786,16823,5963,7680,2841,4839,3240,1361,1879,30309,13618,16691,6014,2773,3241
B0103,14,275,District - Bishnupur,Urban,Literate but below matric/secondary,30892,16303,14589,8406,6220,2186,3627,1320,2307,1359,576,783,18859,8763,10096,1842,829,1013
B0103,14,275,District - Bishnupur,Urban,Matric/secondary but below graduate,17955,10001,7954,7694,5720,1974,2485,937,1548,1156,482,674,7776,3344,4432,2751,1295,1456
B0103,14,275,District - Bishnupur,Urban,Technical diploma or certificate not equal to degree,255,117,138,116,67,49,29,5,24,15,4,11,110,45,65,59,21,38
B0103,14,275,District - Bishnupur,Urban,Graduate and above other than technical degree,8205,4963,3242,4950,3658,1292,983,384,599,484,208,276,2272,921,1351,1024,474,550
B0103,14,275,District - Bishnupur,Urban,Technical degree or diploma equal to degree or post-graduate degree,552,369,183,292,221,71,41,22,19,24,15,9,219,126,93,120,69,51
B0103,14,276,District - Thoubal,Total,Total,422168,210845,211323,133428,90299,43129,61891,19078,42813,28774,11793,16981,226849,101468,125381,27594,11514,16080
B0103,14,276,District - Thoubal,Total,Illiterate,152864,58228,94636,32093,14013,18080,23006,3712,19294,8298,1814,6484,97765,40503,57262,4254,765,3489
B0103,14,276,District - Thoubal,Total,Literate,269304,152617,116687,101335,76286,25049,38885,15366,23519,20476,9979,10497,129084,60965,68119,23340,10749,12591
B0103,14,276,District - Thoubal,Total,Literate but below matric/secondary,157677,85286,72391,45485,33694,11791,20354,7709,12645,9792,4599,5193,91838,43883,47955,9936,4287,5649
B0103,14,276,District - Thoubal,Total,Matric/secondary but below graduate,73290,43242,30048,33239,25369,7870,12343,5033,7310,7124,3576,3548,27708,12840,14868,9805,4788,5017
B0103,14,276,District - Thoubal,Total,Technical diploma or certificate not equal to degree,857,408,449,446,252,194,97,38,59,78,32,46,314,118,196,180,68,112
B0103,14,276,District - Thoubal,Total,Graduate and above other than technical degree,23727,15928,7799,15103,11948,3155,3579,1712,1867,2251,1237,1014,5045,2268,2777,2327,1125,1202
B0103,14,276,District - Thoubal,Total,Technical degree or diploma equal to degree or post-graduate degree,1554,1045,509,939,711,228,127,68,59,99,55,44,488,266,222,284,159,125
B0103,14,276,District - Thoubal,Rural,Total,270835,135470,135365,86319,57815,28504,40783,12579,28204,18887,7644,11243,143733,65076,78657,16418,6787,9631
B0103,14,276,District - Thoubal,Rural,Illiterate,106465,40756,65709,24316,10794,13522,16715,2774,13941,6183,1360,4823,65434,27188,38246,3008,517,2491
B0103,14,276,District - Thoubal,Rural,Literate,164370,94714,69656,62003,47021,14982,24068,9805,14263,12704,6284,6420,78299,37888,40411,13410,6270,7140
B0103,14,276,District - Thoubal,Rural,Literate but below matric/secondary,103510,57122,46388,30701,22985,7716,13744,5428,8316,6729,3250,3479,59065,28709,30356,6538,2853,3685
B0103,14,276,District - Thoubal,Rural,Matric/secondary but below graduate,40625,24495,16130,19208,14614,4594,6896,2929,3967,4045,2063,1982,14521,6952,7569,5253,2610,2643
B0103,14,276,District - Thoubal,Rural,Technical diploma or certificate not equal to degree,306,149,157,165,95,70,39,15,24,34,13,21,102,39,63,50,19,31
B0103,14,276,District - Thoubal,Rural,Graduate and above other than technical degree,10959,7736,3223,7324,5966,1358,1622,808,814,1041,579,462,2013,962,1051,958,496,462
B0103,14,276,District - Thoubal,Rural,Technical degree or diploma equal to degree or post-graduate degree,547,406,141,343,273,70,50,34,16,40,27,13,154,99,55,82,62,20
B0103,14,276,District - Thoubal,Urban,Total,151333,75375,75958,47109,32484,14625,21108,6499,14609,9887,4149,5738,83116,36392,46724,11176,4727,6449
B0103,14,276,District - Thoubal,Urban,Illiterate,46399,17472,28927,7777,3219,4558,6291,938,5353,2115,454,1661,32331,13315,19016,1246,248,998
B0103,14,276,District - Thoubal,Urban,Literate,104934,57903,47031,39332,29265,10067,14817,5561,9256,7772,3695,4077,50785,23077,27708,9930,4479,5451
B0103,14,276,District - Thoubal,Urban,Literate but below matric/secondary,54167,28164,26003,14784,10709,4075,6610,2281,4329,3063,1349,1714,32773,15174,17599,3398,1434,1964
B0103,14,276,District - Thoubal,Urban,Matric/secondary but below graduate,32665,18747,13918,14031,10755,3276,5447,2104,3343,3079,1513,1566,13187,5888,7299,4552,2178,2374
B0103,14,276,District - Thoubal,Urban,Technical diploma or certificate not equal to degree,551,259,292,281,157,124,58,23,35,44,19,25,212,79,133,130,49,81
B0103,14,276,District - Thoubal,Urban,Graduate and above other than technical degree,12768,8192,4576,7779,5982,1797,1957,904,1053,1210,658,552,3032,1306,1726,1369,629,740
B0103,14,276,District - Thoubal,Urban,Technical degree or diploma equal to degree or post-graduate degree,1007,639,368,596,438,158,77,34,43,59,28,31,334,167,167,202,97,105
B0103,14,277,District - Imphal West,Total,Total,517992,255054,262938,166009,110440,55569,47378,18100,29278,20399,8719,11680,304605,126514,178091,50864,21036,29828
B0103,14,277,District - Imphal West,Total,Illiterate,125366,49069,76297,19073,8278,10795,9309,1763,7546,2839,630,2209,96984,39028,57956,3341,750,2591
B0103,14,277,District - Imphal West,Total,Literate,392626,205985,186641,146936,102162,44774,38069,16337,21732,17560,8089,9471,207621,87486,120135,47523,20286,27237
B0103,14,277,District - Imphal West,Total,Literate but below matric/secondary,168458,85956,82502,43624,30935,12689,15291,6068,9223,6100,2657,3443,109543,48953,60590,12699,5183,7516
B0103,14,277,District - Imphal West,Total,Matric/secondary but below graduate,125709,66900,58809,49802,35919,13883,13526,5946,7580,6780,3189,3591,62381,25035,37346,20909,9281,11628
B0103,14,277,District - Imphal West,Total,Technical diploma or certificate not equal to degree,3362,1524,1838,1770,910,860,252,90,162,165,67,98,1340,524,816,688,258,430
B0103,14,277,District - Imphal West,Total,Graduate and above other than technical degree,70800,38382,32418,39366,25952,13414,6771,3281,3490,3497,1713,1784,24663,9149,15514,9977,4104,5873
B0103,14,277,District - Imphal West,Total,Technical degree or diploma equal to degree or post-graduate degree,8737,5256,3481,4919,3245,1674,538,296,242,339,174,165,3280,1715,1565,1716,881,835
B0103,14,277,District - Imphal West,Rural,Total,195113,96948,98165,64231,44090,20141,19945,6403,13542,8863,3308,5555,110937,46455,64482,14973,5928,9045
B0103,14,277,District - Imphal West,Rural,Illiterate,55722,21979,33743,10409,4793,5616,4931,795,4136,1646,309,1337,40382,16391,23991,1196,266,930
B0103,14,277,District - Imphal West,Rural,Literate,139391,74969,64422,53822,39297,14525,15014,5608,9406,7217,2999,4218,70555,30064,40491,13777,5662,8115
B0103,14,277,District - Imphal West,Rural,Literate but below matric/secondary,73778,38448,35330,21678,15731,5947,7484,2711,4773,3185,1272,1913,44616,20006,24610,4922,1896,3026
B0103,14,277,District - Imphal West,Rural,Matric/secondary but below graduate,42814,23555,19259,18970,14092,4878,5204,1927,3277,2803,1169,1634,18640,7536,11104,6162,2688,3474
B0103,14,277,District - Imphal West,Rural,Technical diploma or certificate not equal to degree,727,324,403,350,195,155,66,22,44,51,19,32,311,107,204,186,62,124
B0103,14,277,District - Imphal West,Rural,Graduate and above other than technical degree,15672,9029,6643,9349,6709,2640,1606,703,903,851,403,448,4717,1617,3100,1842,726,1116
B0103,14,277,District - Imphal West,Rural,Technical degree or diploma equal to degree or post-graduate degree,1286,802,484,716,505,211,74,41,33,52,30,22,496,256,240,266,143,123
B0103,14,277,District - Imphal West,Urban,Total,322879,158106,164773,101778,66350,35428,27433,11697,15736,11536,5411,6125,193668,80059,113609,35891,15108,20783
B0103,14,277,District - Imphal West,Urban,Illiterate,69644,27090,42554,8664,3485,5179,4378,968,3410,1193,321,872,56602,22637,33965,2145,484,1661
B0103,14,277,District - Imphal West,Urban,Literate,253235,131016,122219,93114,62865,30249,23055,10729,12326,10343,5090,5253,137066,57422,79644,33746,14624,19122
B0103,14,277,District - Imphal West,Urban,Literate but below matric/secondary,94680,47508,47172,21946,15204,6742,7807,3357,4450,2915,1385,1530,64927,28947,35980,7777,3287,4490
B0103,14,277,District - Imphal West,Urban,Matric/secondary but below graduate,82895,43345,39550,30832,21827,9005,8322,4019,4303,3977,2020,1957,43741,17499,26242,14747,6593,8154
B0103,14,277,District - Imphal West,Urban,Technical diploma or certificate not equal to degree,2635,1200,1435,1420,715,705,186,68,118,114,48,66,1029,417,612,502,196,306
B0103,14,277,District - Imphal West,Urban,Graduate and above other than technical degree,55128,29353,25775,30017,19243,10774,5165,2578,2587,2646,1310,1336,19946,7532,12414,8135,3378,4757
B0103,14,277,District - Imphal West,Urban,Technical degree or diploma equal to degree or post-graduate degree,7451,4454,2997,4203,2740,1463,464,255,209,287,144,143,2784,1459,1325,1450,738,712
B0103,14,278,District - Imphal East,Total,Total,456113,226094,230019,145343,100014,45329,49505,17548,31957,23490,9809,13681,261265,108532,152733,35984,14264,21720
B0103,14,278,District - Imphal East,Total,Illiterate,131449,52780,78669,21529,11073,10456,12204,2316,9888,4546,1131,3415,97716,39391,58325,3519,728,2791
B0103,14,278,District - Imphal East,Total,Literate,324664,173314,151350,123814,88941,34873,37301,15232,22069,18944,8678,10266,163549,69141,94408,32465,13536,18929
B0103,14,278,District - Imphal East,Total,Literate but below matric/secondary,170444,88077,82367,49873,36490,13383,18833,7171,11662,8669,3791,4878,101738,44416,57322,10663,4193,6470
B0103,14,278,District - Imphal East,Total,Matric/secondary but below graduate,96584,53307,43277,41503,30657,10846,12172,5228,6944,6735,3151,3584,42909,17422,25487,14168,6146,8022
B0103,14,278,District - Imphal East,Total,Technical diploma or certificate not equal to degree,1853,828,1025,968,501,467,138,52,86,97,34,63,747,275,472,450,155,295
B0103,14,278,District - Imphal East,Total,Graduate and above other than technical degree,41766,23567,18199,24758,16718,8040,4519,2114,2405,2645,1309,1336,12489,4735,7754,5467,2264,3203
B0103,14,278,District - Imphal East,Total,Technical degree or diploma equal to degree or post-graduate degree,4174,2569,1605,2383,1603,780,261,141,120,184,98,86,1530,825,705,908,485,423
B0103,14,278,District - Imphal East,Rural,Total,272906,136789,136117,87766,62277,25489,32427,10170,22257,15654,6166,9488,152713,64342,88371,17236,6583,10653
B0103,14,278,District - Imphal East,Rural,Illiterate,89025,35852,53173,15611,8321,7290,9560,1655,7905,3703,896,2807,63854,25876,37978,2387,439,1948
B0103,14,278,District - Imphal East,Rural,Literate,183881,100937,82944,72155,53956,18199,22867,8515,14352,11951,5270,6681,88859,38466,50393,14849,6144,8705
B0103,14,278,District - Imphal East,Rural,Literate but below matric/secondary,110648,58373,52275,34894,26097,8797,13286,4742,8544,6533,2795,3738,62468,27534,34934,6086,2327,3759
B0103,14,278,District - Imphal East,Rural,Matric/secondary but below graduate,50640,29372,21268,23975,18349,5626,6886,2688,4198,3923,1775,2148,19779,8335,11444,6228,2768,3460
B0103,14,278,District - Imphal East,Rural,Technical diploma or certificate not equal to degree,668,286,382,334,167,167,52,16,36,36,10,26,282,103,179,169,58,111
B0103,14,278,District - Imphal East,Rural,Graduate and above other than technical degree,15686,9495,6191,9897,7172,2725,1787,776,1011,1059,504,555,4002,1547,2455,1787,738,1049
B0103,14,278,District - Imphal East,Rural,Technical degree or diploma equal to degree or post-graduate degree,1213,784,429,684,499,185,75,40,35,49,28,21,454,245,209,273,147,126
B0103,14,278,District - Imphal East,Urban,Total,183207,89305,93902,57577,37737,19840,17078,7378,9700,7836,3643,4193,108552,44190,64362,18748,7681,11067
B0103,14,278,District - Imphal East,Urban,Illiterate,42424,16928,25496,5918,2752,3166,2644,661,1983,843,235,608,33862,13515,20347,1132,289,843
B0103,14,278,District - Imphal East,Urban,Literate,140783,72377,68406,51659,34985,16674,14434,6717,7717,6993,3408,3585,74690,30675,44015,17616,7392,10224
B0103,14,278,District - Imphal East,Urban,Literate but below matric/secondary,59796,29704,30092,14979,10393,4586,5547,2429,3118,2136,996,1140,39270,16882,22388,4577,1866,2711
B0103,14,278,District - Imphal East,Urban,Matric/secondary but below graduate,45944,23935,22009,17528,12308,5220,5286,2540,2746,2812,1376,1436,23130,9087,14043,7940,3378,4562
B0103,14,278,District - Imphal East,Urban,Technical diploma or certificate not equal to degree,1185,542,643,634,334,300,86,36,50,61,24,37,465,172,293,281,97,184
B0103,14,278,District - Imphal East,Urban,Graduate and above other than technical degree,26080,14072,12008,14861,9546,5315,2732,1338,1394,1586,805,781,8487,3188,5299,3680,1526,2154
B0103,14,278,District - Imphal East,Urban,Technical degree or diploma equal to degree or post-graduate degree,2961,1785,1176,1699,1104,595,186,101,85,135,70,65,1076,580,496,635,338,297
B0103,14,279,District - Ukhrul,Total,Total,183998,94718,89280,67724,37336,30388,20205,9197,11008,7884,3986,3898,96069,48185,47884,12176,6268,5908
B0103,14,279,District - Ukhrul,Total,Illiterate,54169,24570,29599,15631,6079,9552,3501,1187,2314,847,326,521,35037,17304,17733,554,250,304
B0103,14,279,District - Ukhrul,Total,Literate,129829,70148,59681,52093,31257,20836,16704,8010,8694,7037,3660,3377,61032,30881,30151,11622,6018,5604
B0103,14,279,District - Ukhrul,Total,Literate but below matric/secondary,70414,36473,33941,25424,14103,11321,7634,3436,4198,2200,1074,1126,37356,18934,18422,2797,1393,1404
B0103,14,279,District - Ukhrul,Total,Matric/secondary but below graduate,41241,22124,19117,16791,10259,6532,6602,3181,3421,3354,1703,1651,17848,8684,9164,6205,3116,3089
B0103,14,279,District - Ukhrul,Total,Technical diploma or certificate not equal to degree,299,170,129,161,107,54,36,17,19,20,11,9,102,46,56,57,22,35
B0103,14,279,District - Ukhrul,Total,Graduate and above other than technical degree,11101,7200,3901,5383,3813,1570,1770,1093,677,1214,768,446,3948,2294,1654,2172,1266,906
B0103,14,279,District - Ukhrul,Total,Technical degree or diploma equal to degree or post-graduate degree,667,432,235,376,267,109,66,36,30,45,24,21,225,129,96,126,77,49
B0103,14,279,District - Ukhrul,Rural,Total,156811,80801,76010,59645,32499,27146,17279,7884,9395,6665,3376,3289,79887,40418,39469,9654,5032,4622
B0103,14,279,District - Ukhrul,Rural,Illiterate,48167,21823,26344,14652,5677,8975,3230,1104,2126,760,292,468,30285,15042,15243,429,197,232
B0103,14,279,District - Ukhrul,Rural,Literate,108644,58978,49666,44993,26822,18171,14049,6780,7269,5905,3084,2821,49602,25376,24226,9225,4835,4390
B0103,14,279,District - Ukhrul,Rural,Literate but below matric/secondary,60762,31552,29210,23173,12750,10423,6554,2994,3560,1919,949,970,31035,15808,15227,2217,1125,1092
B0103,14,279,District - Ukhrul,Rural,Matric/secondary but below graduate,33212,17996,15216,13774,8379,5395,5475,2655,2820,2760,1418,1342,13963,6962,7001,4959,2523,2436
B0103,14,279,District - Ukhrul,Rural,Technical diploma or certificate not equal to degree,234,130,104,121,79,42,27,12,15,15,7,8,86,39,47,42,16,26
B0103,14,279,District - Ukhrul,Rural,Graduate and above other than technical degree,8479,5562,2917,4019,2904,1115,1449,883,566,990,619,371,3011,1775,1236,1696,995,701
B0103,14,279,District - Ukhrul,Rural,Technical degree or diploma equal to degree or post-graduate degree,476,317,159,263,193,70,55,32,23,38,21,17,158,92,66,100,61,39
B0103,14,279,District - Ukhrul,Urban,Total,27187,13917,13270,8079,4837,3242,2926,1313,1613,1219,610,609,16182,7767,8415,2522,1236,1286
B0103,14,279,District - Ukhrul,Urban,Illiterate,6002,2747,3255,979,402,577,271,83,188,87,34,53,4752,2262,2490,125,53,72
B0103,14,279,District - Ukhrul,Urban,Literate,21185,11170,10015,7100,4435,2665,2655,1230,1425,1132,576,556,11430,5505,5925,2397,1183,1214
B0103,14,279,District - Ukhrul,Urban,Literate but below matric/secondary,9652,4921,4731,2251,1353,898,1080,442,638,281,125,156,6321,3126,3195,580,268,312
B0103,14,279,District - Ukhrul,Urban,Matric/secondary but below graduate,8029,4128,3901,3017,1880,1137,1127,526,601,594,285,309,3885,1722,2163,1246,593,653
B0103,14,279,District - Ukhrul,Urban,Technical diploma or certificate not equal to degree,65,40,25,40,28,12,9,5,4,5,4,1,16,7,9,15,6,9
B0103,14,279,District - Ukhrul,Urban,Graduate and above other than technical degree,2622,1638,984,1364,909,455,321,210,111,224,149,75,937,519,418,476,271,205
B0103,14,279,District - Ukhrul,Urban,Technical degree or diploma equal to degree or post-graduate degree,191,115,76,113,74,39,11,4,7,7,3,4,67,37,30,26,16,10
B0103,14,280,District - Chandel,Total,Total,144182,74579,69603,53753,33862,19891,22485,8753,13732,7217,3389,3828,67944,31964,35980,10703,5173,5530
B0103,14,280,District - Chandel,Total,Illiterate,53880,23526,30354,18179,8673,9506,7772,2161,5611,1536,525,1011,27929,12692,15237,1165,467,698
B0103,14,280,District - Chandel,Total,Literate,90302,51053,39249,35574,25189,10385,14713,6592,8121,5681,2864,2817,40015,19272,20743,9538,4706,4832
B0103,14,280,District - Chandel,Total,Literate but below matric/secondary,50334,27275,23059,16449,11205,5244,7924,3404,4520,2330,1169,1161,25961,12666,13295,3475,1750,1725
B0103,14,280,District - Chandel,Total,Matric/secondary but below graduate,29359,17520,11839,13408,10101,3307,4878,2256,2622,2409,1214,1195,11073,5163,5910,4640,2217,2423
B0103,14,280,District - Chandel,Total,Technical diploma or certificate not equal to degree,211,76,135,80,38,42,32,8,24,22,6,16,99,30,69,49,16,33
B0103,14,280,District - Chandel,Total,Graduate and above other than technical degree,6225,3902,2323,3443,2439,1004,921,508,413,555,307,248,1861,955,906,1139,597,542
B0103,14,280,District - Chandel,Total,Technical degree or diploma equal to degree or post-graduate degree,278,169,109,172,112,60,37,15,22,23,11,12,69,42,27,44,29,15
B0103,14,280,District - Chandel,Rural,Total,127335,65909,61426,48327,29984,18343,21122,8219,12903,6815,3178,3637,57886,27706,30180,9458,4630,4828
B0103,14,280,District - Chandel,Rural,Illiterate,47318,20766,26552,16429,7741,8688,7366,2038,5328,1474,502,972,23523,10987,12536,950,419,531
B0103,14,280,District - Chandel,Rural,Literate,80017,45143,34874,31898,22243,9655,13756,6181,7575,5341,2676,2665,34363,16719,17644,8508,4211,4297
B0103,14,280,District - Chandel,Rural,Literate but below matric/secondary,43554,23604,19950,14553,9738,4815,7352,3159,4193,2169,1079,1090,21649,10707,10942,2889,1482,1407
B0103,14,280,District - Chandel,Rural,Matric/secondary but below graduate,26787,15869,10918,12166,9035,3131,4603,2134,2469,2269,1136,1133,10018,4700,5318,4271,2035,2236
B0103,14,280,District - Chandel,Rural,Technical diploma or certificate not equal to degree,178,58,120,63,27,36,28,8,20,20,6,14,87,23,64,47,14,33
B0103,14,280,District - Chandel,Rural,Graduate and above other than technical degree,5810,3611,2199,3172,2219,953,887,492,395,537,298,239,1751,900,851,1089,567,522
B0103,14,280,District - Chandel,Rural,Technical degree or diploma equal to degree or post-graduate degree,251,150,101,156,100,56,33,11,22,20,8,12,62,39,23,42,29,13
B0103,14,280,District - Chandel,Urban,Total,16847,8670,8177,5426,3878,1548,1363,534,829,402,211,191,10058,4258,5800,1245,543,702
B0103,14,280,District - Chandel,Urban,Illiterate,6562,2760,3802,1750,932,818,406,123,283,62,23,39,4406,1705,2701,215,48,167
B0103,14,280,District - Chandel,Urban,Literate,10285,5910,4375,3676,2946,730,957,411,546,340,188,152,5652,2553,3099,1030,495,535
B0103,14,280,District - Chandel,Urban,Literate but below matric/secondary,6780,3671,3109,1896,1467,429,572,245,327,161,90,71,4312,1959,2353,586,268,318
B0103,14,280,District - Chandel,Urban,Matric/secondary but below graduate,2572,1651,921,1242,1066,176,275,122,153,140,78,62,1055,463,592,369,182,187
B0103,14,280,District - Chandel,Urban,Technical diploma or certificate not equal to degree,33,18,15,17,11,6,4,0,4,2,0,2,12,7,5,2,2,0
B0103,14,280,District - Chandel,Urban,Graduate and above other than technical degree,415,291,124,271,220,51,34,16,18,18,9,9,110,55,55,50,30,20
B0103,14,280,District - Chandel,Urban,Technical degree or diploma equal to degree or post-graduate degree,27,19,8,16,12,4,4,4,0,3,3,0,7,3,4,2,0,2
B0103,15,281,District - Mamit,Total,Total,86364,44828,41536,36185,23226,12959,3154,790,2364,586,248,338,47025,20812,26213,1421,596,825
B0103,15,281,District - Mamit,Total,Illiterate,26173,11851,14322,5839,3025,2814,1048,82,966,39,10,29,19286,8744,10542,50,16,34
B0103,15,281,District - Mamit,Total,Literate,60191,32977,27214,30346,20201,10145,2106,708,1398,547,238,309,27739,12068,15671,1371,580,791
B0103,15,281,District - Mamit,Total,Literate but below matric/secondary,50067,27006,23061,24411,15989,8422,1687,521,1166,381,142,239,23969,10496,13473,635,229,406
B0103,15,281,District - Mamit,Total,Matric/secondary but below graduate,7199,4142,3057,3867,2692,1175,281,130,151,117,62,55,3051,1320,1731,588,284,304
B0103,15,281,District - Mamit,Total,Technical diploma or certificate not equal to degree,42,31,11,35,29,6,0,0,0,0,0,0,7,2,5,1,0,1
B0103,15,281,District - Mamit,Total,Graduate and above other than technical degree,1582,1039,543,1231,885,346,64,34,30,36,25,11,287,120,167,117,53,64
B0103,15,281,District - Mamit,Total,Technical degree or diploma equal to degree or post-graduate degree,184,153,31,146,125,21,5,5,0,4,4,0,33,23,10,12,7,5
B0103,15,281,District - Mamit,Rural,Total,71465,37135,34330,30467,19303,11164,2693,612,2081,459,194,265,38305,17220,21085,914,407,507
B0103,15,281,District - Mamit,Rural,Illiterate,23291,10403,12888,5567,2841,2726,1033,77,956,35,7,28,16691,7485,9206,45,16,29
B0103,15,281,District - Mamit,Rural,Literate,48174,26732,21442,24900,16462,8438,1660,535,1125,424,187,237,21614,9735,11879,869,391,478
B0103,15,281,District - Mamit,Rural,Literate but below matric/secondary,40987,22398,18589,20595,13402,7193,1353,401,952,298,116,182,19039,8595,10444,418,163,255
B0103,15,281,District - Mamit,Rural,Matric/secondary but below graduate,5155,3048,2107,2879,2004,875,200,95,105,91,48,43,2076,949,1127,366,183,183
B0103,15,281,District - Mamit,Rural,Technical diploma or certificate not equal to degree,21,15,6,15,13,2,0,0,0,0,0,0,6,2,4,1,0,1
B0103,15,281,District - Mamit,Rural,Graduate and above other than technical degree,987,668,319,776,560,216,41,22,19,24,16,8,170,86,84,69,35,34
B0103,15,281,District - Mamit,Rural,Technical degree or diploma equal to degree or post-graduate degree,118,106,12,95,85,10,2,2,0,2,2,0,21,19,2,7,5,2
B0103,15,281,District - Mamit,Urban,Total,14899,7693,7206,5718,3923,1795,461,178,283,127,54,73,8720,3592,5128,507,189,318
B0103,15,281,District - Mamit,Urban,Illiterate,2882,1448,1434,272,184,88,15,5,10,4,3,1,2595,1259,1336,5,0,5
B0103,15,281,District - Mamit,Urban,Literate,12017,6245,5772,5446,3739,1707,446,173,273,123,51,72,6125,2333,3792,502,189,313
B0103,15,281,District - Mamit,Urban,Literate but below matric/secondary,9080,4608,4472,3816,2587,1229,334,120,214,83,26,57,4930,1901,3029,217,66,151
B0103,15,281,District - Mamit,Urban,Matric/secondary but below graduate,2044,1094,950,988,688,300,81,35,46,26,14,12,975,371,604,222,101,121
B0103,15,281,District - Mamit,Urban,Technical diploma or certificate not equal to degree,21,16,5,20,16,4,0,0,0,0,0,0,1,0,1,0,0,0
B0103,15,281,District - Mamit,Urban,Graduate and above other than technical degree,595,371,224,455,325,130,23,12,11,12,9,3,117,34,83,48,18,30
B0103,15,281,District - Mamit,Urban,Technical degree or diploma equal to degree or post-graduate degree,66,47,19,51,40,11,3,3,0,2,2,0,12,4,8,5,2,3
B0103,15,282,District - Kolasib,Total,Total,83955,42918,41037,29697,20013,9684,6975,2720,4255,2357,1273,1084,47283,20185,27098,3762,1491,2271
B0103,15,282,District - Kolasib,Total,Illiterate,18060,8771,9289,2300,1310,990,539,172,367,165,71,94,15221,7289,7932,141,36,105
B0103,15,282,District - Kolasib,Total,Literate,65895,34147,31748,27397,18703,8694,6436,2548,3888,2192,1202,990,32062,12896,19166,3621,1455,2166
B0103,15,282,District - Kolasib,Total,Literate but below matric/secondary,52018,26483,25535,20520,13874,6646,5298,2018,3280,1646,879,767,26200,10591,15609,1982,724,1258
B0103,15,282,District - Kolasib,Total,Matric/secondary but below graduate,9955,5395,4560,4407,3173,1234,840,392,448,413,243,170,4708,1830,2878,1265,564,701
B0103,15,282,District - Kolasib,Total,Technical diploma or certificate not equal to degree,67,36,31,46,30,16,4,2,2,2,1,1,17,4,13,7,2,5
B0103,15,282,District - Kolasib,Total,Graduate and above other than technical degree,2228,1361,867,1514,1027,487,163,91,72,102,63,39,551,243,308,273,122,151
B0103,15,282,District - Kolasib,Total,Technical degree or diploma equal to degree or post-graduate degree,312,215,97,234,159,75,14,9,5,7,3,4,64,47,17,33,24,9
B0103,15,282,District - Kolasib,Rural,Total,37077,19097,17980,14672,9699,4973,3029,838,2191,527,254,273,19376,8560,10816,490,215,275
B0103,15,282,District - Kolasib,Rural,Illiterate,9807,4710,5097,1755,946,809,273,57,216,40,9,31,7779,3707,4072,36,6,30
B0103,15,282,District - Kolasib,Rural,Literate,27270,14387,12883,12917,8753,4164,2756,781,1975,487,245,242,11597,4853,6744,454,209,245
B0103,15,282,District - Kolasib,Rural,Literate but below matric/secondary,23390,12202,11188,10863,7314,3549,2324,616,1708,344,168,176,10203,4272,5931,216,93,123
B0103,15,282,District - Kolasib,Rural,Matric/secondary but below graduate,2626,1433,1193,1256,882,374,319,121,198,114,57,57,1051,430,621,181,87,94
B0103,15,282,District - Kolasib,Rural,Technical diploma or certificate not equal to degree,17,13,4,11,10,1,1,0,1,0,0,0,5,3,2,1,1,0
B0103,15,282,District - Kolasib,Rural,Graduate and above other than technical degree,468,320,148,347,254,93,43,24,19,22,16,6,78,42,36,37,18,19
B0103,15,282,District - Kolasib,Rural,Technical degree or diploma equal to degree or post-graduate degree,56,47,9,43,37,6,6,5,1,1,1,0,7,5,2,5,3,2
B0103,15,282,District - Kolasib,Urban,Total,46878,23821,23057,15025,10314,4711,3946,1882,2064,1830,1019,811,27907,11625,16282,3272,1276,1996
B0103,15,282,District - Kolasib,Urban,Illiterate,8253,4061,4192,545,364,181,266,115,151,125,62,63,7442,3582,3860,105,30,75
B0103,15,282,District - Kolasib,Urban,Literate,38625,19760,18865,14480,9950,4530,3680,1767,1913,1705,957,748,20465,8043,12422,3167,1246,1921
B0103,15,282,District - Kolasib,Urban,Literate but below matric/secondary,28628,14281,14347,9657,6560,3097,2974,1402,1572,1302,711,591,15997,6319,9678,1766,631,1135
B0103,15,282,District - Kolasib,Urban,Matric/secondary but below graduate,7329,3962,3367,3151,2291,860,521,271,250,299,186,113,3657,1400,2257,1084,477,607
B0103,15,282,District - Kolasib,Urban,Technical diploma or certificate not equal to degree,50,23,27,35,20,15,3,2,1,2,1,1,12,1,11,6,1,5
B0103,15,282,District - Kolasib,Urban,Graduate and above other than technical degree,1760,1041,719,1167,773,394,120,67,53,80,47,33,473,201,272,236,104,132
B0103,15,282,District - Kolasib,Urban,Technical degree or diploma equal to degree or post-graduate degree,256,168,88,191,122,69,8,4,4,6,2,4,57,42,15,28,21,7
B0103,15,283,District - Aizawl,Total,Total,400309,199270,201039,151410,94442,56968,23226,10201,13025,7281,4228,3053,225673,94627,131046,22234,9846,12388
B0103,15,283,District - Aizawl,Total,Illiterate,59714,29723,29991,2467,1502,965,488,211,277,120,68,52,56759,28010,28749,493,243,250
B0103,15,283,District - Aizawl,Total,Literate,340595,169547,171048,148943,92940,56003,22738,9990,12748,7161,4160,3001,168914,66617,102297,21741,9603,12138
B0103,15,283,District - Aizawl,Total,Literate but below matric/secondary,226639,111433,115206,92827,58589,34238,16074,6711,9363,4228,2499,1729,117738,46133,71605,8672,3714,4958
B0103,15,283,District - Aizawl,Total,Matric/secondary but below graduate,78866,38926,39940,32671,20131,12540,4931,2399,2532,2070,1193,877,41264,16396,24868,9654,4346,5308
B0103,15,283,District - Aizawl,Total,Technical diploma or certificate not equal to degree,970,540,430,690,415,275,26,9,17,11,1,10,254,116,138,83,36,47
B0103,15,283,District - Aizawl,Total,Graduate and above other than technical degree,25158,13836,11322,17394,10494,6900,1217,663,554,691,378,313,6547,2679,3868,2733,1192,1541
B0103,15,283,District - Aizawl,Total,Technical degree or diploma equal to degree or post-graduate degree,4239,2748,1491,3075,2045,1030,111,71,40,59,37,22,1053,632,421,398,216,182
B0103,15,283,District - Aizawl,Rural,Total,85555,43780,41775,40272,24276,15996,4140,1069,3071,897,378,519,41143,18435,22708,3610,1739,1871
B0103,15,283,District - Aizawl,Rural,Illiterate,15780,7866,7914,1038,580,458,162,45,117,17,7,10,14580,7241,7339,210,107,103
B0103,15,283,District - Aizawl,Rural,Literate,69775,35914,33861,39234,23696,15538,3978,1024,2954,880,371,509,26563,11194,15369,3400,1632,1768
B0103,15,283,District - Aizawl,Rural,Literate but below matric/secondary,58699,29814,28885,32598,19449,13149,3211,728,2483,552,214,338,22890,9637,13253,2225,1039,1186
B0103,15,283,District - Aizawl,Rural,Matric/secondary but below graduate,7823,4234,3589,4294,2748,1546,555,216,339,241,114,127,2974,1270,1704,994,493,501
B0103,15,283,District - Aizawl,Rural,Technical diploma or certificate not equal to degree,64,43,21,55,40,15,2,0,2,1,0,1,7,3,4,3,1,2
B0103,15,283,District - Aizawl,Rural,Graduate and above other than technical degree,1678,1062,616,1294,878,416,102,56,46,63,35,28,282,128,154,132,74,58
B0103,15,283,District - Aizawl,Rural,Technical degree or diploma equal to degree or post-graduate degree,203,171,32,164,143,21,4,4,0,1,1,0,35,24,11,14,9,5
B0103,15,283,District - Aizawl,Urban,Total,314754,155490,159264,111138,70166,40972,19086,9132,9954,6384,3850,2534,184530,76192,108338,18624,8107,10517
B0103,15,283,District - Aizawl,Urban,Illiterate,43934,21857,22077,1429,922,507,326,166,160,103,61,42,42179,20769,21410,283,136,147
B0103,15,283,District - Aizawl,Urban,Literate,270820,133633,137187,109709,69244,40465,18760,8966,9794,6281,3789,2492,142351,55423,86928,18341,7971,10370
B0103,15,283,District - Aizawl,Urban,Literate but below matric/secondary,167940,81619,86321,60229,39140,21089,12863,5983,6880,3676,2285,1391,94848,36496,58352,6447,2675,3772
B0103,15,283,District - Aizawl,Urban,Matric/secondary but below graduate,71043,34692,36351,28377,17383,10994,4376,2183,2193,1829,1079,750,38290,15126,23164,8660,3853,4807
B0103,15,283,District - Aizawl,Urban,Technical diploma or certificate not equal to degree,906,497,409,635,375,260,24,9,15,10,1,9,247,113,134,80,35,45
B0103,15,283,District - Aizawl,Urban,Graduate and above other than technical degree,23480,12774,10706,16100,9616,6484,1115,607,508,628,343,285,6265,2551,3714,2601,1118,1483
B0103,15,283,District - Aizawl,Urban,Technical degree or diploma equal to degree or post-graduate degree,4036,2577,1459,2911,1902,1009,107,67,40,58,36,22,1018,608,410,384,207,177
B0103,15,284,District - Champhai,Total,Total,125745,63388,62357,53111,31518,21593,7231,2611,4620,2232,921,1311,65403,29259,36144,4018,1624,2394
B0103,15,284,District - Champhai,Total,Illiterate,24943,11948,12995,1697,655,1042,256,73,183,32,12,20,22990,11220,11770,107,40,67
B0103,15,284,District - Champhai,Total,Literate,100802,51440,49362,51414,30863,20551,6975,2538,4437,2200,909,1291,42413,18039,24374,3911,1584,2327
B0103,15,284,District - Champhai,Total,Literate but below matric/secondary,82584,41644,40940,41704,24588,17116,5648,1962,3686,1666,652,1014,35232,15094,20138,2122,760,1362
B0103,15,284,District - Champhai,Total,Matric/secondary but below graduate,12465,6568,5897,5706,3723,1983,979,434,545,363,177,186,5780,2411,3369,1393,645,748
B0103,15,284,District - Champhai,Total,Technical diploma or certificate not equal to degree,108,66,42,80,56,24,3,2,1,3,2,1,25,8,17,8,5,3
B0103,15,284,District - Champhai,Total,Graduate and above other than technical degree,3299,2014,1285,2412,1620,792,188,94,94,120,62,58,699,300,399,305,137,168
B0103,15,284,District - Champhai,Total,Technical degree or diploma equal to degree or post-graduate degree,376,268,108,287,214,73,10,6,4,6,4,2,79,48,31,32,22,10
B0103,15,284,District - Champhai,Rural,Total,77216,39110,38106,36363,20685,15678,2704,791,1913,711,254,457,38149,17634,20515,2075,858,1217
B0103,15,284,District - Champhai,Rural,Illiterate,16194,7730,8464,1369,508,861,140,34,106,17,6,11,14685,7188,7497,75,27,48
B0103,15,284,District - Champhai,Rural,Literate,61022,31380,29642,34994,20177,14817,2564,757,1807,694,248,446,23464,10446,13018,2000,831,1169
B0103,15,284,District - Champhai,Rural,Literate but below matric/secondary,52543,26606,25937,29896,16884,13012,2146,591,1555,514,158,356,20501,9131,11370,1215,443,772
B0103,15,284,District - Champhai,Rural,Matric/secondary but below graduate,5531,3085,2446,2923,1894,1029,294,120,174,117,59,58,2314,1071,1243,636,314,322
B0103,15,284,District - Champhai,Rural,Technical diploma or certificate not equal to degree,31,15,16,21,9,12,1,1,0,1,1,0,9,5,4,4,4,0
B0103,15,284,District - Champhai,Rural,Graduate and above other than technical degree,1407,947,460,1082,797,285,64,32,32,45,26,19,261,118,143,109,56,53
B0103,15,284,District - Champhai,Rural,Technical degree or diploma equal to degree or post-graduate degree,147,116,31,111,93,18,3,3,0,2,2,0,33,20,13,10,7,3
B0103,15,284,District - Champhai,Urban,Total,48529,24278,24251,16748,10833,5915,4527,1820,2707,1521,667,854,27254,11625,15629,1943,766,1177
B0103,15,284,District - Champhai,Urban,Illiterate,8749,4218,4531,328,147,181,116,39,77,15,6,9,8305,4032,4273,32,13,19
B0103,15,284,District - Champhai,Urban,Literate,39780,20060,19720,16420,10686,5734,4411,1781,2630,1506,661,845,18949,7593,11356,1911,753,1158
B0103,15,284,District - Champhai,Urban,Literate but below matric/secondary,30041,15038,15003,11808,7704,4104,3502,1371,2131,1152,494,658,14731,5963,8768,907,317,590
B0103,15,284,District - Champhai,Urban,Matric/secondary but below graduate,6934,3483,3451,2783,1829,954,685,314,371,246,118,128,3466,1340,2126,757,331,426
B0103,15,284,District - Champhai,Urban,Technical diploma or certificate not equal to degree,77,51,26,59,47,12,2,1,1,2,1,1,16,3,13,4,1,3
B0103,15,284,District - Champhai,Urban,Graduate and above other than technical degree,1892,1067,825,1330,823,507,124,62,62,75,36,39,438,182,256,196,81,115
B0103,15,284,District - Champhai,Urban,Technical degree or diploma equal to degree or post-graduate degree,229,152,77,176,121,55,7,3,4,4,2,2,46,28,18,22,15,7
B0103,15,285,District - Serchhip,Total,Total,64937,32851,32086,29838,17428,12410,2559,833,1726,1033,402,631,32540,14590,17950,2892,1272,1620
B0103,15,285,District - Serchhip,Total,Illiterate,10461,5253,5208,450,219,231,51,23,28,6,6,0,9960,5011,4949,39,22,17
B0103,15,285,District - Serchhip,Total,Literate,54476,27598,26878,29388,17209,12179,2508,810,1698,1027,396,631,22580,9579,13001,2853,1250,1603
B0103,15,285,District - Serchhip,Total,Literate but below matric/secondary,42483,21207,21276,22854,13079,9775,1874,581,1293,657,239,418,17755,7547,10208,1340,569,771
B0103,15,285,District - Serchhip,Total,Matric/secondary but below graduate,8712,4514,4198,4314,2700,1614,419,157,262,245,110,135,3979,1657,2322,1156,512,644
B0103,15,285,District - Serchhip,Total,Technical diploma or certificate not equal to degree,68,50,18,53,44,9,2,0,2,2,0,2,13,6,7,6,3,3
B0103,15,285,District - Serchhip,Total,Graduate and above other than technical degree,2067,1254,813,1471,979,492,120,55,65,83,41,42,476,220,256,274,130,144
B0103,15,285,District - Serchhip,Total,Technical degree or diploma equal to degree or post-graduate degree,300,209,91,222,160,62,6,4,2,4,2,2,72,45,27,42,26,16
B0103,15,285,District - Serchhip,Rural,Total,32918,16643,16275,16472,9132,7340,1176,350,826,398,126,272,15270,7161,8109,1215,586,629
B0103,15,285,District - Serchhip,Rural,Illiterate,5824,2896,2928,281,114,167,32,12,20,1,1,0,5511,2770,2741,26,17,9
B0103,15,285,District - Serchhip,Rural,Literate,27094,13747,13347,16191,9018,7173,1144,338,806,397,125,272,9759,4391,5368,1189,569,620
B0103,15,285,District - Serchhip,Rural,Literate but below matric/secondary,22725,11437,11288,13688,7520,6168,861,234,627,228,51,177,8176,3683,4493,664,300,364
B0103,15,285,District - Serchhip,Rural,Matric/secondary but below graduate,3184,1613,1571,1643,941,702,196,71,125,121,50,71,1345,601,744,432,226,206
B0103,15,285,District - Serchhip,Rural,Technical diploma or certificate not equal to degree,29,21,8,21,18,3,1,0,1,1,0,1,7,3,4,3,1,2
B0103,15,285,District - Serchhip,Rural,Graduate and above other than technical degree,763,491,272,574,397,177,56,28,28,39,23,16,133,66,67,73,36,37
B0103,15,285,District - Serchhip,Rural,Technical degree or diploma equal to degree or post-graduate degree,85,63,22,71,53,18,2,1,1,2,1,1,12,9,3,7,5,2
B0103,15,285,District - Serchhip,Urban,Total,32019,16208,15811,13366,8296,5070,1383,483,900,635,276,359,17270,7429,9841,1677,686,991
B0103,15,285,District - Serchhip,Urban,Illiterate,4637,2357,2280,169,105,64,19,11,8,5,5,0,4449,2241,2208,13,5,8
B0103,15,285,District - Serchhip,Urban,Literate,27382,13851,13531,13197,8191,5006,1364,472,892,630,271,359,12821,5188,7633,1664,681,983
B0103,15,285,District - Serchhip,Urban,Literate but below matric/secondary,19758,9770,9988,9166,5559,3607,1013,347,666,429,188,241,9579,3864,5715,676,269,407
B0103,15,285,District - Serchhip,Urban,Matric/secondary but below graduate,5528,2901,2627,2671,1759,912,223,86,137,124,60,64,2634,1056,1578,724,286,438
B0103,15,285,District - Serchhip,Urban,Technical diploma or certificate not equal to degree,39,29,10,32,26,6,1,0,1,1,0,1,6,3,3,3,2,1
B0103,15,285,District - Serchhip,Urban,Graduate and above other than technical degree,1304,763,541,897,582,315,64,27,37,44,18,26,343,154,189,201,94,107
B0103,15,285,District - Serchhip,Urban,Technical degree or diploma equal to degree or post-graduate degree,215,146,69,151,107,44,4,3,1,2,1,1,60,36,24,35,21,14
B0103,15,286,District - Lunglei,Total,Total,161428,82891,78537,62013,40961,21052,16279,5269,11010,5065,2102,2963,83136,36661,46475,12697,5078,7619
B0103,15,286,District - Lunglei,Total,Illiterate,40306,18376,21930,7448,3687,3761,2236,306,1930,472,85,387,30622,14383,16239,417,155,262
B0103,15,286,District - Lunglei,Total,Literate,121122,64515,56607,54565,37274,17291,14043,4963,9080,4593,2017,2576,52514,22278,30236,12280,4923,7357
B0103,15,286,District - Lunglei,Total,Literate but below matric/secondary,92399,48028,44371,39750,26678,13072,11226,3774,7452,2992,1262,1730,41423,17576,23847,6471,2336,4135
B0103,15,286,District - Lunglei,Total,Matric/secondary but below graduate,20670,11764,8906,9498,6970,2528,2200,962,1238,1279,608,671,8972,3832,5140,4707,2110,2597
B0103,15,286,District - Lunglei,Total,Technical diploma or certificate not equal to degree,364,205,159,207,147,60,24,12,12,21,12,9,133,46,87,111,31,80
B0103,15,286,District - Lunglei,Total,Graduate and above other than technical degree,4713,2897,1816,3254,2231,1023,272,142,130,199,102,97,1187,524,663,768,349,419
B0103,15,286,District - Lunglei,Total,Technical degree or diploma equal to degree or post-graduate degree,647,467,180,488,365,123,23,13,10,9,5,4,136,89,47,85,51,34
B0103,15,286,District - Lunglei,Rural,Total,92676,47577,45099,38512,24302,14210,11628,3249,8379,2901,981,1920,42536,20026,22510,2314,1015,1299
B0103,15,286,District - Lunglei,Rural,Illiterate,30562,13510,17052,7002,3391,3611,2103,269,1834,447,72,375,21457,9850,11607,194,55,139
B0103,15,286,District - Lunglei,Rural,Literate,62114,34067,28047,31510,20911,10599,9525,2980,6545,2454,909,1545,21079,10176,10903,2120,960,1160
B0103,15,286,District - Lunglei,Rural,Literate but below matric/secondary,53909,29185,24724,26843,17601,9242,7982,2381,5601,1670,561,1109,19084,9203,9881,1304,560,744
B0103,15,286,District - Lunglei,Rural,Matric/secondary but below graduate,5448,3219,2229,2709,1947,762,1179,486,693,623,279,344,1560,786,774,695,339,356
B0103,15,286,District - Lunglei,Rural,Technical diploma or certificate not equal to degree,57,36,21,39,25,14,9,6,3,9,6,3,9,5,4,4,2,2
B0103,15,286,District - Lunglei,Rural,Graduate and above other than technical degree,1113,766,347,868,635,233,118,62,56,86,44,42,127,69,58,82,48,34
B0103,15,286,District - Lunglei,Rural,Technical degree or diploma equal to degree or post-graduate degree,114,96,18,97,85,12,11,8,3,4,3,1,6,3,3,3,1,2
B0103,15,286,District - Lunglei,Urban,Total,68752,35314,33438,23501,16659,6842,4651,2020,2631,2164,1121,1043,40600,16635,23965,10383,4063,6320
B0103,15,286,District - Lunglei,Urban,Illiterate,9744,4866,4878,446,296,150,133,37,96,25,13,12,9165,4533,4632,223,100,123
B0103,15,286,District - Lunglei,Urban,Literate,59008,30448,28560,23055,16363,6692,4518,1983,2535,2139,1108,1031,31435,12102,19333,10160,3963,6197
B0103,15,286,District - Lunglei,Urban,Literate but below matric/secondary,38490,18843,19647,12907,9077,3830,3244,1393,1851,1322,701,621,22339,8373,13966,5167,1776,3391
B0103,15,286,District - Lunglei,Urban,Matric/secondary but below graduate,15222,8545,6677,6789,5023,1766,1021,476,545,656,329,327,7412,3046,4366,4012,1771,2241
B0103,15,286,District - Lunglei,Urban,Technical diploma or certificate not equal to degree,307,169,138,168,122,46,15,6,9,12,6,6,124,41,83,107,29,78
B0103,15,286,District - Lunglei,Urban,Graduate and above other than technical degree,3600,2131,1469,2386,1596,790,154,80,74,113,58,55,1060,455,605,686,301,385
B0103,15,286,District - Lunglei,Urban,Technical degree or diploma equal to degree or post-graduate degree,533,371,162,391,280,111,12,5,7,5,2,3,130,86,44,82,50,32
B0103,15,287,District - Lawngtlai,Total,Total,117894,60599,57295,38082,25757,12325,7484,2760,4724,2398,1187,1211,72328,32082,40246,3859,1542,2317
B0103,15,287,District - Lawngtlai,Total,Illiterate,55033,24155,30878,15002,7889,7113,4054,898,3156,1309,485,824,35977,15368,20609,649,118,531
B0103,15,287,District - Lawngtlai,Total,Literate,62861,36444,26417,23080,17868,5212,3430,1862,1568,1089,702,387,36351,16714,19637,3210,1424,1786
B0103,15,287,District - Lawngtlai,Total,Literate but below matric/secondary,47848,27339,20509,15758,12294,3464,2579,1394,1185,685,479,206,29511,13651,15860,1432,594,838
B0103,15,287,District - Lawngtlai,Total,Matric/secondary but below graduate,10745,6429,4316,4703,3632,1071,584,336,248,259,151,108,5458,2461,2997,1346,606,740
B0103,15,287,District - Lawngtlai,Total,Technical diploma or certificate not equal to degree,135,106,29,123,100,23,2,2,0,1,1,0,10,4,6,3,1,2
B0103,15,287,District - Lawngtlai,Total,Graduate and above other than technical degree,2311,1545,766,1574,1162,412,92,65,27,50,36,14,645,318,327,345,178,167
B0103,15,287,District - Lawngtlai,Total,Technical degree or diploma equal to degree or post-graduate degree,287,224,63,203,164,39,6,4,2,1,1,0,78,56,22,33,24,9
B0103,15,287,District - Lawngtlai,Rural,Total,97064,49940,47124,32703,21926,10777,6166,1900,4266,2077,970,1107,58195,26114,32081,2071,763,1308
B0103,15,287,District - Lawngtlai,Rural,Illiterate,51142,22296,28846,14851,7794,7057,3982,867,3115,1296,476,820,32309,13635,18674,588,97,491
B0103,15,287,District - Lawngtlai,Rural,Literate,45922,27644,18278,17852,14132,3720,2184,1033,1151,781,494,287,25886,12479,13407,1483,666,817
B0103,15,287,District - Lawngtlai,Rural,Literate but below matric/secondary,37113,21815,15298,13173,10313,2860,1687,790,897,503,350,153,22253,10712,11541,718,263,455
B0103,15,287,District - Lawngtlai,Rural,Matric/secondary but below graduate,6231,4186,2045,3136,2619,517,315,168,147,165,96,69,2780,1399,1381,553,291,262
B0103,15,287,District - Lawngtlai,Rural,Technical diploma or certificate not equal to degree,34,26,8,30,24,6,0,0,0,0,0,0,4,2,2,2,1,1
B0103,15,287,District - Lawngtlai,Rural,Graduate and above other than technical degree,1084,786,298,761,613,148,41,29,12,29,20,9,282,144,138,153,84,69
B0103,15,287,District - Lawngtlai,Rural,Technical degree or diploma equal to degree or post-graduate degree,148,131,17,106,98,8,2,2,0,1,1,0,40,31,9,21,15,6
B0103,15,287,District - Lawngtlai,Urban,Total,20830,10659,10171,5379,3831,1548,1318,860,458,321,217,104,14133,5968,8165,1788,779,1009
B0103,15,287,District - Lawngtlai,Urban,Illiterate,3891,1859,2032,151,95,56,72,31,41,13,9,4,3668,1733,1935,61,21,40
B0103,15,287,District - Lawngtlai,Urban,Literate,16939,8800,8139,5228,3736,1492,1246,829,417,308,208,100,10465,4235,6230,1727,758,969
B0103,15,287,District - Lawngtlai,Urban,Literate but below matric/secondary,10735,5524,5211,2585,1981,604,892,604,288,182,129,53,7258,2939,4319,714,331,383
B0103,15,287,District - Lawngtlai,Urban,Matric/secondary but below graduate,4514,2243,2271,1567,1013,554,269,168,101,94,55,39,2678,1062,1616,793,315,478
B0103,15,287,District - Lawngtlai,Urban,Technical diploma or certificate not equal to degree,101,80,21,93,76,17,2,2,0,1,1,0,6,2,4,1,0,1
B0103,15,287,District - Lawngtlai,Urban,Graduate and above other than technical degree,1227,759,468,813,549,264,51,36,15,21,16,5,363,174,189,192,94,98
B0103,15,287,District - Lawngtlai,Urban,Technical degree or diploma equal to degree or post-graduate degree,139,93,46,97,66,31,4,2,2,0,0,0,38,25,13,12,9,3
B0103,15,288,District - Saiha,Total,Total,56574,28594,27980,14694,9960,4734,4767,2251,2516,974,544,430,37113,16383,20730,2080,878,1202
B0103,15,288,District - Saiha,Total,Illiterate,14341,6733,7608,1435,695,740,583,188,395,42,19,23,12323,5850,6473,53,16,37
B0103,15,288,District - Saiha,Total,Literate,42233,21861,20372,13259,9265,3994,4184,2063,2121,932,525,407,24790,10533,14257,2027,862,1165
B0103,15,288,District - Saiha,Total,Literate but below matric/secondary,30759,15534,15225,8520,5894,2626,3266,1590,1676,535,295,240,18973,8050,10923,757,327,430
B0103,15,288,District - Saiha,Total,Matric/secondary but below graduate,8802,4661,4141,3168,2229,939,707,365,342,315,180,135,4927,2067,2860,1005,400,605
B0103,15,288,District - Saiha,Total,Technical diploma or certificate not equal to degree,108,77,31,80,57,23,3,2,1,1,1,0,25,18,7,6,5,1
B0103,15,288,District - Saiha,Total,Graduate and above other than technical degree,1705,1139,566,1089,811,278,94,53,41,64,38,26,522,275,247,221,113,108
B0103,15,288,District - Saiha,Total,Technical degree or diploma equal to degree or post-graduate degree,213,158,55,163,125,38,6,3,3,3,2,1,44,30,14,16,13,3
B0103,15,288,District - Saiha,Rural,Total,31464,15853,15611,8363,5565,2798,3022,1394,1628,338,207,131,20079,8894,11185,798,350,448
B0103,15,288,District - Saiha,Rural,Illiterate,9501,4324,5177,1174,547,627,475,146,329,25,12,13,7852,3631,4221,36,11,25
B0103,15,288,District - Saiha,Rural,Literate,21963,11529,10434,7189,5018,2171,2547,1248,1299,313,195,118,12227,5263,6964,762,339,423
B0103,15,288,District - Saiha,Rural,Literate but below matric/secondary,18001,9173,8828,5418,3718,1700,2204,1083,1121,211,136,75,10379,4372,6007,333,139,194
B0103,15,288,District - Saiha,Rural,Matric/secondary but below graduate,2992,1761,1231,1245,910,335,238,118,120,82,47,35,1509,733,776,356,159,197
B0103,15,288,District - Saiha,Rural,Technical diploma or certificate not equal to degree,16,13,3,9,8,1,1,1,0,1,1,0,6,4,2,1,1,0
B0103,15,288,District - Saiha,Rural,Graduate and above other than technical degree,471,342,129,319,254,65,19,9,10,11,6,5,133,79,54,50,32,18
B0103,15,288,District - Saiha,Rural,Technical degree or diploma equal to degree or post-graduate degree,47,37,10,29,25,4,3,2,1,1,1,0,15,10,5,8,6,2
B0103,15,288,District - Saiha,Urban,Total,25110,12741,12369,6331,4395,1936,1745,857,888,636,337,299,17034,7489,9545,1282,528,754
B0103,15,288,District - Saiha,Urban,Illiterate,4840,2409,2431,261,148,113,108,42,66,17,7,10,4471,2219,2252,17,5,12
B0103,15,288,District - Saiha,Urban,Literate,20270,10332,9938,6070,4247,1823,1637,815,822,619,330,289,12563,5270,7293,1265,523,742
B0103,15,288,District - Saiha,Urban,Literate but below matric/secondary,12758,6361,6397,3102,2176,926,1062,507,555,324,159,165,8594,3678,4916,424,188,236
B0103,15,288,District - Saiha,Urban,Matric/secondary but below graduate,5810,2900,2910,1923,1319,604,469,247,222,233,133,100,3418,1334,2084,649,241,408
B0103,15,288,District - Saiha,Urban,Technical diploma or certificate not equal to degree,92,64,28,71,49,22,2,1,1,0,0,0,19,14,5,5,4,1
B0103,15,288,District - Saiha,Urban,Graduate and above other than technical degree,1234,797,437,770,557,213,75,44,31,53,32,21,389,196,193,171,81,90
B0103,15,288,District - Saiha,Urban,Technical degree or diploma equal to degree or post-graduate degree,166,121,45,134,100,34,3,1,2,2,1,1,29,20,9,8,7,1
B0103,16,289,District - West Tripura ,Total,Total,1725739,879428,846311,524198,431743,92455,173980,68663,105317,122295,52758,69537,1027561,379022,648539,260535,72086,188449
B0103,16,289,District - West Tripura ,Total,Illiterate,364385,156430,207955,57002,37175,19827,33490,7053,26437,20781,4878,15903,273893,112202,161691,16931,2170,14761
B0103,16,289,District - West Tripura ,Total,Literate,1361354,722998,638356,467196,394568,72628,140490,61610,78880,101514,47880,53634,753668,266820,486848,243604,69916,173688
B0103,16,289,District - West Tripura ,Total,Literate but below matric/secondary,939628,480862,458766,292653,249197,43456,102844,42467,60377,72784,32509,40275,544131,189198,354933,138447,31593,106854
B0103,16,289,District - West Tripura ,Total,Matric/secondary but below graduate,261421,152697,108724,96312,83618,12694,21941,12412,9529,17202,10104,7098,143168,56667,86501,73279,28560,44719
B0103,16,289,District - West Tripura ,Total,Technical diploma or certificate not equal to degree,4061,3229,832,2176,1933,243,126,103,23,101,83,18,1759,1193,566,960,671,289
B0103,16,289,District - West Tripura ,Total,Graduate and above other than technical degree,77409,47118,30291,42008,33322,8686,3956,2560,1396,3215,2073,1142,31445,11236,20209,17941,5850,12091
B0103,16,289,District - West Tripura ,Total,Technical degree or diploma equal to degree or post-graduate degree,9415,6611,2804,5704,4388,1316,271,174,97,221,143,78,3440,2049,1391,1878,1026,852
B0103,16,289,District - West Tripura ,Rural,Total,1048101,536720,511381,309162,253749,55413,136412,50598,85814,95086,39378,55708,602527,232373,370154,132750,38363,94387
B0103,16,289,District - West Tripura ,Rural,Illiterate,259099,109139,149960,43585,28157,15428,29433,5867,23566,18390,4179,14211,186081,75115,110966,11409,1386,10023
B0103,16,289,District - West Tripura ,Rural,Literate,789002,427581,361421,265577,225592,39985,106979,44731,62248,76696,35199,41497,416446,157258,259188,121341,36977,84364
B0103,16,289,District - West Tripura ,Rural,Literate but below matric/secondary,594333,311158,283175,186948,158315,28633,79913,31502,48411,56232,24494,31738,327472,121341,206131,77044,18996,58048
B0103,16,289,District - West Tripura ,Rural,Matric/secondary but below graduate,131363,81481,49882,49246,43475,5771,16238,8894,7344,12582,7276,5306,65879,29112,36767,33845,14652,19193
B0103,16,289,District - West Tripura ,Rural,Technical diploma or certificate not equal to degree,707,577,130,340,310,30,39,34,5,27,24,3,328,233,95,206,146,60
B0103,16,289,District - West Tripura ,Rural,Graduate and above other than technical degree,19131,13587,5544,10878,9440,1438,1728,1272,456,1392,1043,349,6525,2875,3650,4444,1960,2484
B0103,16,289,District - West Tripura ,Rural,Technical degree or diploma equal to degree or post-graduate degree,981,765,216,557,479,78,52,42,10,39,32,7,372,244,128,224,140,84
B0103,16,289,District - West Tripura ,Urban,Total,677638,342708,334930,215036,177994,37042,37568,18065,19503,27209,13380,13829,425034,146649,278385,127785,33723,94062
B0103,16,289,District - West Tripura ,Urban,Illiterate,105286,47291,57995,13417,9018,4399,4057,1186,2871,2391,699,1692,87812,37087,50725,5522,784,4738
B0103,16,289,District - West Tripura ,Urban,Literate,572352,295417,276935,201619,168976,32643,33511,16879,16632,24818,12681,12137,337222,109562,227660,122263,32939,89324
B0103,16,289,District - West Tripura ,Urban,Literate but below matric/secondary,345295,169704,175591,105705,90882,14823,22931,10965,11966,16552,8015,8537,216659,67857,148802,61403,12597,48806
B0103,16,289,District - West Tripura ,Urban,Matric/secondary but below graduate,130058,71216,58842,47066,40143,6923,5703,3518,2185,4620,2828,1792,77289,27555,49734,39434,13908,25526
B0103,16,289,District - West Tripura ,Urban,Technical diploma or certificate not equal to degree,3354,2652,702,1836,1623,213,87,69,18,74,59,15,1431,960,471,754,525,229
B0103,16,289,District - West Tripura ,Urban,Graduate and above other than technical degree,58278,33531,24747,31130,23882,7248,2228,1288,940,1823,1030,793,24920,8361,16559,13497,3890,9607
B0103,16,289,District - West Tripura ,Urban,Technical degree or diploma equal to degree or post-graduate degree,8434,5846,2588,5147,3909,1238,219,132,87,182,111,71,3068,1805,1263,1654,886,768
B0103,16,290,District - South Tripura ,Total,Total,876001,447544,428457,258457,212050,46407,108388,41179,67209,73220,31903,41317,509156,194315,314841,99791,25745,74046
B0103,16,290,District - South Tripura ,Total,Illiterate,229191,96462,132729,39574,24729,14845,27733,5131,22602,16555,3400,13155,161884,66602,95282,8419,895,7524
B0103,16,290,District - South Tripura ,Total,Literate,646810,351082,295728,218883,187321,31562,80655,36048,44607,56665,28503,28162,347272,127713,219559,91372,24850,66522
B0103,16,290,District - South Tripura ,Total,Literate but below matric/secondary,489711,255601,234110,150674,128713,21961,62897,26335,36562,43314,20305,23009,276140,100553,175587,55615,11364,44251
B0103,16,290,District - South Tripura ,Total,Matric/secondary but below graduate,98782,61842,36940,38938,34680,4258,9120,6196,2924,7462,5384,2078,50724,20966,29758,26588,10688,15900
B0103,16,290,District - South Tripura ,Total,Technical diploma or certificate not equal to degree,980,802,178,534,465,69,54,49,5,46,43,3,392,288,104,257,187,70
B0103,16,290,District - South Tripura ,Total,Graduate and above other than technical degree,23494,16698,6796,14213,12455,1758,1719,1337,382,1501,1192,309,7562,2906,4656,4963,1750,3213
B0103,16,290,District - South Tripura ,Total,Technical degree or diploma equal to degree or post-graduate degree,1610,1304,306,981,847,134,59,44,15,48,33,15,570,413,157,369,261,108
B0103,16,290,District - South Tripura ,Rural,Total,752970,384787,368183,220671,179548,41123,101092,37416,63676,68038,29074,38964,431207,167823,263384,76892,19690,57202
B0103,16,290,District - South Tripura ,Rural,Illiterate,210084,87967,122117,37699,23342,14357,26850,4889,21961,16010,3255,12755,145535,59736,85799,7555,776,6779
B0103,16,290,District - South Tripura ,Rural,Literate,542886,296820,246066,182972,156206,26766,74242,32527,41715,52028,25819,26209,285672,108087,177585,69337,18914,50423
B0103,16,290,District - South Tripura ,Rural,Literate but below matric/secondary,426919,224828,202091,132051,112338,19713,58479,24090,34389,40216,18657,21559,236389,88400,147989,44997,9311,35686
B0103,16,290,District - South Tripura ,Rural,Matric/secondary but below graduate,75307,48755,26552,30431,27277,3154,8061,5483,2578,6608,4787,1821,36815,15995,20820,19099,8016,11083
B0103,16,290,District - South Tripura ,Rural,Technical diploma or certificate not equal to degree,496,409,87,260,230,30,38,34,4,34,31,3,198,145,53,134,99,35
B0103,16,290,District - South Tripura ,Rural,Graduate and above other than technical degree,14020,10694,3326,8878,8003,875,1303,1043,260,1158,948,210,3839,1648,2191,2630,1062,1568
B0103,16,290,District - South Tripura ,Rural,Technical degree or diploma equal to degree or post-graduate degree,661,563,98,397,361,36,29,24,5,21,16,5,235,178,57,160,119,41
B0103,16,290,District - South Tripura ,Urban,Total,123031,62757,60274,37786,32502,5284,7296,3763,3533,5182,2829,2353,77949,26492,51457,22899,6055,16844
B0103,16,290,District - South Tripura ,Urban,Illiterate,19107,8495,10612,1875,1387,488,883,242,641,545,145,400,16349,6866,9483,864,119,745
B0103,16,290,District - South Tripura ,Urban,Literate,103924,54262,49662,35911,31115,4796,6413,3521,2892,4637,2684,1953,61600,19626,41974,22035,5936,16099
B0103,16,290,District - South Tripura ,Urban,Literate but below matric/secondary,62792,30773,32019,18623,16375,2248,4418,2245,2173,3098,1648,1450,39751,12153,27598,10618,2053,8565
B0103,16,290,District - South Tripura ,Urban,Matric/secondary but below graduate,23475,13087,10388,8507,7403,1104,1059,713,346,854,597,257,13909,4971,8938,7489,2672,4817
B0103,16,290,District - South Tripura ,Urban,Technical diploma or certificate not equal to degree,484,393,91,274,235,39,16,15,1,12,12,0,194,143,51,123,88,35
B0103,16,290,District - South Tripura ,Urban,Graduate and above other than technical degree,9474,6004,3470,5335,4452,883,416,294,122,343,244,99,3723,1258,2465,2333,688,1645
B0103,16,290,District - South Tripura ,Urban,Technical degree or diploma equal to degree or post-graduate degree,949,741,208,584,486,98,30,20,10,27,17,10,335,235,100,209,142,67
B0103,16,291,District - Dhalai,Total,Total,378230,194544,183686,108259,88877,19382,47572,16780,30792,32356,12891,19465,222399,88887,133512,40617,11052,29565
B0103,16,291,District - Dhalai,Total,Illiterate,102013,42901,59112,13879,8592,5287,12246,2096,10150,7374,1443,5931,75888,32213,43675,4260,430,3830
B0103,16,291,District - Dhalai,Total,Literate,276217,151643,124574,94380,80285,14095,35326,14684,20642,24982,11448,13534,146511,56674,89837,36357,10622,25735
B0103,16,291,District - Dhalai,Total,Literate but below matric/secondary,199921,108715,91206,60553,52267,8286,23376,9995,13381,16349,7732,8617,115992,46453,69539,22363,5871,16492
B0103,16,291,District - Dhalai,Total,Matric/secondary but below graduate,37388,23534,13854,15456,13710,1746,3438,2310,1128,2636,1847,789,18494,7514,10980,9183,3713,5470
B0103,16,291,District - Dhalai,Total,Technical diploma or certificate not equal to degree,275,224,51,162,139,23,11,11,0,8,8,0,102,74,28,63,41,22
B0103,16,291,District - Dhalai,Total,Graduate and above other than technical degree,6676,4519,2157,4094,3434,660,371,247,124,276,181,95,2211,838,1373,1532,562,970
B0103,16,291,District - Dhalai,Total,Technical degree or diploma equal to degree or post-graduate degree,431,323,108,264,215,49,14,8,6,10,6,4,153,100,53,78,45,33
B0103,16,291,District - Dhalai,Rural,Total,337731,173773,163958,95399,77850,17549,46215,16083,30132,31448,12371,19077,196117,79840,116277,33690,9222,24468
B0103,16,291,District - Dhalai,Rural,Illiterate,95913,40133,55780,13438,8297,5141,12155,2075,10080,7337,1435,5902,70320,29761,40559,4107,399,3708
B0103,16,291,District - Dhalai,Rural,Literate,241818,133640,108178,81961,69553,12408,34060,14008,20052,24111,10936,13175,125797,50079,75718,29583,8823,20760
B0103,16,291,District - Dhalai,Rural,Literate but below matric/secondary,178132,97806,80326,53759,46274,7485,22540,9568,12972,15776,7411,8365,101833,41964,59869,18853,5142,13711
B0103,16,291,District - Dhalai,Rural,Matric/secondary but below graduate,29423,18998,10425,12207,10875,1332,3221,2163,1058,2474,1735,739,13995,5960,8035,6942,2941,4001
B0103,16,291,District - Dhalai,Rural,Technical diploma or certificate not equal to degree,161,129,32,89,72,17,9,9,0,7,7,0,63,48,15,33,23,10
B0103,16,291,District - Dhalai,Rural,Graduate and above other than technical degree,4442,3127,1315,2780,2374,406,311,207,104,224,145,79,1351,546,805,921,356,565
B0103,16,291,District - Dhalai,Rural,Technical degree or diploma equal to degree or post-graduate degree,271,198,73,160,129,31,10,4,6,6,2,4,101,65,36,55,33,22
B0103,16,291,District - Dhalai,Urban,Total,40499,20771,19728,12860,11027,1833,1357,697,660,908,520,388,26282,9047,17235,6927,1830,5097
B0103,16,291,District - Dhalai,Urban,Illiterate,6100,2768,3332,441,295,146,91,21,70,37,8,29,5568,2452,3116,153,31,122
B0103,16,291,District - Dhalai,Urban,Literate,34399,18003,16396,12419,10732,1687,1266,676,590,871,512,359,20714,6595,14119,6774,1799,4975
B0103,16,291,District - Dhalai,Urban,Literate but below matric/secondary,21789,10909,10880,6794,5993,801,836,427,409,573,321,252,14159,4489,9670,3510,729,2781
B0103,16,291,District - Dhalai,Urban,Matric/secondary but below graduate,7965,4536,3429,3249,2835,414,217,147,70,162,112,50,4499,1554,2945,2241,772,1469
B0103,16,291,District - Dhalai,Urban,Technical diploma or certificate not equal to degree,114,95,19,73,67,6,2,2,0,1,1,0,39,26,13,30,18,12
B0103,16,291,District - Dhalai,Urban,Graduate and above other than technical degree,2234,1392,842,1314,1060,254,60,40,20,52,36,16,860,292,568,611,206,405
B0103,16,291,District - Dhalai,Urban,Technical degree or diploma equal to degree or post-graduate degree,160,125,35,104,86,18,4,4,0,4,4,0,52,35,17,23,12,11
B0103,16,292,District - North Tripura,Total,Total,693947,352860,341087,186105,155211,30894,62562,30823,31739,44101,23742,20359,445280,166826,278454,96291,27485,68806
B0103,16,292,District - North Tripura,Total,Illiterate,173545,77214,96331,21581,13682,7899,11679,3326,8353,7813,2521,5292,140285,60206,80079,10778,2829,7949
B0103,16,292,District - North Tripura,Total,Literate,520402,275646,244756,164524,141529,22995,50883,27497,23386,36288,21221,15067,304995,106620,198375,85513,24656,60857
B0103,16,292,District - North Tripura,Total,Literate but below matric/secondary,387253,202119,185134,112596,97659,14937,38529,20769,17760,27077,15923,11154,236128,83691,152437,53059,13594,39465
B0103,16,292,District - North Tripura,Total,Matric/secondary but below graduate,76947,43133,33814,26911,23374,3537,5737,3632,2105,4459,2919,1540,44299,16127,28172,21596,8043,13553
B0103,16,292,District - North Tripura,Total,Technical diploma or certificate not equal to degree,661,526,135,358,311,47,44,26,18,33,20,13,259,189,70,140,101,39
B0103,16,292,District - North Tripura,Total,Graduate and above other than technical degree,17456,11049,6407,9500,7814,1686,1002,663,339,804,534,270,6954,2572,4382,4278,1456,2822
B0103,16,292,District - North Tripura,Total,Technical degree or diploma equal to degree or post-graduate degree,1321,999,322,771,631,140,42,28,14,31,21,10,508,340,168,283,186,97
B0103,16,292,District - North Tripura,Rural,Total,573662,291893,281769,151351,125876,25475,55774,26647,29127,39158,20537,18621,366537,139370,227167,75037,21702,53335
B0103,16,292,District - North Tripura,Rural,Illiterate,154595,68431,86164,19522,12196,7326,11127,3118,8009,7435,2360,5075,123946,53117,70829,10067,2719,7348
B0103,16,292,District - North Tripura,Rural,Literate,419067,223462,195605,131829,113680,18149,44647,23529,21118,31723,18177,13546,242591,86253,156338,64970,18983,45987
B0103,16,292,District - North Tripura,Rural,Literate but below matric/secondary,328065,172835,155230,96666,83717,12949,34472,18154,16318,24146,13911,10235,196927,70964,125963,43731,11538,32193
B0103,16,292,District - North Tripura,Rural,Matric/secondary but below graduate,51533,29669,21864,18052,15798,2254,4520,2842,1678,3538,2314,1224,28961,11029,17932,14277,5609,8668
B0103,16,292,District - North Tripura,Rural,Technical diploma or certificate not equal to degree,207,134,73,108,81,27,27,11,16,19,8,11,72,42,30,37,23,14
B0103,16,292,District - North Tripura,Rural,Graduate and above other than technical degree,8121,5606,2515,4610,3959,651,629,433,196,500,353,147,2882,1214,1668,1910,778,1132
B0103,16,292,District - North Tripura,Rural,Technical degree or diploma equal to degree or post-graduate degree,426,329,97,262,222,40,22,15,7,15,11,4,142,92,50,83,55,28
B0103,16,292,District - North Tripura,Urban,Total,120285,60967,59318,34754,29335,5419,6788,4176,2612,4943,3205,1738,78743,27456,51287,21254,5783,15471
B0103,16,292,District - North Tripura,Urban,Illiterate,18950,8783,10167,2059,1486,573,552,208,344,378,161,217,16339,7089,9250,711,110,601
B0103,16,292,District - North Tripura,Urban,Literate,101335,52184,49151,32695,27849,4846,6236,3968,2268,4565,3044,1521,62404,20367,42037,20543,5673,14870
B0103,16,292,District - North Tripura,Urban,Literate but below matric/secondary,59188,29284,29904,15930,13942,1988,4057,2615,1442,2931,2012,919,39201,12727,26474,9328,2056,7272
B0103,16,292,District - North Tripura,Urban,Matric/secondary but below graduate,25414,13464,11950,8859,7576,1283,1217,790,427,921,605,316,15338,5098,10240,7319,2434,4885
B0103,16,292,District - North Tripura,Urban,Technical diploma or certificate not equal to degree,454,392,62,250,230,20,17,15,2,14,12,2,187,147,40,103,78,25
B0103,16,292,District - North Tripura,Urban,Graduate and above other than technical degree,9335,5443,3892,4890,3855,1035,373,230,143,304,181,123,4072,1358,2714,2368,678,1690
B0103,16,292,District - North Tripura,Urban,Technical degree or diploma equal to degree or post-graduate degree,895,670,225,509,409,100,20,13,7,16,10,6,366,248,118,200,131,69
B0103,17,293,District - West Garo Hills,Total,Total,643291,324159,319132,188371,123377,64994,67322,28537,38785,20937,10340,10597,387598,172245,215353,33858,14991,18867
B0103,17,293,District - West Garo Hills,Total,Illiterate,284589,130721,153868,73629,42323,31306,26637,8583,18054,7109,2715,4394,184323,79815,104508,6267,1782,4485
B0103,17,293,District - West Garo Hills,Total,Literate,358702,193438,165264,114742,81054,33688,40685,19954,20731,13828,7625,6203,203275,92430,110845,27591,13209,14382
B0103,17,293,District - West Garo Hills,Total,Literate but below matric/secondary,259164,135170,123994,69677,48330,21347,29118,13791,15327,8913,4839,4074,160369,73049,87320,16198,7567,8631
B0103,17,293,District - West Garo Hills,Total,Matric/secondary but below graduate,64711,38484,26227,26966,20405,6561,7139,4052,3087,3451,2037,1414,30606,14027,16579,8863,4461,4402
B0103,17,293,District - West Garo Hills,Total,Technical diploma or certificate not equal to degree,409,276,133,219,151,68,22,15,7,14,10,4,168,110,58,71,44,27
B0103,17,293,District - West Garo Hills,Total,Graduate and above other than technical degree,8479,5117,3362,5290,3657,1633,612,365,247,316,167,149,2577,1095,1482,1041,482,559
B0103,17,293,District - West Garo Hills,Total,Technical degree or diploma equal to degree or post-graduate degree,1816,1040,776,1206,730,476,116,62,54,42,23,19,494,248,246,237,114,123
B0103,17,293,District - West Garo Hills,Rural,Total,568433,286923,281510,169149,109847,59302,63106,26117,36989,19237,9402,9835,336178,150959,185219,26340,11741,14599
B0103,17,293,District - West Garo Hills,Rural,Illiterate,269985,123903,146082,72014,41310,30704,26074,8308,17766,6975,2651,4324,171897,74285,97612,5905,1659,4246
B0103,17,293,District - West Garo Hills,Rural,Literate,298448,163020,135428,97135,68537,28598,37032,17809,19223,12262,6751,5511,164281,76674,87607,20435,10082,10353
B0103,17,293,District - West Garo Hills,Rural,Literate but below matric/secondary,226621,119583,107038,63799,43752,20047,27214,12642,14572,8168,4395,3773,135608,63189,72419,13236,6369,6867
B0103,17,293,District - West Garo Hills,Rural,Matric/secondary but below graduate,46458,28620,17838,20380,15653,4727,6060,3420,2640,2904,1740,1164,20018,9547,10471,5789,3003,2786
B0103,17,293,District - West Garo Hills,Rural,Technical diploma or certificate not equal to degree,112,79,33,61,45,16,6,3,3,3,1,2,45,31,14,19,10,9
B0103,17,293,District - West Garo Hills,Rural,Graduate and above other than technical degree,3481,2425,1056,2278,1809,469,262,174,88,148,92,56,941,442,499,406,215,191
B0103,17,293,District - West Garo Hills,Rural,Technical degree or diploma equal to degree or post-graduate degree,402,286,116,288,216,72,26,15,11,10,4,6,88,55,33,37,24,13
B0103,17,293,District - West Garo Hills,Urban,Total,74858,37236,37622,19222,13530,5692,4216,2420,1796,1700,938,762,51420,21286,30134,7518,3250,4268
B0103,17,293,District - West Garo Hills,Urban,Illiterate,14604,6818,7786,1615,1013,602,563,275,288,134,64,70,12426,5530,6896,362,123,239
B0103,17,293,District - West Garo Hills,Urban,Literate,60254,30418,29836,17607,12517,5090,3653,2145,1508,1566,874,692,38994,15756,23238,7156,3127,4029
B0103,17,293,District - West Garo Hills,Urban,Literate but below matric/secondary,32543,15587,16956,5878,4578,1300,1904,1149,755,745,444,301,24761,9860,14901,2962,1198,1764
B0103,17,293,District - West Garo Hills,Urban,Matric/secondary but below graduate,18253,9864,8389,6586,4752,1834,1079,632,447,547,297,250,10588,4480,6108,3074,1458,1616
B0103,17,293,District - West Garo Hills,Urban,Technical diploma or certificate not equal to degree,297,197,100,158,106,52,16,12,4,11,9,2,123,79,44,52,34,18
B0103,17,293,District - West Garo Hills,Urban,Graduate and above other than technical degree,4998,2692,2306,3012,1848,1164,350,191,159,168,75,93,1636,653,983,635,267,368
B0103,17,293,District - West Garo Hills,Urban,Technical degree or diploma equal to degree or post-graduate degree,1414,754,660,918,514,404,90,47,43,32,19,13,406,193,213,200,90,110
B0103,17,294,District - East Garo Hills,Total,Total,317917,161223,156694,83936,56056,27880,42137,16206,25931,7003,3395,3608,191844,88961,102883,12154,5496,6658
B0103,17,294,District - East Garo Hills,Total,Illiterate,125770,58710,67060,25077,13967,11110,14271,4039,10232,1468,559,909,86422,40704,45718,1737,672,1065
B0103,17,294,District - East Garo Hills,Total,Literate,192147,102513,89634,58859,42089,16770,27866,12167,15699,5535,2836,2699,105422,48257,57165,10417,4824,5593
B0103,17,294,District - East Garo Hills,Total,Literate but below matric/secondary,155620,81421,74199,43326,30795,12531,22901,9634,13267,3997,1931,2066,89393,40992,48401,6629,2915,3714
B0103,17,294,District - East Garo Hills,Total,Matric/secondary but below graduate,24980,14798,10182,10153,7586,2567,3078,1699,1379,1190,696,494,11749,5513,6236,3176,1604,1572
B0103,17,294,District - East Garo Hills,Total,Technical diploma or certificate not equal to degree,82,61,21,41,30,11,11,8,3,5,5,0,30,23,7,11,10,1
B0103,17,294,District - East Garo Hills,Total,Graduate and above other than technical degree,2088,1396,692,1420,1021,399,129,82,47,75,47,28,539,293,246,243,134,109
B0103,17,294,District - East Garo Hills,Total,Technical degree or diploma equal to degree or post-graduate degree,339,223,116,244,164,80,15,13,2,8,8,0,80,46,34,28,14,14
B0103,17,294,District - East Garo Hills,Rural,Total,273725,138763,134962,73306,48019,25287,39459,14718,24741,6332,3005,3327,160960,76026,84934,8618,4028,4590
B0103,17,294,District - East Garo Hills,Rural,Illiterate,115832,54058,61774,24024,13224,10800,13783,3815,9968,1335,492,843,78025,37019,41006,1497,601,896
B0103,17,294,District - East Garo Hills,Rural,Literate,157893,84705,73188,49282,34795,14487,25676,10903,14773,4997,2513,2484,82935,39007,43928,7121,3427,3694
B0103,17,294,District - East Garo Hills,Rural,Literate but below matric/secondary,132154,69728,62426,38630,27080,11550,21228,8706,12522,3676,1755,1921,72296,33942,38354,5012,2280,2732
B0103,17,294,District - East Garo Hills,Rural,Matric/secondary but below graduate,16936,10218,6718,6745,5030,1715,2737,1479,1258,1033,595,438,7454,3709,3745,1773,961,812
B0103,17,294,District - East Garo Hills,Rural,Technical diploma or certificate not equal to degree,41,29,12,17,11,6,11,8,3,5,5,0,13,10,3,5,5,0
B0103,17,294,District - East Garo Hills,Rural,Graduate and above other than technical degree,990,681,309,635,470,165,91,55,36,50,30,20,264,156,108,95,59,36
B0103,17,294,District - East Garo Hills,Rural,Technical degree or diploma equal to degree or post-graduate degree,148,108,40,103,75,28,13,12,1,8,8,0,32,21,11,5,3,2
B0103,17,294,District - East Garo Hills,Urban,Total,44192,22460,21732,10630,8037,2593,2678,1488,1190,671,390,281,30884,12935,17949,3536,1468,2068
B0103,17,294,District - East Garo Hills,Urban,Illiterate,9938,4652,5286,1053,743,310,488,224,264,133,67,66,8397,3685,4712,240,71,169
B0103,17,294,District - East Garo Hills,Urban,Literate,34254,17808,16446,9577,7294,2283,2190,1264,926,538,323,215,22487,9250,13237,3296,1397,1899
B0103,17,294,District - East Garo Hills,Urban,Literate but below matric/secondary,23466,11693,11773,4696,3715,981,1673,928,745,321,176,145,17097,7050,10047,1617,635,982
B0103,17,294,District - East Garo Hills,Urban,Matric/secondary but below graduate,8044,4580,3464,3408,2556,852,341,220,121,157,101,56,4295,1804,2491,1403,643,760
B0103,17,294,District - East Garo Hills,Urban,Technical diploma or certificate not equal to degree,41,32,9,24,19,5,0,0,0,0,0,0,17,13,4,6,5,1
B0103,17,294,District - East Garo Hills,Urban,Graduate and above other than technical degree,1098,715,383,785,551,234,38,27,11,25,17,8,275,137,138,148,75,73
B0103,17,294,District - East Garo Hills,Urban,Technical degree or diploma equal to degree or post-graduate degree,191,115,76,141,89,52,2,1,1,0,0,0,48,25,23,23,11,12
B0103,17,295,District - South Garo Hills,Total,Total,142334,73170,69164,38397,26435,11962,14672,6391,8281,3822,1957,1865,89265,40344,48921,4512,2135,2377
B0103,17,295,District - South Garo Hills,Total,Illiterate,60272,28167,32105,12052,6972,5080,5291,1810,3481,968,443,525,42929,19385,23544,747,284,463
B0103,17,295,District - South Garo Hills,Total,Literate,82062,45003,37059,26345,19463,6882,9381,4581,4800,2854,1514,1340,46336,20959,25377,3765,1851,1914
B0103,17,295,District - South Garo Hills,Total,Literate but below matric/secondary,66530,35190,31340,18117,13189,4928,7721,3682,4039,2188,1140,1048,40692,18319,22373,2571,1246,1325
B0103,17,295,District - South Garo Hills,Total,Matric/secondary but below graduate,11463,7394,4069,6011,4725,1286,1170,638,532,548,304,244,4282,2031,2251,999,523,476
B0103,17,295,District - South Garo Hills,Total,Technical diploma or certificate not equal to degree,25,16,9,17,11,6,2,1,1,0,0,0,6,4,2,4,3,1
B0103,17,295,District - South Garo Hills,Total,Graduate and above other than technical degree,768,548,220,577,445,132,41,26,15,15,11,4,150,77,73,53,26,27
B0103,17,295,District - South Garo Hills,Total,Technical degree or diploma equal to degree or post-graduate degree,149,103,46,119,91,28,5,4,1,3,3,0,25,8,17,12,2,10
B0103,17,295,District - South Garo Hills,Rural,Total,129203,66470,62733,34993,23834,11159,14296,6175,8121,3676,1876,1800,79914,36461,43453,3852,1822,2030
B0103,17,295,District - South Garo Hills,Rural,Illiterate,56928,26590,30338,11727,6756,4971,5228,1778,3450,942,427,515,39973,18056,21917,726,274,452
B0103,17,295,District - South Garo Hills,Rural,Literate,72275,39880,32395,23266,17078,6188,9068,4397,4671,2734,1449,1285,39941,18405,21536,3126,1548,1578
B0103,17,295,District - South Garo Hills,Rural,Literate but below matric/secondary,59350,31591,27759,16489,11856,4633,7472,3544,3928,2100,1095,1005,35389,16191,19198,2239,1095,1144
B0103,17,295,District - South Garo Hills,Rural,Matric/secondary but below graduate,9435,6210,3225,4959,3959,1000,1120,599,521,521,287,234,3356,1652,1704,732,388,344
B0103,17,295,District - South Garo Hills,Rural,Technical diploma or certificate not equal to degree,15,6,9,10,4,6,2,1,1,0,0,0,3,1,2,1,0,1
B0103,17,295,District - South Garo Hills,Rural,Graduate and above other than technical degree,466,361,105,331,279,52,39,25,14,14,10,4,96,57,39,28,15,13
B0103,17,295,District - South Garo Hills,Rural,Technical degree or diploma equal to degree or post-graduate degree,65,45,20,51,39,12,3,2,1,2,2,0,11,4,7,5,1,4
B0103,17,295,District - South Garo Hills,Urban,Total,13131,6700,6431,3404,2601,803,376,216,160,146,81,65,9351,3883,5468,660,313,347
B0103,17,295,District - South Garo Hills,Urban,Illiterate,3344,1577,1767,325,216,109,63,32,31,26,16,10,2956,1329,1627,21,10,11
B0103,17,295,District - South Garo Hills,Urban,Literate,9787,5123,4664,3079,2385,694,313,184,129,120,65,55,6395,2554,3841,639,303,336
B0103,17,295,District - South Garo Hills,Urban,Literate but below matric/secondary,7180,3599,3581,1628,1333,295,249,138,111,88,45,43,5303,2128,3175,332,151,181
B0103,17,295,District - South Garo Hills,Urban,Matric/secondary but below graduate,2028,1184,844,1052,766,286,50,39,11,27,17,10,926,379,547,267,135,132
B0103,17,295,District - South Garo Hills,Urban,Technical diploma or certificate not equal to degree,10,10,0,7,7,0,0,0,0,0,0,0,3,3,0,3,3,0
B0103,17,295,District - South Garo Hills,Urban,Graduate and above other than technical degree,302,187,115,246,166,80,2,1,1,1,1,0,54,20,34,25,11,14
B0103,17,295,District - South Garo Hills,Urban,Technical degree or diploma equal to degree or post-graduate degree,84,58,26,68,52,16,2,2,0,1,1,0,14,4,10,7,1,6
B0103,17,296,District - West Khasi Hills,Total,Total,383461,193715,189746,119803,69204,50599,43542,20490,23052,17482,9054,8428,220116,104021,116095,14559,5961,8598
B0103,17,296,District - West Khasi Hills,Total,Illiterate,152783,76408,76375,30877,17080,13797,10540,4810,5730,4000,2040,1960,111366,54518,56848,1901,741,1160
B0103,17,296,District - West Khasi Hills,Total,Literate,230678,117307,113371,88926,52124,36802,33002,15680,17322,13482,7014,6468,108750,49503,59247,12658,5220,7438
B0103,17,296,District - West Khasi Hills,Total,Literate but below matric/secondary,187464,95117,92347,69079,40454,28625,26393,12498,13895,10371,5461,4910,91992,42165,49827,7887,3161,4726
B0103,17,296,District - West Khasi Hills,Total,Matric/secondary but below graduate,23515,11941,11574,9096,5457,3639,3027,1502,1525,1629,851,778,11392,4982,6410,3664,1644,2020
B0103,17,296,District - West Khasi Hills,Total,Technical diploma or certificate not equal to degree,144,100,44,83,61,22,13,8,5,9,4,5,48,31,17,18,11,7
B0103,17,296,District - West Khasi Hills,Total,Graduate and above other than technical degree,4715,2481,2234,2924,1693,1231,499,256,243,331,177,154,1292,532,760,591,229,362
B0103,17,296,District - West Khasi Hills,Total,Technical degree or diploma equal to degree or post-graduate degree,477,295,182,309,199,110,34,17,17,22,9,13,134,79,55,66,42,24
B0103,17,296,District - West Khasi Hills,Rural,Total,340356,172380,167976,108910,62575,46335,39457,18353,21104,15274,7755,7519,191989,91452,100537,11350,4813,6537
B0103,17,296,District - West Khasi Hills,Rural,Illiterate,139783,69887,69896,29402,16185,13217,9776,4386,5390,3643,1813,1830,100605,49316,51289,1669,672,997
B0103,17,296,District - West Khasi Hills,Rural,Literate,200573,102493,98080,79508,46390,33118,29681,13967,15714,11631,5942,5689,91384,42136,49248,9681,4141,5540
B0103,17,296,District - West Khasi Hills,Rural,Literate but below matric/secondary,165444,84182,81262,63072,36635,26437,23847,11183,12664,9035,4669,4366,78525,36364,42161,6487,2728,3759
B0103,17,296,District - West Khasi Hills,Rural,Matric/secondary but below graduate,18050,9354,8696,7264,4434,2830,2531,1233,1298,1299,658,641,8255,3687,4568,2430,1121,1309
B0103,17,296,District - West Khasi Hills,Rural,Technical diploma or certificate not equal to degree,74,56,18,43,30,13,5,5,0,3,3,0,26,21,5,8,7,1
B0103,17,296,District - West Khasi Hills,Rural,Graduate and above other than technical degree,3200,1769,1431,1996,1195,801,357,196,161,229,134,95,847,378,469,354,151,203
B0103,17,296,District - West Khasi Hills,Rural,Technical degree or diploma equal to degree or post-graduate degree,259,165,94,178,118,60,21,10,11,13,5,8,60,37,23,23,14,9
B0103,17,296,District - West Khasi Hills,Urban,Total,43105,21335,21770,10893,6629,4264,4085,2137,1948,2208,1299,909,28127,12569,15558,3209,1148,2061
B0103,17,296,District - West Khasi Hills,Urban,Illiterate,13000,6521,6479,1475,895,580,764,424,340,357,227,130,10761,5202,5559,232,69,163
B0103,17,296,District - West Khasi Hills,Urban,Literate,30105,14814,15291,9418,5734,3684,3321,1713,1608,1851,1072,779,17366,7367,9999,2977,1079,1898
B0103,17,296,District - West Khasi Hills,Urban,Literate but below matric/secondary,22020,10935,11085,6007,3819,2188,2546,1315,1231,1336,792,544,13467,5801,7666,1400,433,967
B0103,17,296,District - West Khasi Hills,Urban,Matric/secondary but below graduate,5465,2587,2878,1832,1023,809,496,269,227,330,193,137,3137,1295,1842,1234,523,711
B0103,17,296,District - West Khasi Hills,Urban,Technical diploma or certificate not equal to degree,70,44,26,40,31,9,8,3,5,6,1,5,22,10,12,10,4,6
B0103,17,296,District - West Khasi Hills,Urban,Graduate and above other than technical degree,1515,712,803,928,498,430,142,60,82,102,43,59,445,154,291,237,78,159
B0103,17,296,District - West Khasi Hills,Urban,Technical degree or diploma equal to degree or post-graduate degree,218,130,88,131,81,50,13,7,6,9,4,5,74,42,32,43,28,15
B0103,17,297,District - Ribhoi,Total,Total,258840,132531,126309,90875,57058,33817,15598,6813,8785,6814,3581,3233,152367,68660,83707,10031,3680,6351
B0103,17,297,District - Ribhoi,Total,Illiterate,102981,51554,51427,27047,15632,11415,4695,2002,2693,1883,1022,861,71239,33920,37319,1516,424,1092
B0103,17,297,District - Ribhoi,Total,Literate,155859,80977,74882,63828,41426,22402,10903,4811,6092,4931,2559,2372,81128,34740,46388,8515,3256,5259
B0103,17,297,District - Ribhoi,Total,Literate but below matric/secondary,125851,64406,61445,48159,30540,17619,8878,3861,5017,3976,2055,1921,68814,30005,38809,5653,2126,3527
B0103,17,297,District - Ribhoi,Total,Matric/secondary but below graduate,18989,10574,8415,8828,6516,2312,1049,522,527,595,318,277,9112,3536,5576,2220,889,1331
B0103,17,297,District - Ribhoi,Total,Technical diploma or certificate not equal to degree,115,77,38,78,56,22,5,3,2,1,1,0,32,18,14,12,9,3
B0103,17,297,District - Ribhoi,Total,Graduate and above other than technical degree,3550,1930,1620,2301,1446,855,186,99,87,132,72,60,1063,385,678,380,139,241
B0103,17,297,District - Ribhoi,Total,Technical degree or diploma equal to degree or post-graduate degree,398,237,161,300,200,100,4,0,4,3,0,3,94,37,57,41,19,22
B0103,17,297,District - Ribhoi,Rural,Total,233587,118705,114882,81511,49927,31584,14849,6457,8392,6487,3383,3104,137227,62321,74906,8946,3350,5596
B0103,17,297,District - Ribhoi,Rural,Illiterate,95770,48023,47747,25712,14830,10882,4513,1926,2587,1826,988,838,65545,31267,34278,1449,398,1051
B0103,17,297,District - Ribhoi,Rural,Literate,137817,70682,67135,55799,35097,20702,10336,4531,5805,4661,2395,2266,71682,31054,40628,7497,2952,4545
B0103,17,297,District - Ribhoi,Rural,Literate but below matric/secondary,114216,58230,55986,44067,27554,16513,8464,3651,4813,3775,1923,1852,61685,27025,34660,5209,1988,3221
B0103,17,297,District - Ribhoi,Rural,Matric/secondary but below graduate,13991,7214,6777,5768,3794,1974,953,475,478,552,298,254,7270,2945,4325,1785,756,1029
B0103,17,297,District - Ribhoi,Rural,Technical diploma or certificate not equal to degree,86,67,19,55,46,9,4,3,1,1,1,0,27,18,9,11,9,2
B0103,17,297,District - Ribhoi,Rural,Graduate and above other than technical degree,2632,1430,1202,1702,1022,680,160,88,72,116,67,49,770,320,450,275,114,161
B0103,17,297,District - Ribhoi,Rural,Technical degree or diploma equal to degree or post-graduate degree,312,193,119,242,163,79,2,0,2,2,0,2,68,30,38,29,16,13
B0103,17,297,District - Ribhoi,Urban,Total,25253,13826,11427,9364,7131,2233,749,356,393,327,198,129,15140,6339,8801,1085,330,755
B0103,17,297,District - Ribhoi,Urban,Illiterate,7211,3531,3680,1335,802,533,182,76,106,57,34,23,5694,2653,3041,67,26,41
B0103,17,297,District - Ribhoi,Urban,Literate,18042,10295,7747,8029,6329,1700,567,280,287,270,164,106,9446,3686,5760,1018,304,714
B0103,17,297,District - Ribhoi,Urban,Literate but below matric/secondary,11635,6176,5459,4092,2986,1106,414,210,204,201,132,69,7129,2980,4149,444,138,306
B0103,17,297,District - Ribhoi,Urban,Matric/secondary but below graduate,4998,3360,1638,3060,2722,338,96,47,49,43,20,23,1842,591,1251,435,133,302
B0103,17,297,District - Ribhoi,Urban,Technical diploma or certificate not equal to degree,29,10,19,23,10,13,1,0,1,0,0,0,5,0,5,1,0,1
B0103,17,297,District - Ribhoi,Urban,Graduate and above other than technical degree,918,500,418,599,424,175,26,11,15,16,5,11,293,65,228,105,25,80
B0103,17,297,District - Ribhoi,Urban,Technical degree or diploma equal to degree or post-graduate degree,86,44,42,58,37,21,2,0,2,1,0,1,26,7,19,12,3,9
B0103,17,298,District - East Khasi Hills,Total,Total,825922,410749,415173,289576,186123,103453,37210,18180,19030,15813,8553,7260,499136,206446,292690,41420,15255,26165
B0103,17,298,District - East Khasi Hills,Total,Illiterate,247892,123479,124413,55070,34284,20786,10384,4872,5512,3621,2034,1587,182438,84323,98115,2907,890,2017
B0103,17,298,District - East Khasi Hills,Total,Literate,578030,287270,290760,234506,151839,82667,26826,13308,13518,12192,6519,5673,316698,122123,194575,38513,14365,24148
B0103,17,298,District - East Khasi Hills,Total,Literate but below matric/secondary,385667,190417,195250,139155,90841,48314,20908,10276,10632,8931,4839,4092,225604,89300,136304,16634,5645,10989
B0103,17,298,District - East Khasi Hills,Total,Matric/secondary but below graduate,115154,58637,56517,46795,32647,14148,3542,1884,1658,1941,1057,884,64817,24106,40711,14058,5879,8179
B0103,17,298,District - East Khasi Hills,Total,Technical diploma or certificate not equal to degree,2264,1404,860,1543,1018,525,60,47,13,39,33,6,661,339,322,233,121,112
B0103,17,298,District - East Khasi Hills,Total,Graduate and above other than technical degree,52377,25445,26932,33070,19028,14042,1354,618,736,880,373,507,17953,5799,12154,6101,2120,3981
B0103,17,298,District - East Khasi Hills,Total,Technical degree or diploma equal to degree or post-graduate degree,7672,3881,3791,5446,2920,2526,131,66,65,74,36,38,2095,895,1200,719,330,389
B0103,17,298,District - East Khasi Hills,Rural,Total,459441,228409,231032,161743,99154,62589,29183,13691,15492,12329,6606,5723,268515,115564,152951,17873,5927,11946
B0103,17,298,District - East Khasi Hills,Rural,Illiterate,176433,90164,86269,43511,27380,16131,9274,4311,4963,3282,1851,1431,123648,58473,65175,1861,561,1300
B0103,17,298,District - East Khasi Hills,Rural,Literate,283008,138245,144763,118232,71774,46458,19909,9380,10529,9047,4755,4292,144867,57091,87776,16012,5366,10646
B0103,17,298,District - East Khasi Hills,Rural,Literate but below matric/secondary,229951,112904,117047,91707,56089,35618,17062,8041,9021,7519,3997,3522,121182,48774,72408,9244,2901,6343
B0103,17,298,District - East Khasi Hills,Rural,Matric/secondary but below graduate,34745,16342,18403,14729,8942,5787,1863,876,987,997,501,496,18153,6524,11629,5013,1930,3083
B0103,17,298,District - East Khasi Hills,Rural,Technical diploma or certificate not equal to degree,299,183,116,196,133,63,10,7,3,7,6,1,93,43,50,43,21,22
B0103,17,298,District - East Khasi Hills,Rural,Graduate and above other than technical degree,9821,4623,5198,6412,3564,2848,381,159,222,263,102,161,3028,900,2128,1297,391,906
B0103,17,298,District - East Khasi Hills,Rural,Technical degree or diploma equal to degree or post-graduate degree,1201,635,566,878,514,364,31,20,11,14,10,4,292,101,191,129,45,84
B0103,17,298,District - East Khasi Hills,Urban,Total,366481,182340,184141,127833,86969,40864,8027,4489,3538,3484,1947,1537,230621,90882,139739,23547,9328,14219
B0103,17,298,District - East Khasi Hills,Urban,Illiterate,71459,33315,38144,11559,6904,4655,1110,561,549,339,183,156,58790,25850,32940,1046,329,717
B0103,17,298,District - East Khasi Hills,Urban,Literate,295022,149025,145997,116274,80065,36209,6917,3928,2989,3145,1764,1381,171831,65032,106799,22501,8999,13502
B0103,17,298,District - East Khasi Hills,Urban,Literate but below matric/secondary,155716,77513,78203,47448,34752,12696,3846,2235,1611,1412,842,570,104422,40526,63896,7390,2744,4646
B0103,17,298,District - East Khasi Hills,Urban,Matric/secondary but below graduate,80409,42295,38114,32066,23705,8361,1679,1008,671,944,556,388,46664,17582,29082,9045,3949,5096
B0103,17,298,District - East Khasi Hills,Urban,Technical diploma or certificate not equal to degree,1965,1221,744,1347,885,462,50,40,10,32,27,5,568,296,272,190,100,90
B0103,17,298,District - East Khasi Hills,Urban,Graduate and above other than technical degree,42556,20822,21734,26658,15464,11194,973,459,514,617,271,346,14925,4899,10026,4804,1729,3075
B0103,17,298,District - East Khasi Hills,Urban,Technical degree or diploma equal to degree or post-graduate degree,6471,3246,3225,4568,2406,2162,100,46,54,60,26,34,1803,794,1009,590,285,305
B0103,17,299,District - Jaintia Hills,Total,Total,395124,196285,198839,110617,67267,43350,43563,21572,21991,23200,12082,11118,240944,107446,133498,26219,9185,17034
B0103,17,299,District - Jaintia Hills,Total,Illiterate,207597,108914,98683,53658,34125,19533,23943,12685,11258,12148,6845,5303,129996,62104,67892,6022,1889,4133
B0103,17,299,District - Jaintia Hills,Total,Literate,187527,87371,100156,56959,33142,23817,19620,8887,10733,11052,5237,5815,110948,45342,65606,20197,7296,12901
B0103,17,299,District - Jaintia Hills,Total,Literate but below matric/secondary,139594,65130,74464,35276,21400,13876,14733,6650,8083,8035,3811,4224,89585,37080,52505,11765,3984,7781
B0103,17,299,District - Jaintia Hills,Total,Matric/secondary but below graduate,28021,12527,15494,10770,5798,4972,2205,973,1232,1483,670,813,15046,5756,9290,6333,2490,3843
B0103,17,299,District - Jaintia Hills,Total,Technical diploma or certificate not equal to degree,438,255,183,199,139,60,25,17,8,21,14,7,214,99,115,125,62,63
B0103,17,299,District - Jaintia Hills,Total,Graduate and above other than technical degree,6658,3035,3623,4221,2031,2190,496,234,262,349,163,186,1941,770,1171,1118,418,700
B0103,17,299,District - Jaintia Hills,Total,Technical degree or diploma equal to degree or post-graduate degree,1033,580,453,663,373,290,55,35,20,38,27,11,315,172,143,186,103,83
B0103,17,299,District - Jaintia Hills,Rural,Total,366694,182610,184084,101347,62074,39273,42149,20871,21278,22234,11618,10616,223198,99665,123533,22091,7538,14553
B0103,17,299,District - Jaintia Hills,Rural,Illiterate,201554,105999,95555,52589,33494,19095,23765,12606,11159,12058,6805,5253,125200,59899,65301,5843,1838,4005
B0103,17,299,District - Jaintia Hills,Rural,Literate,165140,76611,88529,48758,28580,20178,18384,8265,10119,10176,4813,5363,97998,39766,58232,16248,5700,10548
B0103,17,299,District - Jaintia Hills,Rural,Literate but below matric/secondary,128528,59558,68970,32290,19502,12788,14187,6339,7848,7665,3597,4068,82051,33717,48334,10692,3570,7122
B0103,17,299,District - Jaintia Hills,Rural,Matric/secondary but below graduate,20420,9088,11332,7835,4260,3575,1755,767,988,1143,528,615,10830,4061,6769,4189,1608,2581
B0103,17,299,District - Jaintia Hills,Rural,Technical diploma or certificate not equal to degree,159,82,77,77,48,29,14,8,6,11,6,5,68,26,42,35,18,17
B0103,17,299,District - Jaintia Hills,Rural,Graduate and above other than technical degree,4018,1881,2137,2522,1250,1272,318,162,156,218,119,99,1178,469,709,620,240,380
B0103,17,299,District - Jaintia Hills,Rural,Technical degree or diploma equal to degree or post-graduate degree,492,282,210,305,179,126,32,22,10,21,16,5,155,81,74,85,46,39
B0103,17,299,District - Jaintia Hills,Urban,Total,28430,13675,14755,9270,5193,4077,1414,701,713,966,464,502,17746,7781,9965,4128,1647,2481
B0103,17,299,District - Jaintia Hills,Urban,Illiterate,6043,2915,3128,1069,631,438,178,79,99,90,40,50,4796,2205,2591,179,51,128
B0103,17,299,District - Jaintia Hills,Urban,Literate,22387,10760,11627,8201,4562,3639,1236,622,614,876,424,452,12950,5576,7374,3949,1596,2353
B0103,17,299,District - Jaintia Hills,Urban,Literate but below matric/secondary,11066,5572,5494,2986,1898,1088,546,311,235,370,214,156,7534,3363,4171,1073,414,659
B0103,17,299,District - Jaintia Hills,Urban,Matric/secondary but below graduate,7601,3439,4162,2935,1538,1397,450,206,244,340,142,198,4216,1695,2521,2144,882,1262
B0103,17,299,District - Jaintia Hills,Urban,Technical diploma or certificate not equal to degree,279,173,106,122,91,31,11,9,2,10,8,2,146,73,73,90,44,46
B0103,17,299,District - Jaintia Hills,Urban,Graduate and above other than technical degree,2640,1154,1486,1699,781,918,178,72,106,131,44,87,763,301,462,498,178,320
B0103,17,299,District - Jaintia Hills,Urban,Technical degree or diploma equal to degree or post-graduate degree,541,298,243,358,194,164,23,13,10,17,11,6,160,91,69,101,57,44
B0103,18,300,District - Kokrajhar,Total,Total,887142,452905,434237,253110,198804,54306,88021,37518,50503,31426,18054,13372,546011,216583,329428,50463,22250,28213
B0103,18,300,District - Kokrajhar,Total,Illiterate,397837,177685,220152,102517,73140,29377,37658,11190,26468,11009,4753,6256,257662,93355,164307,9845,2210,7635
B0103,18,300,District - Kokrajhar,Total,Literate,489305,275220,214085,150593,125664,24929,50363,26328,24035,20417,13301,7116,288349,123228,165121,40618,20040,20578
B0103,18,300,District - Kokrajhar,Total,Literate but below matric/secondary,339509,183166,156343,87560,73251,14309,32085,16229,15856,11814,7720,4094,219864,93686,126178,19522,8752,10770
B0103,18,300,District - Kokrajhar,Total,Matric/secondary but below graduate,96734,59642,37092,38247,31879,6368,10978,6260,4718,5639,3707,1932,47509,21503,26006,15994,8751,7243
B0103,18,300,District - Kokrajhar,Total,Technical diploma or certificate not equal to degree,348,294,54,198,180,18,25,23,2,13,11,2,125,91,34,57,44,13
B0103,18,300,District - Kokrajhar,Total,Graduate and above other than technical degree,14861,10574,4287,8664,7320,1344,1309,899,410,782,547,235,4888,2355,2533,2532,1388,1144
B0103,18,300,District - Kokrajhar,Total,Technical degree or diploma equal to degree or post-graduate degree,1184,885,299,746,611,135,81,61,20,43,29,14,357,213,144,163,107,56
B0103,18,300,District - Kokrajhar,Rural,Total,832201,424446,407755,234885,183825,51060,85098,35903,49195,29899,17182,12717,512218,204718,307500,44897,20060,24837
B0103,18,300,District - Kokrajhar,Rural,Illiterate,386311,172788,213523,100544,71842,28702,37167,10975,26192,10782,4661,6121,248600,89971,158629,9359,2088,7271
B0103,18,300,District - Kokrajhar,Rural,Literate,445890,251658,194232,134341,111983,22358,47931,24928,23003,19117,12521,6596,263618,114747,148871,35538,17972,17566
B0103,18,300,District - Kokrajhar,Rural,Literate but below matric/secondary,317114,171721,145393,81216,67700,13516,30875,15502,15373,11263,7356,3907,205023,88519,116504,17719,8101,9618
B0103,18,300,District - Kokrajhar,Rural,Matric/secondary but below graduate,82377,51685,30692,32206,26867,5339,10137,5797,4340,5113,3405,1708,40034,19021,21013,13690,7751,5939
B0103,18,300,District - Kokrajhar,Rural,Technical diploma or certificate not equal to degree,223,187,36,111,100,11,17,16,1,8,7,1,95,71,24,45,35,10
B0103,18,300,District - Kokrajhar,Rural,Graduate and above other than technical degree,9860,7419,2441,5661,4922,739,1041,759,282,620,469,151,3158,1738,1420,1771,1063,708
B0103,18,300,District - Kokrajhar,Rural,Technical degree or diploma equal to degree or post-graduate degree,581,429,152,330,275,55,53,40,13,26,18,8,198,114,84,88,59,29
B0103,18,300,District - Kokrajhar,Urban,Total,54941,28459,26482,18225,14979,3246,2923,1615,1308,1527,872,655,33793,11865,21928,5566,2190,3376
B0103,18,300,District - Kokrajhar,Urban,Illiterate,11526,4897,6629,1973,1298,675,491,215,276,227,92,135,9062,3384,5678,486,122,364
B0103,18,300,District - Kokrajhar,Urban,Literate,43415,23562,19853,16252,13681,2571,2432,1400,1032,1300,780,520,24731,8481,16250,5080,2068,3012
B0103,18,300,District - Kokrajhar,Urban,Literate but below matric/secondary,22395,11445,10950,6344,5551,793,1210,727,483,551,364,187,14841,5167,9674,1803,651,1152
B0103,18,300,District - Kokrajhar,Urban,Matric/secondary but below graduate,14357,7957,6400,6041,5012,1029,841,463,378,526,302,224,7475,2482,4993,2304,1000,1304
B0103,18,300,District - Kokrajhar,Urban,Technical diploma or certificate not equal to degree,125,107,18,87,80,7,8,7,1,5,4,1,30,20,10,12,9,3
B0103,18,300,District - Kokrajhar,Urban,Graduate and above other than technical degree,5001,3155,1846,3003,2398,605,268,140,128,162,78,84,1730,617,1113,761,325,436
B0103,18,300,District - Kokrajhar,Urban,Technical degree or diploma equal to degree or post-graduate degree,603,456,147,416,336,80,28,21,7,17,11,6,159,99,60,75,48,27
B0103,18,301,District - Dhubri,Total,Total,1949258,997848,951410,504998,447077,57921,164821,77821,87000,91730,51711,40019,1279439,472950,806489,155982,46680,109302
B0103,18,301,District - Dhubri,Total,Illiterate,1026917,486297,540620,234179,199898,34281,85207,30897,54310,45480,20454,25026,707531,255502,452029,54870,9054,45816
B0103,18,301,District - Dhubri,Total,Literate,922341,511551,410790,270819,247179,23640,79614,46924,32690,46250,31257,14993,571908,217448,354460,101112,37626,63486
B0103,18,301,District - Dhubri,Total,Literate but below matric/secondary,703004,373518,329486,175633,161611,14022,59864,33858,26006,33022,21609,11413,467507,178049,289458,59242,19255,39987
B0103,18,301,District - Dhubri,Total,Matric/secondary but below graduate,143050,88539,54511,57394,51816,5578,12609,8565,4044,8878,6547,2331,73047,28158,44889,31138,13889,17249
B0103,18,301,District - Dhubri,Total,Technical diploma or certificate not equal to degree,604,535,69,327,307,20,31,27,4,25,22,3,246,201,45,127,115,12
B0103,18,301,District - Dhubri,Total,Graduate and above other than technical degree,32376,23531,8845,19730,17526,2204,2328,1753,575,1764,1369,395,10318,4252,6066,5791,2605,3186
B0103,18,301,District - Dhubri,Total,Technical degree or diploma equal to degree or post-graduate degree,1910,1558,352,1257,1103,154,77,59,18,42,32,10,576,396,180,324,232,92
B0103,18,301,District - Dhubri,Rural,Total,1745557,893914,851643,444278,393909,50369,155185,72229,82956,86543,48337,38206,1146094,427776,718318,132630,38415,94215
B0103,18,301,District - Dhubri,Rural,Illiterate,971911,462519,509392,223574,191833,31741,82397,29769,52628,44259,19817,24442,665940,240917,425023,52448,8630,43818
B0103,18,301,District - Dhubri,Rural,Literate,773646,431395,342251,220704,202076,18628,72788,42460,30328,42284,28520,13764,480154,186859,293295,80182,29785,50397
B0103,18,301,District - Dhubri,Rural,Literate but below matric/secondary,610492,325782,284710,149339,137390,11949,55632,31071,24561,30758,19977,10781,405521,157321,248200,50328,16316,34012
B0103,18,301,District - Dhubri,Rural,Matric/secondary but below graduate,105973,67943,38030,43659,39518,4141,10988,7486,3502,7786,5822,1964,51326,20939,30387,22497,10297,12200
B0103,18,301,District - Dhubri,Rural,Technical diploma or certificate not equal to degree,326,287,39,181,169,12,25,22,3,23,21,2,120,96,24,72,62,10
B0103,18,301,District - Dhubri,Rural,Graduate and above other than technical degree,19913,15615,4298,12616,11551,1065,1801,1434,367,1407,1160,247,5496,2630,2866,3404,1741,1663
B0103,18,301,District - Dhubri,Rural,Technical degree or diploma equal to degree or post-graduate degree,895,755,140,610,552,58,47,37,10,30,24,6,238,166,72,130,97,33
B0103,18,301,District - Dhubri,Urban,Total,203701,103934,99767,60720,53168,7552,9636,5592,4044,5187,3374,1813,133345,45174,88171,23352,8265,15087
B0103,18,301,District - Dhubri,Urban,Illiterate,55006,23778,31228,10605,8065,2540,2810,1128,1682,1221,637,584,41591,14585,27006,2422,424,1998
B0103,18,301,District - Dhubri,Urban,Literate,148695,80156,68539,50115,45103,5012,6826,4464,2362,3966,2737,1229,91754,30589,61165,20930,7841,13089
B0103,18,301,District - Dhubri,Urban,Literate but below matric/secondary,92512,47736,44776,26294,24221,2073,4232,2787,1445,2264,1632,632,61986,20728,41258,8914,2939,5975
B0103,18,301,District - Dhubri,Urban,Matric/secondary but below graduate,37077,20596,16481,13735,12298,1437,1621,1079,542,1092,725,367,21721,7219,14502,8641,3592,5049
B0103,18,301,District - Dhubri,Urban,Technical diploma or certificate not equal to degree,278,248,30,146,138,8,6,5,1,2,1,1,126,105,21,55,53,2
B0103,18,301,District - Dhubri,Urban,Graduate and above other than technical degree,12463,7916,4547,7114,5975,1139,527,319,208,357,209,148,4822,1622,3200,2387,864,1523
B0103,18,301,District - Dhubri,Urban,Technical degree or diploma equal to degree or post-graduate degree,1015,803,212,647,551,96,30,22,8,12,8,4,338,230,108,194,135,59
B0103,18,302,District - Goalpara,Total,Total,1008183,513292,494891,266376,222680,43696,96197,44438,51759,43576,25754,17822,645610,246174,399436,73257,25133,48124
B0103,18,302,District - Goalpara,Total,Illiterate,444606,208990,235616,96025,79165,16860,36237,14394,21843,15886,8356,7530,312344,115431,196913,18075,3280,14795
B0103,18,302,District - Goalpara,Total,Literate,563577,304302,259275,170351,143515,26836,59960,30044,29916,27690,17398,10292,333266,130743,202523,55182,21853,33329
B0103,18,302,District - Goalpara,Total,Literate but below matric/secondary,428683,224442,204241,114063,96548,17515,44663,21682,22981,19221,11968,7253,269957,106212,163745,30219,10886,19333
B0103,18,302,District - Goalpara,Total,Matric/secondary but below graduate,90199,52637,37562,34159,28683,5476,9599,5354,4245,5716,3645,2071,46441,18600,27841,19331,8714,10617
B0103,18,302,District - Goalpara,Total,Technical diploma or certificate not equal to degree,413,360,53,249,223,26,27,20,7,16,14,2,137,117,20,75,62,13
B0103,18,302,District - Goalpara,Total,Graduate and above other than technical degree,16263,11127,5136,9795,8130,1665,1333,926,407,952,680,272,5135,2071,3064,3118,1299,1819
B0103,18,302,District - Goalpara,Total,Technical degree or diploma equal to degree or post-graduate degree,1129,840,289,732,595,137,60,44,16,37,26,11,337,201,136,176,105,71
B0103,18,302,District - Goalpara,Rural,Total,870121,443244,426877,227473,189525,37948,86626,39363,47263,39139,22899,16240,556022,214356,341666,58988,20265,38723
B0103,18,302,District - Goalpara,Rural,Illiterate,396733,187159,209574,86183,71364,14819,32737,12860,19877,14490,7543,6947,277813,102935,174878,16048,2850,13198
B0103,18,302,District - Goalpara,Rural,Literate,473388,256085,217303,141290,118161,23129,53889,26503,27386,24649,15356,9293,278209,111421,166788,42940,17415,25525
B0103,18,302,District - Goalpara,Rural,Literate but below matric/secondary,369715,193918,175797,98308,82330,15978,40597,19352,21245,17328,10661,6667,230810,92236,138574,24609,8901,15708
B0103,18,302,District - Goalpara,Rural,Matric/secondary but below graduate,70516,41836,28680,26809,22422,4387,8347,4595,3752,4956,3157,1799,35360,14819,20541,14592,6847,7745
B0103,18,302,District - Goalpara,Rural,Technical diploma or certificate not equal to degree,214,182,32,113,102,11,19,13,6,11,10,1,82,67,15,47,38,9
B0103,18,302,District - Goalpara,Rural,Graduate and above other than technical degree,10350,7522,2828,6286,5345,941,1028,740,288,755,563,192,3036,1437,1599,1974,962,1012
B0103,18,302,District - Goalpara,Rural,Technical degree or diploma equal to degree or post-graduate degree,590,435,155,382,314,68,41,27,14,26,17,9,167,94,73,85,54,31
B0103,18,302,District - Goalpara,Urban,Total,138062,70048,68014,38903,33155,5748,9571,5075,4496,4437,2855,1582,89588,31818,57770,14269,4868,9401
B0103,18,302,District - Goalpara,Urban,Illiterate,47873,21831,26042,9842,7801,2041,3500,1534,1966,1396,813,583,34531,12496,22035,2027,430,1597
B0103,18,302,District - Goalpara,Urban,Literate,90189,48217,41972,29061,25354,3707,6071,3541,2530,3041,2042,999,55057,19322,35735,12242,4438,7804
B0103,18,302,District - Goalpara,Urban,Literate but below matric/secondary,58968,30524,28444,15755,14218,1537,4066,2330,1736,1893,1307,586,39147,13976,25171,5610,1985,3625
B0103,18,302,District - Goalpara,Urban,Matric/secondary but below graduate,19683,10801,8882,7350,6261,1089,1252,759,493,760,488,272,11081,3781,7300,4739,1867,2872
B0103,18,302,District - Goalpara,Urban,Technical diploma or certificate not equal to degree,199,178,21,136,121,15,8,7,1,5,4,1,55,50,5,28,24,4
B0103,18,302,District - Goalpara,Urban,Graduate and above other than technical degree,5913,3605,2308,3509,2785,724,305,186,119,197,117,80,2099,634,1465,1144,337,807
B0103,18,302,District - Goalpara,Urban,Technical degree or diploma equal to degree or post-graduate degree,539,405,134,350,281,69,19,17,2,11,9,2,170,107,63,91,51,40
B0103,18,303,District - Barpeta,Total,Total,1693622,867004,826618,439453,389372,50081,122371,55925,66446,63558,36073,27485,1131798,421707,710091,142057,47985,94072
B0103,18,303,District - Barpeta,Total,Illiterate,796564,367966,428598,174008,150591,23417,54679,18699,35980,26242,11754,14488,567877,198676,369201,37568,5733,31835
B0103,18,303,District - Barpeta,Total,Literate,897058,499038,398020,265445,238781,26664,67692,37226,30466,37316,24319,12997,563921,223031,340890,104489,42252,62237
B0103,18,303,District - Barpeta,Total,Literate but below matric/secondary,642117,343188,298929,158635,145213,13422,45877,24136,21741,23458,14891,8567,437605,173839,263766,50221,17672,32549
B0103,18,303,District - Barpeta,Total,Matric/secondary but below graduate,177621,105870,71751,66354,58658,7696,15349,9178,6171,9864,6745,3119,95918,38034,57884,41519,19135,22384
B0103,18,303,District - Barpeta,Total,Technical diploma or certificate not equal to degree,1167,954,213,729,622,107,67,53,14,47,38,9,371,279,92,203,157,46
B0103,18,303,District - Barpeta,Total,Graduate and above other than technical degree,41446,28691,12755,24803,21093,3710,2759,1870,889,1975,1408,567,13884,5728,8156,8307,3626,4681
B0103,18,303,District - Barpeta,Total,Technical degree or diploma equal to degree or post-graduate degree,2413,1932,481,1641,1422,219,112,78,34,54,39,15,660,432,228,356,232,124
B0103,18,303,District - Barpeta,Rural,Total,1546269,791789,754480,393564,349127,44437,116998,53068,63930,60907,34391,26516,1035707,389594,646113,124386,41592,82794
B0103,18,303,District - Barpeta,Rural,Illiterate,763807,354087,409720,168212,145952,22260,53671,18351,35320,25757,11543,14214,541924,189784,352140,36221,5474,30747
B0103,18,303,District - Barpeta,Rural,Literate,782462,437702,344760,225352,203175,22177,63327,34717,28610,35150,22848,12302,493783,199810,293973,88165,36118,52047
B0103,18,303,District - Barpeta,Rural,Literate but below matric/secondary,574980,308576,266404,139199,127168,12031,43236,22637,20599,22219,14048,8171,392545,158771,233774,43971,15489,28482
B0103,18,303,District - Barpeta,Rural,Matric/secondary but below graduate,147328,89596,57732,55376,49001,6375,14235,8523,5712,9285,6333,2952,77717,32072,45645,34481,16324,18157
B0103,18,303,District - Barpeta,Rural,Technical diploma or certificate not equal to degree,803,654,149,506,431,75,56,44,12,38,31,7,241,179,62,147,115,32
B0103,18,303,District - Barpeta,Rural,Graduate and above other than technical degree,29361,21194,8167,17615,15317,2298,2339,1632,707,1725,1263,462,9407,4245,5162,5983,2782,3201
B0103,18,303,District - Barpeta,Rural,Technical degree or diploma equal to degree or post-graduate degree,1379,1136,243,909,809,100,88,67,21,45,35,10,382,260,122,228,151,77
B0103,18,303,District - Barpeta,Urban,Total,147353,75215,72138,45889,40245,5644,5373,2857,2516,2651,1682,969,96091,32113,63978,17671,6393,11278
B0103,18,303,District - Barpeta,Urban,Illiterate,32757,13879,18878,5796,4639,1157,1008,348,660,485,211,274,25953,8892,17061,1347,259,1088
B0103,18,303,District - Barpeta,Urban,Literate,114596,61336,53260,40093,35606,4487,4365,2509,1856,2166,1471,695,70138,23221,46917,16324,6134,10190
B0103,18,303,District - Barpeta,Urban,Literate but below matric/secondary,67137,34612,32525,19436,18045,1391,2641,1499,1142,1239,843,396,45060,15068,29992,6250,2183,4067
B0103,18,303,District - Barpeta,Urban,Matric/secondary but below graduate,30293,16274,14019,10978,9657,1321,1114,655,459,579,412,167,18201,5962,12239,7038,2811,4227
B0103,18,303,District - Barpeta,Urban,Technical diploma or certificate not equal to degree,364,300,64,223,191,32,11,9,2,9,7,2,130,100,30,56,42,14
B0103,18,303,District - Barpeta,Urban,Graduate and above other than technical degree,12085,7497,4588,7188,5776,1412,420,238,182,250,145,105,4477,1483,2994,2324,844,1480
B0103,18,303,District - Barpeta,Urban,Technical degree or diploma equal to degree or post-graduate degree,1034,796,238,732,613,119,24,11,13,9,4,5,278,172,106,128,81,47
B0103,18,304,District - Morigaon,Total,Total,957423,486651,470772,260968,221150,39818,90180,36834,53346,37453,21421,16032,606275,228667,377608,60725,20998,39727
B0103,18,304,District - Morigaon,Total,Illiterate,417521,196953,220568,94855,78154,16701,32874,10337,22537,11480,5771,5709,289792,108462,181330,13293,2728,10565
B0103,18,304,District - Morigaon,Total,Literate,539902,289698,250204,166113,142996,23117,57306,26497,30809,25973,15650,10323,316483,120205,196278,47432,18270,29162
B0103,18,304,District - Morigaon,Total,Literate but below matric/secondary,411564,215891,195673,112664,98226,14438,41182,18488,22694,17096,10311,6785,257718,99177,158541,25837,9134,16703
B0103,18,304,District - Morigaon,Total,Matric/secondary but below graduate,86493,48774,37719,33489,28078,5411,10752,5290,5462,6157,3630,2527,42252,15406,26846,16259,6931,9328
B0103,18,304,District - Morigaon,Total,Technical diploma or certificate not equal to degree,481,399,82,276,254,22,33,24,9,22,16,6,172,121,51,105,77,28
B0103,18,304,District - Morigaon,Total,Graduate and above other than technical degree,16024,10681,5343,9218,7600,1618,1558,955,603,1081,712,369,5248,2126,3122,3018,1283,1735
B0103,18,304,District - Morigaon,Total,Technical degree or diploma equal to degree or post-graduate degree,1031,789,242,640,544,96,69,48,21,23,18,5,322,197,125,191,123,68
B0103,18,304,District - Morigaon,Rural,Total,884125,449123,435002,239563,202395,37168,86641,34775,51866,35735,20389,15346,557921,211953,345968,52755,18039,34716
B0103,18,304,District - Morigaon,Rural,Illiterate,398595,188520,210075,91657,75552,16105,32174,10044,22130,11174,5631,5543,274764,102924,171840,12745,2585,10160
B0103,18,304,District - Morigaon,Rural,Literate,485530,260603,224927,147906,126843,21063,54467,24731,29736,24561,14758,9803,283157,109029,174128,40010,15454,24556
B0103,18,304,District - Morigaon,Rural,Literate but below matric/secondary,378952,198968,179984,103681,89915,13766,39678,17547,22131,16439,9887,6552,235593,91506,144087,23040,8062,14978
B0103,18,304,District - Morigaon,Rural,Matric/secondary but below graduate,72410,41238,31172,28369,23613,4756,9892,4764,5128,5658,3325,2333,34149,12861,21288,13042,5694,7348
B0103,18,304,District - Morigaon,Rural,Technical diploma or certificate not equal to degree,235,187,48,112,99,13,22,16,6,16,12,4,101,72,29,64,47,17
B0103,18,304,District - Morigaon,Rural,Graduate and above other than technical degree,11016,7659,3357,6403,5363,1040,1254,771,483,893,596,297,3359,1525,1834,1987,936,1051
B0103,18,304,District - Morigaon,Rural,Technical degree or diploma equal to degree or post-graduate degree,438,348,90,271,232,39,36,26,10,14,12,2,131,90,41,83,57,26
B0103,18,304,District - Morigaon,Urban,Total,73298,37528,35770,21405,18755,2650,3539,2059,1480,1718,1032,686,48354,16714,31640,7970,2959,5011
B0103,18,304,District - Morigaon,Urban,Illiterate,18926,8433,10493,3198,2602,596,700,293,407,306,140,166,15028,5538,9490,548,143,405
B0103,18,304,District - Morigaon,Urban,Literate,54372,29095,25277,18207,16153,2054,2839,1766,1073,1412,892,520,33326,11176,22150,7422,2816,4606
B0103,18,304,District - Morigaon,Urban,Literate but below matric/secondary,32612,16923,15689,8983,8311,672,1504,941,563,657,424,233,22125,7671,14454,2797,1072,1725
B0103,18,304,District - Morigaon,Urban,Matric/secondary but below graduate,14083,7536,6547,5120,4465,655,860,526,334,499,305,194,8103,2545,5558,3217,1237,1980
B0103,18,304,District - Morigaon,Urban,Technical diploma or certificate not equal to degree,246,212,34,164,155,9,11,8,3,6,4,2,71,49,22,41,30,11
B0103,18,304,District - Morigaon,Urban,Graduate and above other than technical degree,5008,3022,1986,2815,2237,578,304,184,120,188,116,72,1889,601,1288,1031,347,684
B0103,18,304,District - Morigaon,Urban,Technical degree or diploma equal to degree or post-graduate degree,593,441,152,369,312,57,33,22,11,9,6,3,191,107,84,108,66,42
B0103,18,305,District - Nagaon,Total,Total,2823768,1439112,1384656,734993,636533,98460,245005,130195,114810,113248,76429,36819,1843770,672384,1171386,191752,65043,126709
B0103,18,305,District - Nagaon,Total,Illiterate,1113052,517262,595790,224802,186333,38469,82154,35242,46912,34094,20434,13660,806096,295687,510409,37884,6741,31143
B0103,18,305,District - Nagaon,Total,Literate,1710716,921850,788866,510191,450200,59991,162851,94953,67898,79154,55995,23159,1037674,376697,660977,153868,58302,95566
B0103,18,305,District - Nagaon,Total,Literate but below matric/secondary,1304756,690438,614318,343398,309566,33832,122051,71387,50664,56785,41348,15437,839307,309485,529822,85676,30211,55465
B0103,18,305,District - Nagaon,Total,Matric/secondary but below graduate,256736,142678,114058,95218,80981,14237,25024,14217,10807,14078,8995,5083,136494,47480,89014,48790,20756,28034
B0103,18,305,District - Nagaon,Total,Technical diploma or certificate not equal to degree,2207,1894,313,1263,1143,120,128,101,27,92,73,19,816,650,166,417,341,76
B0103,18,305,District - Nagaon,Total,Graduate and above other than technical degree,61606,38490,23116,34638,27665,6973,4856,3031,1825,3162,2012,1150,22112,7794,14318,11256,4260,6996
B0103,18,305,District - Nagaon,Total,Technical degree or diploma equal to degree or post-graduate degree,4162,2980,1182,2723,2202,521,199,124,75,132,84,48,1240,654,586,562,306,256
B0103,18,305,District - Nagaon,Rural,Total,2454234,1250985,1203249,622202,539181,83021,227203,118988,108215,104748,70641,34107,1604829,592816,1012013,154017,51096,102921
B0103,18,305,District - Nagaon,Rural,Illiterate,1031734,481468,550266,211385,175817,35568,79096,33605,45491,32851,19657,13194,741253,272046,469207,34877,6094,28783
B0103,18,305,District - Nagaon,Rural,Literate,1422500,769517,652983,410817,363364,47453,148107,85383,62724,71897,50984,20913,863576,320770,542806,119140,45002,74138
B0103,18,305,District - Nagaon,Rural,Literate but below matric/secondary,1128839,599425,529414,291997,262447,29550,113367,65536,47831,52842,38403,14439,723475,271442,452033,70769,24655,46114
B0103,18,305,District - Nagaon,Rural,Matric/secondary but below graduate,184988,105074,79914,69064,58591,10473,21216,11865,9351,11967,7653,4314,94708,34618,60090,34999,15136,19863
B0103,18,305,District - Nagaon,Rural,Technical diploma or certificate not equal to degree,1029,892,137,543,492,51,90,74,16,68,58,10,396,326,70,239,207,32
B0103,18,305,District - Nagaon,Rural,Graduate and above other than technical degree,34982,22982,12000,19560,16037,3523,3503,2251,1252,2379,1581,798,11919,4694,7225,6873,2840,4033
B0103,18,305,District - Nagaon,Rural,Technical degree or diploma equal to degree or post-graduate degree,1715,1227,488,1059,896,163,106,68,38,72,46,26,550,263,287,226,128,98
B0103,18,305,District - Nagaon,Urban,Total,369534,188127,181407,112791,97352,15439,17802,11207,6595,8500,5788,2712,238941,79568,159373,37735,13947,23788
B0103,18,305,District - Nagaon,Urban,Illiterate,81318,35794,45524,13417,10516,2901,3058,1637,1421,1243,777,466,64843,23641,41202,3007,647,2360
B0103,18,305,District - Nagaon,Urban,Literate,288216,152333,135883,99374,86836,12538,14744,9570,5174,7257,5011,2246,174098,55927,118171,34728,13300,21428
B0103,18,305,District - Nagaon,Urban,Literate but below matric/secondary,175917,91013,84904,51401,47119,4282,8684,5851,2833,3943,2945,998,115832,38043,77789,14907,5556,9351
B0103,18,305,District - Nagaon,Urban,Matric/secondary but below graduate,71748,37604,34144,26154,22390,3764,3808,2352,1456,2111,1342,769,41786,12862,28924,13791,5620,8171
B0103,18,305,District - Nagaon,Urban,Technical diploma or certificate not equal to degree,1178,1002,176,720,651,69,38,27,11,24,15,9,420,324,96,178,134,44
B0103,18,305,District - Nagaon,Urban,Graduate and above other than technical degree,26624,15508,11116,15078,11628,3450,1353,780,573,783,431,352,10193,3100,7093,4383,1420,2963
B0103,18,305,District - Nagaon,Urban,Technical degree or diploma equal to degree or post-graduate degree,2447,1753,694,1664,1306,358,93,56,37,60,38,22,690,391,299,336,178,158
B0103,18,306,District - Sonitpur,Total,Total,1924110,983904,940206,558325,441093,117232,212281,96102,116179,92719,50682,42037,1153504,446709,706795,148458,55195,93263
B0103,18,306,District - Sonitpur,Total,Illiterate,815538,363379,452159,206404,137938,68466,95205,32184,63021,37707,15650,22057,513929,193257,320672,32198,7398,24800
B0103,18,306,District - Sonitpur,Total,Literate,1108572,620525,488047,351921,303155,48766,117076,63918,53158,55012,35032,19980,639575,253452,386123,116260,47797,68463
B0103,18,306,District - Sonitpur,Total,Literate but below matric/secondary,773848,421611,352237,208602,181168,27434,81761,43966,37795,36168,23175,12993,483485,196477,287008,59536,23380,36156
B0103,18,306,District - Sonitpur,Total,Matric/secondary but below graduate,216789,128583,88206,86438,75105,11333,21600,12305,9295,12061,7562,4499,108751,41173,67578,41588,18621,22967
B0103,18,306,District - Sonitpur,Total,Technical diploma or certificate not equal to degree,1713,1334,379,1057,844,213,90,68,22,58,44,14,566,422,144,255,182,73
B0103,18,306,District - Sonitpur,Total,Graduate and above other than technical degree,46799,29433,17366,26804,21946,4858,3300,1956,1344,2065,1251,814,16695,5531,11164,8116,2984,5132
B0103,18,306,District - Sonitpur,Total,Technical degree or diploma equal to degree or post-graduate degree,3695,2476,1219,2510,1905,605,141,70,71,76,36,40,1044,501,543,489,238,251
B0103,18,306,District - Sonitpur,Rural,Total,1750265,894985,855280,501248,392675,108573,207228,93042,114186,90391,49219,41172,1041789,409268,632521,130515,48937,81578
B0103,18,306,District - Sonitpur,Rural,Illiterate,782526,348834,433692,200846,133834,67012,94439,31838,62601,37436,15505,21931,487241,183162,304079,31161,7156,24005
B0103,18,306,District - Sonitpur,Rural,Literate,967739,546151,421588,300402,258841,41561,112789,61204,51585,52955,33714,19241,554548,226106,328442,99354,41781,57573
B0103,18,306,District - Sonitpur,Rural,Literate but below matric/secondary,702746,385727,317019,188422,162963,25459,79775,42679,37096,35302,22579,12723,434549,180085,254464,53780,21430,32350
B0103,18,306,District - Sonitpur,Rural,Matric/secondary but below graduate,174119,105803,68316,70200,60920,9280,20221,11427,8794,11325,7092,4233,83698,33456,50242,34250,15788,18462
B0103,18,306,District - Sonitpur,Rural,Technical diploma or certificate not equal to degree,822,623,199,487,386,101,63,46,17,39,28,11,272,191,81,145,106,39
B0103,18,306,District - Sonitpur,Rural,Graduate and above other than technical degree,27969,18403,9566,15949,13383,2566,2706,1626,1080,1742,1097,645,9314,3394,5920,5269,2123,3146
B0103,18,306,District - Sonitpur,Rural,Technical degree or diploma equal to degree or post-graduate degree,1825,1204,621,1214,942,272,113,54,59,64,28,36,498,208,290,246,122,124
B0103,18,306,District - Sonitpur,Urban,Total,173845,88919,84926,57077,48418,8659,5053,3060,1993,2328,1463,865,111715,37441,74274,17943,6258,11685
B0103,18,306,District - Sonitpur,Urban,Illiterate,33012,14545,18467,5558,4104,1454,766,346,420,271,145,126,26688,10095,16593,1037,242,795
B0103,18,306,District - Sonitpur,Urban,Literate,140833,74374,66459,51519,44314,7205,4287,2714,1573,2057,1318,739,85027,27346,57681,16906,6016,10890
B0103,18,306,District - Sonitpur,Urban,Literate but below matric/secondary,71102,35884,35218,20180,18205,1975,1986,1287,699,866,596,270,48936,16392,32544,5756,1950,3806
B0103,18,306,District - Sonitpur,Urban,Matric/secondary but below graduate,42670,22780,19890,16238,14185,2053,1379,878,501,736,470,266,25053,7717,17336,7338,2833,4505
B0103,18,306,District - Sonitpur,Urban,Technical diploma or certificate not equal to degree,891,711,180,570,458,112,27,22,5,19,16,3,294,231,63,110,76,34
B0103,18,306,District - Sonitpur,Urban,Graduate and above other than technical degree,18830,11030,7800,10855,8563,2292,594,330,264,323,154,169,7381,2137,5244,2847,861,1986
B0103,18,306,District - Sonitpur,Urban,Technical degree or diploma equal to degree or post-graduate degree,1870,1272,598,1296,963,333,28,16,12,12,8,4,546,293,253,243,116,127
B0103,18,307,District - Lakhimpur,Total,Total,1042137,529674,512463,283533,223800,59733,146462,58450,88012,52450,28683,23767,612142,247424,364718,70271,27785,42486
B0103,18,307,District - Lakhimpur,Total,Illiterate,358651,154122,204529,72707,47941,24766,41637,10155,31482,9447,3943,5504,244307,96026,148281,7643,1549,6094
B0103,18,307,District - Lakhimpur,Total,Literate,683486,375552,307934,210826,175859,34967,104825,48295,56530,43003,24740,18263,367835,151398,216437,62628,26236,36392
B0103,18,307,District - Lakhimpur,Total,Literate but below matric/secondary,447176,240518,206658,116471,99624,16847,61421,27534,33887,19520,11678,7842,269284,113360,155924,22248,8830,13418
B0103,18,307,District - Lakhimpur,Total,Matric/secondary but below graduate,165808,92674,73134,60091,48702,11389,31709,14747,16962,16918,9160,7758,74008,29225,44783,29608,12914,16694
B0103,18,307,District - Lakhimpur,Total,Technical diploma or certificate not equal to degree,698,557,141,402,330,72,54,44,10,35,29,6,242,183,59,148,110,38
B0103,18,307,District - Lakhimpur,Total,Graduate and above other than technical degree,37938,24272,13666,20216,16129,4087,5729,3268,2461,4220,2485,1735,11993,4875,7118,7775,3233,4542
B0103,18,307,District - Lakhimpur,Total,Technical degree or diploma equal to degree or post-graduate degree,1759,1214,545,1081,853,228,166,73,93,54,37,17,512,288,224,272,143,129
B0103,18,307,District - Lakhimpur,Rural,Total,950804,482582,468222,254487,199699,54788,142064,56494,85570,50747,27798,22949,554253,226389,327864,60682,24301,36381
B0103,18,307,District - Lakhimpur,Rural,Illiterate,337628,144776,192852,68942,45065,23877,40834,9906,30928,9216,3847,5369,227852,89805,138047,6961,1373,5588
B0103,18,307,District - Lakhimpur,Rural,Literate,613176,337806,275370,185545,154634,30911,101230,46588,54642,41531,23951,17580,326401,136584,189817,53721,22928,30793
B0103,18,307,District - Lakhimpur,Rural,Literate but below matric/secondary,411208,221432,189776,106539,90613,15926,59808,26770,33038,19051,11387,7664,244861,104049,140812,20025,7961,12064
B0103,18,307,District - Lakhimpur,Rural,Matric/secondary but below graduate,145375,82055,63320,52438,42431,10007,30425,14192,16233,16282,8855,7427,62512,25432,37080,25368,11288,14080
B0103,18,307,District - Lakhimpur,Rural,Technical diploma or certificate not equal to degree,391,304,87,209,168,41,47,37,10,31,25,6,135,99,36,83,61,22
B0103,18,307,District - Lakhimpur,Rural,Graduate and above other than technical degree,29086,18980,10106,14918,12122,2796,5290,3028,2262,3950,2346,1604,8878,3830,5048,6012,2664,3348
B0103,18,307,District - Lakhimpur,Rural,Technical degree or diploma equal to degree or post-graduate degree,1072,743,329,628,517,111,149,65,84,44,34,10,295,161,134,163,88,75
B0103,18,307,District - Lakhimpur,Urban,Total,91333,47092,44241,29046,24101,4945,4398,1956,2442,1703,885,818,57889,21035,36854,9589,3484,6105
B0103,18,307,District - Lakhimpur,Urban,Illiterate,21023,9346,11677,3765,2876,889,803,249,554,231,96,135,16455,6221,10234,682,176,506
B0103,18,307,District - Lakhimpur,Urban,Literate,70310,37746,32564,25281,21225,4056,3595,1707,1888,1472,789,683,41434,14814,26620,8907,3308,5599
B0103,18,307,District - Lakhimpur,Urban,Literate but below matric/secondary,35968,19086,16882,9932,9011,921,1613,764,849,469,291,178,24423,9311,15112,2223,869,1354
B0103,18,307,District - Lakhimpur,Urban,Matric/secondary but below graduate,20433,10619,9814,7653,6271,1382,1284,555,729,636,305,331,11496,3793,7703,4240,1626,2614
B0103,18,307,District - Lakhimpur,Urban,Technical diploma or certificate not equal to degree,307,253,54,193,162,31,7,7,0,4,4,0,107,84,23,65,49,16
B0103,18,307,District - Lakhimpur,Urban,Graduate and above other than technical degree,8852,5292,3560,5298,4007,1291,439,240,199,270,139,131,3115,1045,2070,1763,569,1194
B0103,18,307,District - Lakhimpur,Urban,Technical degree or diploma equal to degree or post-graduate degree,687,471,216,453,336,117,17,8,9,10,3,7,217,127,90,109,55,54
B0103,18,308,District - Dhemaji,Total,Total,686133,351249,334884,201364,145683,55681,115436,40894,74542,43270,20444,22826,369333,164672,204661,36833,16255,20578
B0103,18,308,District - Dhemaji,Total,Illiterate,263105,113488,149617,64004,38240,25764,39407,8140,31267,9903,3276,6627,159694,67108,92586,4623,1182,3441
B0103,18,308,District - Dhemaji,Total,Literate,423028,237761,185267,137360,107443,29917,76029,32754,43275,33367,17168,16199,209639,97564,112075,32210,15073,17137
B0103,18,308,District - Dhemaji,Total,Literate but below matric/secondary,262181,144178,118003,69446,55190,14256,40331,16721,23610,12602,6574,6028,152404,72267,80137,9880,4476,5404
B0103,18,308,District - Dhemaji,Total,Matric/secondary but below graduate,120416,68718,51698,47637,36488,11149,27283,11990,15293,15698,7826,7872,45496,20240,25256,16771,7989,8782
B0103,18,308,District - Dhemaji,Total,Technical diploma or certificate not equal to degree,318,247,71,183,146,37,31,24,7,25,22,3,104,77,27,55,40,15
B0103,18,308,District - Dhemaji,Total,Graduate and above other than technical degree,23490,15189,8301,12242,9762,2480,4631,2473,2158,3548,1951,1597,6617,2954,3663,4366,2033,2333
B0103,18,308,District - Dhemaji,Total,Technical degree or diploma equal to degree or post-graduate degree,1088,808,280,707,586,121,96,49,47,57,30,27,285,173,112,165,106,59
B0103,18,308,District - Dhemaji,Rural,Total,637848,326278,311570,187634,134071,53563,113095,39633,73462,42163,19836,22327,337119,152574,184545,32158,14415,17743
B0103,18,308,District - Dhemaji,Rural,Illiterate,250436,107896,142540,61940,36608,25332,38980,7973,31007,9768,3212,6556,149516,63315,86201,4200,1070,3130
B0103,18,308,District - Dhemaji,Rural,Literate,387412,218382,169030,125694,97463,28231,74115,31660,42455,32395,16624,15771,187603,89259,98344,27958,13345,14613
B0103,18,308,District - Dhemaji,Rural,Literate but below matric/secondary,243038,133841,109197,64534,50639,13895,39582,16241,23341,12296,6379,5917,138922,66961,71961,8883,4064,4819
B0103,18,308,District - Dhemaji,Rural,Matric/secondary but below graduate,109961,63295,46666,44138,33594,10544,26580,11610,14970,15307,7617,7690,39243,18091,21152,14727,7164,7563
B0103,18,308,District - Dhemaji,Rural,Technical diploma or certificate not equal to degree,233,173,60,138,105,33,29,22,7,24,21,3,66,46,20,39,28,11
B0103,18,308,District - Dhemaji,Rural,Graduate and above other than technical degree,19049,12525,6524,9776,7870,1906,4302,2299,2003,3334,1838,1496,4971,2356,2615,3370,1651,1719
B0103,18,308,District - Dhemaji,Rural,Technical degree or diploma equal to degree or post-graduate degree,754,568,186,507,422,85,86,45,41,52,29,23,161,101,60,89,57,32
B0103,18,308,District - Dhemaji,Urban,Total,48285,24971,23314,13730,11612,2118,2341,1261,1080,1107,608,499,32214,12098,20116,4675,1840,2835
B0103,18,308,District - Dhemaji,Urban,Illiterate,12669,5592,7077,2064,1632,432,427,167,260,135,64,71,10178,3793,6385,423,112,311
B0103,18,308,District - Dhemaji,Urban,Literate,35616,19379,16237,11666,9980,1686,1914,1094,820,972,544,428,22036,8305,13731,4252,1728,2524
B0103,18,308,District - Dhemaji,Urban,Literate but below matric/secondary,19143,10337,8806,4912,4551,361,749,480,269,306,195,111,13482,5306,8176,997,412,585
B0103,18,308,District - Dhemaji,Urban,Matric/secondary but below graduate,10455,5423,5032,3499,2894,605,703,380,323,391,209,182,6253,2149,4104,2044,825,1219
B0103,18,308,District - Dhemaji,Urban,Technical diploma or certificate not equal to degree,85,74,11,45,41,4,2,2,0,1,1,0,38,31,7,16,12,4
B0103,18,308,District - Dhemaji,Urban,Graduate and above other than technical degree,4441,2664,1777,2466,1892,574,329,174,155,214,113,101,1646,598,1048,996,382,614
B0103,18,308,District - Dhemaji,Urban,Technical degree or diploma equal to degree or post-graduate degree,334,240,94,200,164,36,10,4,6,5,1,4,124,72,52,76,49,27
B0103,18,309,District - Tinsukia,Total,Total,1327929,680231,647698,410188,297578,112610,147008,69045,77963,66004,36882,29122,770733,313608,457125,92513,39242,53271
B0103,18,309,District - Tinsukia,Total,Illiterate,529607,226782,302825,146697,76822,69875,58953,20435,38518,24274,10223,14051,323957,129525,194432,20749,6099,14650
B0103,18,309,District - Tinsukia,Total,Literate,798322,453449,344873,263491,220756,42735,88055,48610,39445,41730,26659,15071,446776,184083,262693,71764,33143,38621
B0103,18,309,District - Tinsukia,Total,Literate but below matric/secondary,577525,322273,255252,167227,139891,27336,66983,36126,30857,29850,19088,10762,343315,146256,197059,39227,18122,21105
B0103,18,309,District - Tinsukia,Total,Matric/secondary but below graduate,152470,90396,62074,61357,52975,8382,14410,8580,5830,8429,5405,3024,76703,28841,47862,23667,11331,12336
B0103,18,309,District - Tinsukia,Total,Technical diploma or certificate not equal to degree,1557,1242,315,898,764,134,54,42,12,30,24,6,605,436,169,270,207,63
B0103,18,309,District - Tinsukia,Total,Graduate and above other than technical degree,35355,20977,14378,19495,15459,4036,2123,1234,889,1337,778,559,13737,4284,9453,5716,2161,3555
B0103,18,309,District - Tinsukia,Total,Technical degree or diploma equal to degree or post-graduate degree,3014,2144,870,1965,1551,414,126,81,45,69,45,24,923,512,411,408,249,159
B0103,18,309,District - Tinsukia,Rural,Total,1063186,541395,521791,327946,225964,101982,132832,60096,72736,59868,32705,27163,602408,255335,347073,70644,30289,40355
B0103,18,309,District - Tinsukia,Rural,Illiterate,472577,201524,271053,137145,69630,67515,56273,19085,37188,23342,9671,13671,279159,112809,166350,19101,5702,13399
B0103,18,309,District - Tinsukia,Rural,Literate,590609,339871,250738,190801,156334,34467,76559,41011,35548,36526,23034,13492,323249,142526,180723,51543,24587,26956
B0103,18,309,District - Tinsukia,Rural,Literate but below matric/secondary,458621,259259,199362,133648,109122,24526,59897,31324,28573,26872,16868,10004,265076,118813,146263,31274,14805,16469
B0103,18,309,District - Tinsukia,Rural,Matric/secondary but below graduate,93997,57568,36429,38280,32334,5946,11547,6755,4792,6923,4431,2492,44170,18479,25691,15483,7648,7835
B0103,18,309,District - Tinsukia,Rural,Technical diploma or certificate not equal to degree,636,489,147,367,296,71,30,22,8,18,14,4,239,171,68,109,87,22
B0103,18,309,District - Tinsukia,Rural,Graduate and above other than technical degree,14562,8940,5622,7958,6262,1696,1290,760,530,901,541,360,5314,1918,3396,2658,1090,1568
B0103,18,309,District - Tinsukia,Rural,Technical degree or diploma equal to degree or post-graduate degree,1079,772,307,726,585,141,48,34,14,31,22,9,305,153,152,125,74,51
B0103,18,309,District - Tinsukia,Urban,Total,264743,138836,125907,82242,71614,10628,14176,8949,5227,6136,4177,1959,168325,58273,110052,21869,8953,12916
B0103,18,309,District - Tinsukia,Urban,Illiterate,57030,25258,31772,9552,7192,2360,2680,1350,1330,932,552,380,44798,16716,28082,1648,397,1251
B0103,18,309,District - Tinsukia,Urban,Literate,207713,113578,94135,72690,64422,8268,11496,7599,3897,5204,3625,1579,123527,41557,81970,20221,8556,11665
B0103,18,309,District - Tinsukia,Urban,Literate but below matric/secondary,118904,63014,55890,33579,30769,2810,7086,4802,2284,2978,2220,758,78239,27443,50796,7953,3317,4636
B0103,18,309,District - Tinsukia,Urban,Matric/secondary but below graduate,58473,32828,25645,23077,20641,2436,2863,1825,1038,1506,974,532,32533,10362,22171,8184,3683,4501
B0103,18,309,District - Tinsukia,Urban,Technical diploma or certificate not equal to degree,921,753,168,531,468,63,24,20,4,12,10,2,366,265,101,161,120,41
B0103,18,309,District - Tinsukia,Urban,Graduate and above other than technical degree,20793,12037,8756,11537,9197,2340,833,474,359,436,237,199,8423,2366,6057,3058,1071,1987
B0103,18,309,District - Tinsukia,Urban,Technical degree or diploma equal to degree or post-graduate degree,1935,1372,563,1239,966,273,78,47,31,38,23,15,618,359,259,283,175,108
B0103,18,310,District - Dibrugarh,Total,Total,1326335,676434,649901,391597,284955,106642,168960,83058,85902,83780,47135,36645,765778,308421,457357,124508,49213,75295
B0103,18,310,District - Dibrugarh,Total,Illiterate,441804,185073,256731,111075,55015,56060,52922,18853,34069,24457,9783,14674,277807,111205,166602,19864,5032,14832
B0103,18,310,District - Dibrugarh,Total,Literate,884531,491361,393170,280522,229940,50582,116038,64205,51833,59323,37352,21971,487971,197216,290755,104644,44181,60463
B0103,18,310,District - Dibrugarh,Total,Literate but below matric/secondary,570291,310913,259378,152127,124654,27473,75860,41659,34201,36074,23048,13026,342304,144600,197704,47783,19778,28005
B0103,18,310,District - Dibrugarh,Total,Matric/secondary but below graduate,214523,122370,92153,79584,66933,12651,27711,15785,11926,16280,10235,6045,107228,39652,67576,41147,18352,22795
B0103,18,310,District - Dibrugarh,Total,Technical diploma or certificate not equal to degree,2827,2323,504,1606,1401,205,147,112,35,103,79,24,1074,810,264,616,471,145
B0103,18,310,District - Dibrugarh,Total,Graduate and above other than technical degree,55213,32049,23164,28888,22664,6224,4873,2723,2150,3345,1822,1523,21452,6662,14790,10545,3717,6828
B0103,18,310,District - Dibrugarh,Total,Technical degree or diploma equal to degree or post-graduate degree,5407,3680,1727,3605,2764,841,241,135,106,141,70,71,1561,781,780,783,378,405
B0103,18,310,District - Dibrugarh,Rural,Total,1082605,550299,532306,313762,220144,93618,156734,75472,81262,78135,43631,34504,612109,254683,357426,98190,39171,59019
B0103,18,310,District - Dibrugarh,Rural,Illiterate,397032,165177,231855,103963,50247,53716,50994,17852,33142,23793,9416,14377,242075,97078,144997,18083,4585,13498
B0103,18,310,District - Dibrugarh,Rural,Literate,685573,385122,300451,209799,169897,39902,105740,57620,48120,54342,34215,20127,370034,157605,212429,80107,34586,45521
B0103,18,310,District - Dibrugarh,Rural,Literate but below matric/secondary,475699,262243,213456,126891,102152,24739,70991,38365,32626,34041,21635,12406,277817,121726,156091,40153,16931,23222
B0103,18,310,District - Dibrugarh,Rural,Matric/secondary but below graduate,150766,88112,62654,55813,46400,9413,24417,13689,10728,14491,9122,5369,70536,28023,42513,30478,13853,16625
B0103,18,310,District - Dibrugarh,Rural,Technical diploma or certificate not equal to degree,1227,990,237,624,522,102,80,63,17,60,46,14,523,405,118,356,277,79
B0103,18,310,District - Dibrugarh,Rural,Graduate and above other than technical degree,26196,15824,10372,13319,10582,2737,3408,1935,1473,2505,1412,1093,9469,3307,6162,5770,2157,3613
B0103,18,310,District - Dibrugarh,Rural,Technical degree or diploma equal to degree or post-graduate degree,1606,1073,533,1015,789,226,106,64,42,63,33,30,485,220,265,292,131,161
B0103,18,310,District - Dibrugarh,Urban,Total,243730,126135,117595,77835,64811,13024,12226,7586,4640,5645,3504,2141,153669,53738,99931,26318,10042,16276
B0103,18,310,District - Dibrugarh,Urban,Illiterate,44772,19896,24876,7112,4768,2344,1928,1001,927,664,367,297,35732,14127,21605,1781,447,1334
B0103,18,310,District - Dibrugarh,Urban,Literate,198958,106239,92719,70723,60043,10680,10298,6585,3713,4981,3137,1844,117937,39611,78326,24537,9595,14942
B0103,18,310,District - Dibrugarh,Urban,Literate but below matric/secondary,94592,48670,45922,25236,22502,2734,4869,3294,1575,2033,1413,620,64487,22874,41613,7630,2847,4783
B0103,18,310,District - Dibrugarh,Urban,Matric/secondary but below graduate,63757,34258,29499,23771,20533,3238,3294,2096,1198,1789,1113,676,36692,11629,25063,10669,4499,6170
B0103,18,310,District - Dibrugarh,Urban,Technical diploma or certificate not equal to degree,1600,1333,267,982,879,103,67,49,18,43,33,10,551,405,146,260,194,66
B0103,18,310,District - Dibrugarh,Urban,Graduate and above other than technical degree,29017,16225,12792,15569,12082,3487,1465,788,677,840,410,430,11983,3355,8628,4775,1560,3215
B0103,18,310,District - Dibrugarh,Urban,Technical degree or diploma equal to degree or post-graduate degree,3801,2607,1194,2590,1975,615,135,71,64,78,37,41,1076,561,515,491,247,244
B0103,18,311,District - Sivasagar,Total,Total,1151050,589216,561834,318950,237590,81360,166767,87481,79286,84349,49706,34643,665333,264145,401188,112451,42734,69717
B0103,18,311,District - Sivasagar,Total,Illiterate,337545,144449,193096,77625,39231,38394,37557,14198,23359,15657,6654,9003,222363,91020,131343,12007,2894,9113
B0103,18,311,District - Sivasagar,Total,Literate,813505,444767,368738,241325,198359,42966,129210,73283,55927,68692,43052,25640,442970,173125,269845,100444,39840,60604
B0103,18,311,District - Sivasagar,Total,Literate but below matric/secondary,503296,272284,231012,126321,105300,21021,77024,43873,33151,35704,23098,12606,299951,123111,176840,38103,14851,23252
B0103,18,311,District - Sivasagar,Total,Matric/secondary but below graduate,220111,120765,99346,74453,61486,12967,38007,21411,16596,24727,14902,9825,107651,37868,69783,46577,19093,27484
B0103,18,311,District - Sivasagar,Total,Technical diploma or certificate not equal to degree,2226,1923,303,1417,1284,133,151,118,33,108,86,22,658,521,137,370,294,76
B0103,18,311,District - Sivasagar,Total,Graduate and above other than technical degree,45429,26344,19085,22446,17043,5403,5380,3139,2241,4003,2344,1659,17603,6162,11441,10557,3772,6785
B0103,18,311,District - Sivasagar,Total,Technical degree or diploma equal to degree or post-graduate degree,2876,2087,789,1914,1560,354,140,91,49,79,54,25,822,436,386,438,236,202
B0103,18,311,District - Sivasagar,Rural,Total,1040954,531286,509668,282259,206567,75692,162652,84969,77683,82280,48389,33891,596043,239750,356293,99507,38258,61249
B0103,18,311,District - Sivasagar,Rural,Illiterate,317464,135014,182450,74231,36692,37539,36844,13833,23011,15336,6459,8877,206389,84489,121900,11329,2744,8585
B0103,18,311,District - Sivasagar,Rural,Literate,723490,396272,327218,208028,169875,38153,125808,71136,54672,66944,41930,25014,389654,155261,234393,88178,35514,52664
B0103,18,311,District - Sivasagar,Rural,Literate but below matric/secondary,460921,249617,211304,114265,94268,19997,75413,42722,32691,34992,22558,12434,271243,112627,158616,34960,13736,21224
B0103,18,311,District - Sivasagar,Rural,Matric/secondary but below graduate,190582,105447,85135,63218,51890,11328,36901,20776,16125,24080,14517,9563,90463,32781,57682,40598,16931,23667
B0103,18,311,District - Sivasagar,Rural,Technical diploma or certificate not equal to degree,1298,1076,222,730,632,98,124,99,25,92,73,19,444,345,99,287,230,57
B0103,18,311,District - Sivasagar,Rural,Graduate and above other than technical degree,33130,19603,13527,15678,11975,3703,4924,2923,2001,3728,2218,1510,12528,4705,7823,8103,3040,5063
B0103,18,311,District - Sivasagar,Rural,Technical degree or diploma equal to degree or post-graduate degree,1451,1032,419,863,697,166,104,72,32,54,40,14,484,263,221,268,141,127
B0103,18,311,District - Sivasagar,Urban,Total,110096,57930,52166,36691,31023,5668,4115,2512,1603,2069,1317,752,69290,24395,44895,12944,4476,8468
B0103,18,311,District - Sivasagar,Urban,Illiterate,20081,9435,10646,3394,2539,855,713,365,348,321,195,126,15974,6531,9443,678,150,528
B0103,18,311,District - Sivasagar,Urban,Literate,90015,48495,41520,33297,28484,4813,3402,2147,1255,1748,1122,626,53316,17864,35452,12266,4326,7940
B0103,18,311,District - Sivasagar,Urban,Literate but below matric/secondary,42375,22667,19708,12056,11032,1024,1611,1151,460,712,540,172,28708,10484,18224,3143,1115,2028
B0103,18,311,District - Sivasagar,Urban,Matric/secondary but below graduate,29529,15318,14211,11235,9596,1639,1106,635,471,647,385,262,17188,5087,12101,5979,2162,3817
B0103,18,311,District - Sivasagar,Urban,Technical diploma or certificate not equal to degree,928,847,81,687,652,35,27,19,8,16,13,3,214,176,38,83,64,19
B0103,18,311,District - Sivasagar,Urban,Graduate and above other than technical degree,12299,6741,5558,6768,5068,1700,456,216,240,275,126,149,5075,1457,3618,2454,732,1722
B0103,18,311,District - Sivasagar,Urban,Technical degree or diploma equal to degree or post-graduate degree,1425,1055,370,1051,863,188,36,19,17,25,14,11,338,173,165,170,95,75
B0103,18,312,District - Jorhat,Total,Total,1092256,556805,535451,338635,249021,89614,159983,71725,88258,72564,38794,33770,593638,236059,357579,106253,38794,67459
B0103,18,312,District - Jorhat,Total,Illiterate,297327,124470,172857,71046,35698,35348,35498,10936,24562,13144,5118,8026,190783,77836,112947,10892,2378,8514
B0103,18,312,District - Jorhat,Total,Literate,794929,432335,362594,267589,213323,54266,124485,60789,63696,59420,33676,25744,402855,158223,244632,95361,36416,58945
B0103,18,312,District - Jorhat,Total,Literate but below matric/secondary,461373,244610,216763,128859,102902,25957,69927,33551,36376,29027,16791,12236,262587,108157,154430,37352,13484,23868
B0103,18,312,District - Jorhat,Total,Matric/secondary but below graduate,213538,118542,94996,80965,65803,15162,35006,17624,17382,20124,11262,8862,97567,35115,62452,40550,16676,23874
B0103,18,312,District - Jorhat,Total,Technical diploma or certificate not equal to degree,3398,2854,544,1944,1700,244,285,223,62,190,149,41,1169,931,238,642,502,140
B0103,18,312,District - Jorhat,Total,Graduate and above other than technical degree,56511,32710,23801,29491,22524,6967,6932,3642,3290,4577,2376,2201,20088,6544,13544,10654,3452,7202
B0103,18,312,District - Jorhat,Total,Technical degree or diploma equal to degree or post-graduate degree,4955,3413,1542,3124,2410,714,337,173,164,184,93,91,1494,830,664,706,356,350
B0103,18,312,District - Jorhat,Rural,Total,871722,442968,428754,267445,191410,76035,142635,62188,80447,63884,33899,29985,461642,189370,272272,80078,30024,50054
B0103,18,312,District - Jorhat,Rural,Illiterate,256974,106270,150704,64006,31264,32742,33101,9824,23277,12098,4600,7498,159867,65182,94685,9306,2054,7252
B0103,18,312,District - Jorhat,Rural,Literate,614748,336698,278050,203439,160146,43293,109534,52364,57170,51786,29299,22487,301775,124188,177587,70772,27970,42802
B0103,18,312,District - Jorhat,Rural,Literate but below matric/secondary,376846,201013,175833,106067,83131,22936,63120,29518,33602,25875,14765,11110,207659,88364,119295,29690,10993,18697
B0103,18,312,District - Jorhat,Rural,Matric/secondary but below graduate,157039,89102,67937,60354,48359,11995,30150,14990,15160,17381,9769,7612,66535,25753,40782,29742,12663,17079
B0103,18,312,District - Jorhat,Rural,Technical diploma or certificate not equal to degree,1482,1248,234,809,721,88,160,124,36,113,89,24,513,403,110,323,252,71
B0103,18,312,District - Jorhat,Rural,Graduate and above other than technical degree,29811,17949,11862,15083,11758,3325,4958,2631,2327,3464,1869,1595,9770,3560,6210,6112,2220,3892
B0103,18,312,District - Jorhat,Rural,Technical degree or diploma equal to degree or post-graduate degree,1692,1172,520,951,755,196,159,81,78,89,46,43,582,336,246,264,142,122
B0103,18,312,District - Jorhat,Urban,Total,220534,113837,106697,71190,57611,13579,17348,9537,7811,8680,4895,3785,131996,46689,85307,26175,8770,17405
B0103,18,312,District - Jorhat,Urban,Illiterate,40353,18200,22153,7040,4434,2606,2397,1112,1285,1046,518,528,30916,12654,18262,1586,324,1262
B0103,18,312,District - Jorhat,Urban,Literate,180181,95637,84544,64150,53177,10973,14951,8425,6526,7634,4377,3257,101080,34035,67045,24589,8446,16143
B0103,18,312,District - Jorhat,Urban,Literate but below matric/secondary,84527,43597,40930,22792,19771,3021,6807,4033,2774,3152,2026,1126,54928,19793,35135,7662,2491,5171
B0103,18,312,District - Jorhat,Urban,Matric/secondary but below graduate,56499,29440,27059,20611,17444,3167,4856,2634,2222,2743,1493,1250,31032,9362,21670,10808,4013,6795
B0103,18,312,District - Jorhat,Urban,Technical diploma or certificate not equal to degree,1916,1606,310,1135,979,156,125,99,26,77,60,17,656,528,128,319,250,69
B0103,18,312,District - Jorhat,Urban,Graduate and above other than technical degree,26700,14761,11939,14408,10766,3642,1974,1011,963,1113,507,606,10318,2984,7334,4542,1232,3310
B0103,18,312,District - Jorhat,Urban,Technical degree or diploma equal to degree or post-graduate degree,3263,2241,1022,2173,1655,518,178,92,86,95,47,48,912,494,418,442,214,228
B0103,18,313,District - Golaghat,Total,Total,1066888,543161,523727,331210,247086,84124,148718,62018,86700,61184,32748,28436,586960,234057,352903,72457,27459,44998
B0103,18,313,District - Golaghat,Total,Illiterate,345124,146686,198438,89493,49431,40062,44763,12466,32297,16087,6084,10003,210868,84789,126079,9519,2086,7433
B0103,18,313,District - Golaghat,Total,Literate,721764,396475,325289,241717,197655,44062,103955,49552,54403,45097,26664,18433,376092,149268,226824,62938,25373,37565
B0103,18,313,District - Golaghat,Total,Literate but below matric/secondary,517949,280067,237882,155113,127616,27497,74702,34665,40037,29867,17590,12277,288134,117786,170348,31037,12013,19024
B0103,18,313,District - Golaghat,Total,Matric/secondary but below graduate,129494,73180,56314,49657,40970,8687,17998,9365,8633,9839,5946,3893,61839,22845,38994,22876,9921,12955
B0103,18,313,District - Golaghat,Total,Technical diploma or certificate not equal to degree,1145,968,177,744,652,92,70,65,5,47,46,1,331,251,80,167,130,37
B0103,18,313,District - Golaghat,Total,Graduate and above other than technical degree,31306,19110,12196,17285,13559,3726,3228,1888,1340,2099,1262,837,10793,3663,7130,5765,2106,3659
B0103,18,313,District - Golaghat,Total,Technical degree or diploma equal to degree or post-graduate degree,1851,1343,508,1267,1031,236,84,59,25,48,34,14,500,253,247,225,111,114
B0103,18,313,District - Golaghat,Rural,Total,969152,493125,476027,300433,221459,78974,143923,58894,85029,59444,31667,27777,524796,212772,312024,63394,24183,39211
B0103,18,313,District - Golaghat,Rural,Illiterate,328174,139086,189088,87354,47880,39474,44166,12101,32065,15990,6021,9969,196654,79105,117549,9138,2007,7131
B0103,18,313,District - Golaghat,Rural,Literate,640978,354039,286939,213079,173579,39500,99757,46793,52964,43454,25646,17808,328142,133667,194475,54256,22176,32080
B0103,18,313,District - Golaghat,Rural,Literate but below matric/secondary,476607,258917,217690,143812,117628,26184,72690,33215,39475,29285,17166,12119,260105,108074,152031,28349,11034,17315
B0103,18,313,District - Golaghat,Rural,Matric/secondary but below graduate,106631,61396,45235,41244,33907,7337,16797,8679,8118,9185,5583,3602,48590,18810,29780,19136,8436,10700
B0103,18,313,District - Golaghat,Rural,Technical diploma or certificate not equal to degree,596,508,88,339,299,40,55,51,4,38,37,1,202,158,44,113,93,20
B0103,18,313,District - Golaghat,Rural,Graduate and above other than technical degree,20734,13079,7655,11292,8972,2320,2647,1550,1097,1800,1104,696,6795,2557,4238,4074,1586,2488
B0103,18,313,District - Golaghat,Rural,Technical degree or diploma equal to degree or post-graduate degree,770,557,213,459,375,84,51,38,13,30,23,7,260,144,116,109,67,42
B0103,18,313,District - Golaghat,Urban,Total,97736,50036,47700,30777,25627,5150,4795,3124,1671,1740,1081,659,62164,21285,40879,9063,3276,5787
B0103,18,313,District - Golaghat,Urban,Illiterate,16950,7600,9350,2139,1551,588,597,365,232,97,63,34,14214,5684,8530,381,79,302
B0103,18,313,District - Golaghat,Urban,Literate,80786,42436,38350,28638,24076,4562,4198,2759,1439,1643,1018,625,47950,15601,32349,8682,3197,5485
B0103,18,313,District - Golaghat,Urban,Literate but below matric/secondary,41342,21150,20192,11301,9988,1313,2012,1450,562,582,424,158,28029,9712,18317,2688,979,1709
B0103,18,313,District - Golaghat,Urban,Matric/secondary but below graduate,22863,11784,11079,8413,7063,1350,1201,686,515,654,363,291,13249,4035,9214,3740,1485,2255
B0103,18,313,District - Golaghat,Urban,Technical diploma or certificate not equal to degree,549,460,89,405,353,52,15,14,1,9,9,0,129,93,36,54,37,17
B0103,18,313,District - Golaghat,Urban,Graduate and above other than technical degree,10572,6031,4541,5993,4587,1406,581,338,243,299,158,141,3998,1106,2892,1691,520,1171
B0103,18,313,District - Golaghat,Urban,Technical degree or diploma equal to degree or post-graduate degree,1081,786,295,808,656,152,33,21,12,18,11,7,240,109,131,116,44,72
B0103,18,314,District - Karbi Anglong,Total,Total,956313,490167,466146,260482,200965,59517,122959,45228,77731,41567,21568,19999,572872,243974,328898,55924,23590,32334
B0103,18,314,District - Karbi Anglong,Total,Illiterate,399099,175914,223185,94222,62738,31484,53127,12386,40741,13517,4901,8616,251750,100790,150960,9513,2101,7412
B0103,18,314,District - Karbi Anglong,Total,Literate,557214,314253,242961,166260,138227,28033,69832,32842,36990,28050,16667,11383,321122,143184,177938,46411,21489,24922
B0103,18,314,District - Karbi Anglong,Total,Literate but below matric/secondary,418874,229191,189683,110254,91837,18417,51773,23081,28692,18924,10832,8092,256847,114273,142574,24689,10487,14202
B0103,18,314,District - Karbi Anglong,Total,Matric/secondary but below graduate,98364,60374,37990,36040,30238,5802,12281,6953,5328,6756,4351,2405,50043,23183,26860,17122,8792,8330
B0103,18,314,District - Karbi Anglong,Total,Technical diploma or certificate not equal to degree,797,602,195,389,333,56,57,40,17,33,24,9,351,229,122,198,134,64
B0103,18,314,District - Karbi Anglong,Total,Graduate and above other than technical degree,13499,9112,4387,7803,6194,1609,1118,755,363,744,526,218,4578,2163,2415,2555,1306,1249
B0103,18,314,District - Karbi Anglong,Total,Technical degree or diploma equal to degree or post-graduate degree,1444,1023,421,881,699,182,130,63,67,75,37,38,433,261,172,263,160,103
B0103,18,314,District - Karbi Anglong,Rural,Total,843347,431924,411423,229106,175302,53804,117267,41969,75298,38744,19721,19023,496974,214653,282321,43675,18631,25044
B0103,18,314,District - Karbi Anglong,Rural,Illiterate,373237,164710,208527,90475,60096,30379,51907,11901,40006,13007,4647,8360,230855,92713,138142,8557,1928,6629
B0103,18,314,District - Karbi Anglong,Rural,Literate,470110,267214,202896,138631,115206,23425,65360,30068,35292,25737,15074,10663,266119,121940,144179,35118,16703,18415
B0103,18,314,District - Karbi Anglong,Rural,Literate but below matric/secondary,366686,202297,164389,97078,80403,16675,49243,21535,27708,17728,9982,7746,220365,100359,120006,20380,8899,11481
B0103,18,314,District - Karbi Anglong,Rural,Matric/secondary but below graduate,73900,46477,27423,27247,23006,4241,10959,6104,4855,5989,3836,2153,35694,17367,18327,12000,6407,5593
B0103,18,314,District - Karbi Anglong,Rural,Technical diploma or certificate not equal to degree,405,305,100,172,145,27,45,32,13,23,18,5,188,128,60,101,72,29
B0103,18,314,District - Karbi Anglong,Rural,Graduate and above other than technical degree,7599,5430,2169,4250,3530,720,814,564,250,548,403,145,2535,1336,1199,1392,793,599
B0103,18,314,District - Karbi Anglong,Rural,Technical degree or diploma equal to degree or post-graduate degree,761,565,196,439,374,65,107,55,52,63,33,30,215,136,79,118,81,37
B0103,18,314,District - Karbi Anglong,Urban,Total,112966,58243,54723,31376,25663,5713,5692,3259,2433,2823,1847,976,75898,29321,46577,12249,4959,7290
B0103,18,314,District - Karbi Anglong,Urban,Illiterate,25862,11204,14658,3747,2642,1105,1220,485,735,510,254,256,20895,8077,12818,956,173,783
B0103,18,314,District - Karbi Anglong,Urban,Literate,87104,47039,40065,27629,23021,4608,4472,2774,1698,2313,1593,720,55003,21244,33759,11293,4786,6507
B0103,18,314,District - Karbi Anglong,Urban,Literate but below matric/secondary,52188,26894,25294,13176,11434,1742,2530,1546,984,1196,850,346,36482,13914,22568,4309,1588,2721
B0103,18,314,District - Karbi Anglong,Urban,Matric/secondary but below graduate,24464,13897,10567,8793,7232,1561,1322,849,473,767,515,252,14349,5816,8533,5122,2385,2737
B0103,18,314,District - Karbi Anglong,Urban,Technical diploma or certificate not equal to degree,392,297,95,217,188,29,12,8,4,10,6,4,163,101,62,97,62,35
B0103,18,314,District - Karbi Anglong,Urban,Graduate and above other than technical degree,5900,3682,2218,3553,2664,889,304,191,113,196,123,73,2043,827,1216,1163,513,650
B0103,18,314,District - Karbi Anglong,Urban,Technical degree or diploma equal to degree or post-graduate degree,683,458,225,442,325,117,23,8,15,12,4,8,218,125,93,145,79,66
B0103,18,315,District - Dima Hasao,Total,Total,214102,110802,103300,68297,49811,18486,16731,6512,10219,6380,3127,3253,129074,54479,74595,15780,6365,9415
B0103,18,315,District - Dima Hasao,Total,Illiterate,73229,32243,40986,18471,10698,7773,6182,1467,4715,1529,479,1050,48576,20078,28498,1738,352,1386
B0103,18,315,District - Dima Hasao,Total,Literate,140873,78559,62314,49826,39113,10713,10549,5045,5504,4851,2648,2203,80498,34401,46097,14042,6013,8029
B0103,18,315,District - Dima Hasao,Total,Literate but below matric/secondary,97905,52649,45256,28803,22623,6180,7278,3326,3952,3065,1584,1481,61824,26700,35124,6873,2799,4074
B0103,18,315,District - Dima Hasao,Total,Matric/secondary but below graduate,32625,19503,13122,15118,12003,3115,2455,1284,1171,1438,843,595,15052,6216,8836,5821,2581,3240
B0103,18,315,District - Dima Hasao,Total,Technical diploma or certificate not equal to degree,410,296,114,219,182,37,15,7,8,12,4,8,176,107,69,86,59,27
B0103,18,315,District - Dima Hasao,Total,Graduate and above other than technical degree,5064,3197,1867,3099,2304,795,253,162,91,172,115,57,1712,731,981,890,399,491
B0103,18,315,District - Dima Hasao,Total,Technical degree or diploma equal to degree or post-graduate degree,487,345,142,340,263,77,13,10,3,8,7,1,134,72,62,76,47,29
B0103,18,315,District - Dima Hasao,Rural,Total,151613,77817,73796,48073,33599,14474,14667,5527,9140,5081,2514,2567,88873,38691,50182,8913,3736,5177
B0103,18,315,District - Dima Hasao,Rural,Illiterate,61604,27159,34445,17270,9925,7345,5926,1366,4560,1410,427,983,38408,15868,22540,1381,278,1103
B0103,18,315,District - Dima Hasao,Rural,Literate,90009,50658,39351,30803,23674,7129,8741,4161,4580,3671,2087,1584,50465,22823,27642,7532,3458,4074
B0103,18,315,District - Dima Hasao,Rural,Literate but below matric/secondary,69661,37964,31697,21079,15954,5125,6363,2914,3449,2493,1342,1151,42219,19096,23123,4431,1959,2472
B0103,18,315,District - Dima Hasao,Rural,Matric/secondary but below graduate,15836,9809,6027,7307,5844,1463,1794,939,855,991,617,374,6735,3026,3709,2687,1263,1424
B0103,18,315,District - Dima Hasao,Rural,Technical diploma or certificate not equal to degree,118,83,35,55,46,9,8,4,4,6,2,4,55,33,22,23,19,4
B0103,18,315,District - Dima Hasao,Rural,Graduate and above other than technical degree,1131,830,301,699,573,126,87,62,25,52,39,13,345,195,150,187,107,80
B0103,18,315,District - Dima Hasao,Rural,Technical degree or diploma equal to degree or post-graduate degree,96,81,15,59,51,8,6,6,0,6,6,0,31,24,7,18,17,1
B0103,18,315,District - Dima Hasao,Urban,Total,62489,32985,29504,20224,16212,4012,2064,985,1079,1299,613,686,40201,15788,24413,6867,2629,4238
B0103,18,315,District - Dima Hasao,Urban,Illiterate,11625,5084,6541,1201,773,428,256,101,155,119,52,67,10168,4210,5958,357,74,283
B0103,18,315,District - Dima Hasao,Urban,Literate,50864,27901,22963,19023,15439,3584,1808,884,924,1180,561,619,30033,11578,18455,6510,2555,3955
B0103,18,315,District - Dima Hasao,Urban,Literate but below matric/secondary,28244,14685,13559,7724,6669,1055,915,412,503,572,242,330,19605,7604,12001,2442,840,1602
B0103,18,315,District - Dima Hasao,Urban,Matric/secondary but below graduate,16789,9694,7095,7811,6159,1652,661,345,316,447,226,221,8317,3190,5127,3134,1318,1816
B0103,18,315,District - Dima Hasao,Urban,Technical diploma or certificate not equal to degree,292,213,79,164,136,28,7,3,4,6,2,4,121,74,47,63,40,23
B0103,18,315,District - Dima Hasao,Urban,Graduate and above other than technical degree,3933,2367,1566,2400,1731,669,166,100,66,120,76,44,1367,536,831,703,292,411
B0103,18,315,District - Dima Hasao,Urban,Technical degree or diploma equal to degree or post-graduate degree,391,264,127,281,212,69,7,4,3,2,1,1,103,48,55,58,30,28
B0103,18,316,District - Cachar,Total,Total,1736617,886284,850333,471259,395681,75578,136803,74071,62732,80315,49857,30458,1128555,416532,712023,185227,64560,120667
B0103,18,316,District - Cachar,Total,Illiterate,562489,246338,316151,104239,71153,33086,38609,14646,23963,20947,9595,11352,419641,160539,259102,29180,5655,23525
B0103,18,316,District - Cachar,Total,Literate,1174128,639946,534182,367020,324528,42492,98194,59425,38769,59368,40262,19106,708914,255993,452921,156047,58905,97142
B0103,18,316,District - Cachar,Total,Literate but below matric/secondary,820007,442918,377089,227589,204419,23170,68497,42198,26299,40741,28413,12328,523921,196301,327620,85600,31297,54303
B0103,18,316,District - Cachar,Total,Matric/secondary but below graduate,223501,124238,99263,81944,71654,10290,18117,10392,7725,11631,7313,4318,123440,42192,81248,50338,20779,29559
B0103,18,316,District - Cachar,Total,Technical diploma or certificate not equal to degree,2459,2114,345,1451,1337,114,119,87,32,69,52,17,889,690,199,393,287,106
B0103,18,316,District - Cachar,Total,Graduate and above other than technical degree,43665,26479,17186,23400,18887,4513,2532,1447,1085,1583,906,677,17733,6145,11588,8003,2823,5180
B0103,18,316,District - Cachar,Total,Technical degree or diploma equal to degree or post-graduate degree,4493,3116,1377,2731,2153,578,199,126,73,122,83,39,1563,837,726,741,389,352
B0103,18,316,District - Cachar,Rural,Total,1421153,727083,694070,376658,315382,61276,124947,66876,58071,73493,45732,27761,919548,344825,574723,143554,50335,93219
B0103,18,316,District - Cachar,Rural,Illiterate,497417,217462,279955,94490,63950,30540,36683,13775,22908,19884,9105,10779,366244,139737,226507,25758,4943,20815
B0103,18,316,District - Cachar,Rural,Literate,923736,509621,414115,282168,251432,30736,88264,53101,35163,53609,36627,16982,553304,205088,348216,117796,45392,72404
B0103,18,316,District - Cachar,Rural,Literate but below matric/secondary,681612,372418,309194,188749,169525,19224,63108,38558,24550,37729,26359,11370,429755,164335,265420,69495,25801,43694
B0103,18,316,District - Cachar,Rural,Matric/secondary but below graduate,152905,87780,65125,56511,49834,6677,15279,8717,6562,9871,6297,3574,81115,29229,51886,35060,15001,20059
B0103,18,316,District - Cachar,Rural,Technical diploma or certificate not equal to degree,907,735,172,482,431,51,78,56,22,49,39,10,347,248,99,190,138,52
B0103,18,316,District - Cachar,Rural,Graduate and above other than technical degree,18335,12126,6209,10036,8544,1492,1597,931,666,1040,629,411,6702,2651,4051,3602,1496,2106
B0103,18,316,District - Cachar,Rural,Technical degree or diploma equal to degree or post-graduate degree,1322,946,376,824,682,142,63,37,26,34,21,13,435,227,208,210,121,89
B0103,18,316,District - Cachar,Urban,Total,315464,159201,156263,94601,80299,14302,11856,7195,4661,6822,4125,2697,209007,71707,137300,41673,14225,27448
B0103,18,316,District - Cachar,Urban,Illiterate,65072,28876,36196,9749,7203,2546,1926,871,1055,1063,490,573,53397,20802,32595,3422,712,2710
B0103,18,316,District - Cachar,Urban,Literate,250392,130325,120067,84852,73096,11756,9930,6324,3606,5759,3635,2124,155610,50905,104705,38251,13513,24738
B0103,18,316,District - Cachar,Urban,Literate but below matric/secondary,138395,70500,67895,38840,34894,3946,5389,3640,1749,3012,2054,958,94166,31966,62200,16105,5496,10609
B0103,18,316,District - Cachar,Urban,Matric/secondary but below graduate,70596,36458,34138,25433,21820,3613,2838,1675,1163,1760,1016,744,42325,12963,29362,15278,5778,9500
B0103,18,316,District - Cachar,Urban,Technical diploma or certificate not equal to degree,1552,1379,173,969,906,63,41,31,10,20,13,7,542,442,100,203,149,54
B0103,18,316,District - Cachar,Urban,Graduate and above other than technical degree,25330,14353,10977,13364,10343,3021,935,516,419,543,277,266,11031,3494,7537,4401,1327,3074
B0103,18,316,District - Cachar,Urban,Technical degree or diploma equal to degree or post-graduate degree,3171,2170,1001,1907,1471,436,136,89,47,88,62,26,1128,610,518,531,268,263
B0103,18,317,District - Karimganj,Total,Total,1228686,625864,602822,293392,256238,37154,105779,63560,42219,61213,43605,17608,829515,306066,523449,116089,40527,75562
B0103,18,317,District - Karimganj,Total,Illiterate,433389,189922,243467,64132,48102,16030,28119,12028,16091,14308,8091,6217,341138,129792,211346,20008,3603,16405
B0103,18,317,District - Karimganj,Total,Literate,795297,435942,359355,229260,208136,21124,77660,51532,26128,46905,35514,11391,488377,176274,312103,96081,36924,59157
B0103,18,317,District - Karimganj,Total,Literate but below matric/secondary,610876,329959,280917,157573,145113,12460,59210,39746,19464,35477,27427,8050,394093,145100,248993,61584,22707,38877
B0103,18,317,District - Karimganj,Total,Matric/secondary but below graduate,106791,60573,46218,38646,34092,4554,9238,5933,3305,6042,4227,1815,58907,20548,38359,23577,10098,13479
B0103,18,317,District - Karimganj,Total,Technical diploma or certificate not equal to degree,640,571,69,381,358,23,33,29,4,21,18,3,226,184,42,107,87,20
B0103,18,317,District - Karimganj,Total,Graduate and above other than technical degree,20079,13230,6849,11012,9241,1771,1484,1032,452,999,691,308,7583,2957,4626,3870,1586,2284
B0103,18,317,District - Karimganj,Total,Technical degree or diploma equal to degree or post-graduate degree,1661,1196,465,1009,830,179,109,73,36,52,35,17,543,293,250,300,172,128
B0103,18,317,District - Karimganj,Rural,Total,1118986,570510,548476,262265,229659,32606,100662,60125,40537,58056,41545,16511,756059,280726,475333,100273,34532,65741
B0103,18,317,District - Karimganj,Rural,Illiterate,414726,181664,233062,62297,46828,15469,27741,11808,15933,14108,7971,6137,324688,123028,201660,19249,3398,15851
B0103,18,317,District - Karimganj,Rural,Literate,704260,388846,315414,199968,182831,17137,72921,48317,24604,43948,33574,10374,431371,157698,273673,81024,31134,49890
B0103,18,317,District - Karimganj,Rural,Literate but below matric/secondary,561724,305511,256213,145301,134071,11230,56706,37902,18804,33942,26297,7645,359717,133538,226179,55348,20279,35069
B0103,18,317,District - Karimganj,Rural,Matric/secondary but below graduate,81364,47273,34091,29565,26288,3277,7959,5164,2795,5162,3720,1442,43840,15821,28019,17642,7725,9917
B0103,18,317,District - Karimganj,Rural,Technical diploma or certificate not equal to degree,313,278,35,177,168,9,21,19,2,14,13,1,115,91,24,64,51,13
B0103,18,317,District - Karimganj,Rural,Graduate and above other than technical degree,11947,8475,3472,6587,5769,818,1093,812,281,744,566,178,4267,1894,2373,2313,1083,1230
B0103,18,317,District - Karimganj,Rural,Technical degree or diploma equal to degree or post-graduate degree,947,698,249,589,487,102,67,45,22,30,22,8,291,166,125,158,106,52
B0103,18,317,District - Karimganj,Urban,Total,109700,55354,54346,31127,26579,4548,5117,3435,1682,3157,2060,1097,73456,25340,48116,15816,5995,9821
B0103,18,317,District - Karimganj,Urban,Illiterate,18663,8258,10405,1835,1274,561,378,220,158,200,120,80,16450,6764,9686,759,205,554
B0103,18,317,District - Karimganj,Urban,Literate,91037,47096,43941,29292,25305,3987,4739,3215,1524,2957,1940,1017,57006,18576,38430,15057,5790,9267
B0103,18,317,District - Karimganj,Urban,Literate but below matric/secondary,49152,24448,24704,12272,11042,1230,2504,1844,660,1535,1130,405,34376,11562,22814,6236,2428,3808
B0103,18,317,District - Karimganj,Urban,Matric/secondary but below graduate,25427,13300,12127,9081,7804,1277,1279,769,510,880,507,373,15067,4727,10340,5935,2373,3562
B0103,18,317,District - Karimganj,Urban,Technical diploma or certificate not equal to degree,327,293,34,204,190,14,12,10,2,7,5,2,111,93,18,43,36,7
B0103,18,317,District - Karimganj,Urban,Graduate and above other than technical degree,8132,4755,3377,4425,3472,953,391,220,171,255,125,130,3316,1063,2253,1557,503,1054
B0103,18,317,District - Karimganj,Urban,Technical degree or diploma equal to degree or post-graduate degree,714,498,216,420,343,77,42,28,14,22,13,9,252,127,125,142,66,76
B0103,18,318,District - Hailakandi,Total,Total,659296,337890,321406,165193,141385,23808,49047,29407,19640,27643,19551,8092,445056,167098,277958,65745,22504,43241
B0103,18,318,District - Hailakandi,Total,Illiterate,251930,111054,140876,45564,33364,12200,14501,6400,8101,6723,3769,2954,191865,71290,120575,12932,2281,10651
B0103,18,318,District - Hailakandi,Total,Literate,407366,226836,180530,119629,108021,11608,34546,23007,11539,20920,15782,5138,253191,95808,157383,52813,20223,32590
B0103,18,318,District - Hailakandi,Total,Literate but below matric/secondary,306468,167117,139351,79332,72606,6726,24637,16519,8118,14386,11001,3385,202499,77992,124507,31282,11530,19752
B0103,18,318,District - Hailakandi,Total,Matric/secondary but below graduate,70141,40947,29194,26337,23208,3129,6956,4496,2460,4697,3394,1303,36848,13243,23605,16690,6817,9873
B0103,18,318,District - Hailakandi,Total,Technical diploma or certificate not equal to degree,429,372,57,270,253,17,30,21,9,25,19,6,129,98,31,62,46,16
B0103,18,318,District - Hailakandi,Total,Graduate and above other than technical degree,10636,7223,3413,5827,4986,841,912,611,301,633,449,184,3897,1626,2271,2224,962,1262
B0103,18,318,District - Hailakandi,Total,Technical degree or diploma equal to degree or post-graduate degree,1112,783,329,630,547,83,70,51,19,47,39,8,412,185,227,172,96,76
B0103,18,318,District - Hailakandi,Rural,Total,611156,313747,297409,151842,130026,21816,46451,28166,18285,26102,18660,7442,412863,155555,257308,57103,19180,37923
B0103,18,318,District - Hailakandi,Rural,Illiterate,244194,107658,136536,44811,32812,11999,14251,6315,7936,6612,3710,2902,185132,68531,116601,12424,2156,10268
B0103,18,318,District - Hailakandi,Rural,Literate,366962,206089,160873,107031,97214,9817,32200,21851,10349,19490,14950,4540,227731,87024,140707,44679,17024,27655
B0103,18,318,District - Hailakandi,Rural,Literate but below matric/secondary,286243,157369,128874,74666,68408,6258,23639,16036,7603,13867,10664,3203,187938,72925,115013,28246,10402,17844
B0103,18,318,District - Hailakandi,Rural,Matric/secondary but below graduate,56272,33632,22640,21439,19105,2334,6036,4040,1996,4063,3039,1024,28797,10487,18310,12892,5250,7642
B0103,18,318,District - Hailakandi,Rural,Technical diploma or certificate not equal to degree,191,156,35,114,103,11,17,12,5,14,11,3,60,41,19,28,22,6
B0103,18,318,District - Hailakandi,Rural,Graduate and above other than technical degree,6701,4861,1840,3794,3344,450,633,482,151,451,366,85,2274,1035,1239,1369,630,739
B0103,18,318,District - Hailakandi,Rural,Technical degree or diploma equal to degree or post-graduate degree,635,431,204,353,312,41,47,33,14,32,26,6,235,86,149,77,37,40
B0103,18,318,District - Hailakandi,Urban,Total,48140,24143,23997,13351,11359,1992,2596,1241,1355,1541,891,650,32193,11543,20650,8642,3324,5318
B0103,18,318,District - Hailakandi,Urban,Illiterate,7736,3396,4340,753,552,201,250,85,165,111,59,52,6733,2759,3974,508,125,383
B0103,18,318,District - Hailakandi,Urban,Literate,40404,20747,19657,12598,10807,1791,2346,1156,1190,1430,832,598,25460,8784,16676,8134,3199,4935
B0103,18,318,District - Hailakandi,Urban,Literate but below matric/secondary,20225,9748,10477,4666,4198,468,998,483,515,519,337,182,14561,5067,9494,3036,1128,1908
B0103,18,318,District - Hailakandi,Urban,Matric/secondary but below graduate,13869,7315,6554,4898,4103,795,920,456,464,634,355,279,8051,2756,5295,3798,1567,2231
B0103,18,318,District - Hailakandi,Urban,Technical diploma or certificate not equal to degree,238,216,22,156,150,6,13,9,4,11,8,3,69,57,12,34,24,10
B0103,18,318,District - Hailakandi,Urban,Graduate and above other than technical degree,3935,2362,1573,2033,1642,391,279,129,150,182,83,99,1623,591,1032,855,332,523
B0103,18,318,District - Hailakandi,Urban,Technical degree or diploma equal to degree or post-graduate degree,477,352,125,277,235,42,23,18,5,15,13,2,177,99,78,95,59,36
B0103,18,319,District - Bongaigaon,Total,Total,738804,375818,362986,191671,167483,24188,64135,30059,34076,31576,19353,12223,482998,178276,304722,59049,21785,37264
B0103,18,319,District - Bongaigaon,Total,Illiterate,304726,138704,166022,64882,54472,10410,24360,8343,16017,10306,5057,5249,215484,75889,139595,12045,1981,10064
B0103,18,319,District - Bongaigaon,Total,Literate,434078,237114,196964,126789,113011,13778,39775,21716,18059,21270,14296,6974,267514,102387,165127,47004,19804,27200
B0103,18,319,District - Bongaigaon,Total,Literate but below matric/secondary,316265,167161,149104,78665,71174,7491,29234,15369,13865,14494,9608,4886,208366,80618,127748,24398,9331,15067
B0103,18,319,District - Bongaigaon,Total,Matric/secondary but below graduate,79252,46484,32768,29015,25602,3413,7090,4425,2665,4746,3328,1418,43147,16457,26690,16829,8079,8750
B0103,18,319,District - Bongaigaon,Total,Technical diploma or certificate not equal to degree,1109,1017,92,737,709,28,35,31,4,27,24,3,337,277,60,180,158,22
B0103,18,319,District - Bongaigaon,Total,Graduate and above other than technical degree,18458,11764,6694,10519,8773,1746,1039,702,337,752,527,225,6900,2289,4611,3406,1377,2029
B0103,18,319,District - Bongaigaon,Total,Technical degree or diploma equal to degree or post-graduate degree,1885,1365,520,1199,989,210,77,40,37,53,27,26,609,336,273,318,182,136
B0103,18,319,District - Bongaigaon,Rural,Total,628994,319786,309208,158430,138873,19557,60057,27609,32448,29476,17994,11482,410507,153304,257203,47656,16856,30800
B0103,18,319,District - Bongaigaon,Rural,Illiterate,281125,128628,152497,60851,51513,9338,23544,7990,15554,9939,4858,5081,196730,69125,127605,11334,1811,9523
B0103,18,319,District - Bongaigaon,Rural,Literate,347869,191158,156711,97579,87360,10219,36513,19619,16894,19537,13136,6401,213777,84179,129598,36322,15045,21277
B0103,18,319,District - Bongaigaon,Rural,Literate but below matric/secondary,271651,144445,127206,67176,60720,6456,27542,14238,13304,13678,9017,4661,176933,69487,107446,21025,7811,13214
B0103,18,319,District - Bongaigaon,Rural,Matric/secondary but below graduate,53385,32693,20692,19791,17474,2317,6068,3767,2301,4132,2929,1203,27526,11452,16074,12032,5887,6145
B0103,18,319,District - Bongaigaon,Rural,Technical diploma or certificate not equal to degree,227,207,20,118,110,8,11,9,2,10,8,2,98,88,10,63,59,4
B0103,18,319,District - Bongaigaon,Rural,Graduate and above other than technical degree,7860,5600,2260,4734,4038,696,698,518,180,563,431,132,2428,1044,1384,1540,699,841
B0103,18,319,District - Bongaigaon,Rural,Technical degree or diploma equal to degree or post-graduate degree,415,308,107,260,227,33,32,19,13,24,15,9,123,62,61,68,37,31
B0103,18,319,District - Bongaigaon,Urban,Total,109810,56032,53778,33241,28610,4631,4078,2450,1628,2100,1359,741,72491,24972,47519,11393,4929,6464
B0103,18,319,District - Bongaigaon,Urban,Illiterate,23601,10076,13525,4031,2959,1072,816,353,463,367,199,168,18754,6764,11990,711,170,541
B0103,18,319,District - Bongaigaon,Urban,Literate,86209,45956,40253,29210,25651,3559,3262,2097,1165,1733,1160,573,53737,18208,35529,10682,4759,5923
B0103,18,319,District - Bongaigaon,Urban,Literate but below matric/secondary,44614,22716,21898,11489,10454,1035,1692,1131,561,816,591,225,31433,11131,20302,3373,1520,1853
B0103,18,319,District - Bongaigaon,Urban,Matric/secondary but below graduate,25867,13791,12076,9224,8128,1096,1022,658,364,614,399,215,15621,5005,10616,4797,2192,2605
B0103,18,319,District - Bongaigaon,Urban,Technical diploma or certificate not equal to degree,882,810,72,619,599,20,24,22,2,17,16,1,239,189,50,117,99,18
B0103,18,319,District - Bongaigaon,Urban,Graduate and above other than technical degree,10598,6164,4434,5785,4735,1050,341,184,157,189,96,93,4472,1245,3227,1866,678,1188
B0103,18,319,District - Bongaigaon,Urban,Technical degree or diploma equal to degree or post-graduate degree,1470,1057,413,939,762,177,45,21,24,29,12,17,486,274,212,250,145,105
B0103,18,320,District - Chirang,Total,Total,482162,244860,237302,139027,106201,32826,54867,22561,32306,19834,11054,8780,288268,116098,172170,27683,11415,16268
B0103,18,320,District - Chirang,Total,Illiterate,222260,98991,123269,60128,40538,19590,26862,7872,18990,8158,3510,4648,135270,50581,84689,6095,1308,4787
B0103,18,320,District - Chirang,Total,Literate,259902,145869,114033,78899,65663,13236,28005,14689,13316,11676,7544,4132,152998,65517,87481,21588,10107,11481
B0103,18,320,District - Chirang,Total,Literate but below matric/secondary,188696,102625,86071,48693,40891,7802,19518,10034,9484,7562,4866,2696,120485,51700,68785,11231,4883,6348
B0103,18,320,District - Chirang,Total,Matric/secondary but below graduate,50765,30697,20068,20036,16481,3555,5889,3286,2603,2986,1949,1037,24840,10930,13910,8401,4329,4072
B0103,18,320,District - Chirang,Total,Technical diploma or certificate not equal to degree,187,137,50,104,81,23,16,11,5,12,7,5,67,45,22,30,24,6
B0103,18,320,District - Chirang,Total,Graduate and above other than technical degree,5833,4102,1731,3468,2909,559,507,327,180,328,217,111,1858,866,992,985,475,510
B0103,18,320,District - Chirang,Total,Technical degree or diploma equal to degree or post-graduate degree,503,369,134,300,251,49,49,31,18,34,25,9,154,87,67,73,44,29
B0103,18,320,District - Chirang,Rural,Total,446825,226895,219930,129239,97522,31717,52752,21119,31633,18710,10268,8442,264834,108254,156580,24238,10107,14131
B0103,18,320,District - Chirang,Rural,Illiterate,212362,94793,117569,58542,39320,19222,26274,7540,18734,7864,3338,4526,127546,47933,79613,5678,1217,4461
B0103,18,320,District - Chirang,Rural,Literate,234463,132102,102361,70697,58202,12495,26478,13579,12899,10846,6930,3916,137288,60321,76967,18560,8890,9670
B0103,18,320,District - Chirang,Rural,Literate but below matric/secondary,172185,93984,78201,44225,36714,7511,18475,9257,9218,7047,4469,2578,109485,48013,61472,9935,4370,5565
B0103,18,320,District - Chirang,Rural,Matric/secondary but below graduate,44383,27129,17254,17626,14322,3304,5569,3057,2512,2776,1799,977,21188,9750,11438,7122,3792,3330
B0103,18,320,District - Chirang,Rural,Technical diploma or certificate not equal to degree,153,110,43,86,63,23,16,11,5,12,7,5,51,36,15,23,19,4
B0103,18,320,District - Chirang,Rural,Graduate and above other than technical degree,4187,3064,1123,2519,2120,399,422,277,145,265,181,84,1246,667,579,642,351,291
B0103,18,320,District - Chirang,Rural,Technical degree or diploma equal to degree or post-graduate degree,369,267,102,223,182,41,40,22,18,27,18,9,106,63,43,45,32,13
B0103,18,320,District - Chirang,Urban,Total,35337,17965,17372,9788,8679,1109,2115,1442,673,1124,786,338,23434,7844,15590,3445,1308,2137
B0103,18,320,District - Chirang,Urban,Illiterate,9898,4198,5700,1586,1218,368,588,332,256,294,172,122,7724,2648,5076,417,91,326
B0103,18,320,District - Chirang,Urban,Literate,25439,13767,11672,8202,7461,741,1527,1110,417,830,614,216,15710,5196,10514,3028,1217,1811
B0103,18,320,District - Chirang,Urban,Literate but below matric/secondary,16511,8641,7870,4468,4177,291,1043,777,266,515,397,118,11000,3687,7313,1296,513,783
B0103,18,320,District - Chirang,Urban,Matric/secondary but below graduate,6382,3568,2814,2410,2159,251,320,229,91,210,150,60,3652,1180,2472,1279,537,742
B0103,18,320,District - Chirang,Urban,Technical diploma or certificate not equal to degree,34,27,7,18,18,0,0,0,0,0,0,0,16,9,7,7,5,2
B0103,18,320,District - Chirang,Urban,Graduate and above other than technical degree,1646,1038,608,949,789,160,85,50,35,63,36,27,612,199,413,343,124,219
B0103,18,320,District - Chirang,Urban,Technical degree or diploma equal to degree or post-graduate degree,134,102,32,77,69,8,9,9,0,7,7,0,48,24,24,28,12,16
B0103,18,321,District - Kamrup,Total,Total,1517542,778461,739081,421244,346863,74381,207710,81629,126081,91731,47848,43883,888588,349969,538619,147891,59706,88185
B0103,18,321,District - Kamrup,Total,Illiterate,522223,228242,293981,111237,83806,27431,68727,15600,53127,24290,7789,16501,342259,128836,213423,17898,3244,14654
B0103,18,321,District - Kamrup,Total,Literate,995319,550219,445100,310007,263057,46950,138983,66029,72954,67441,40059,27382,546329,221133,325196,129993,56462,73531
B0103,18,321,District - Kamrup,Total,Literate but below matric/secondary,645233,341771,303462,172289,145766,26523,87742,38672,49070,37411,21477,15934,385202,157333,227869,53500,21151,32349
B0103,18,321,District - Kamrup,Total,Matric/secondary but below graduate,249690,146594,103096,89524,76895,12629,35606,19332,16274,21708,13492,8216,124560,50367,74193,60484,28450,32034
B0103,18,321,District - Kamrup,Total,Technical diploma or certificate not equal to degree,1614,1336,278,805,728,77,167,130,37,130,105,25,642,478,164,415,313,102
B0103,18,321,District - Kamrup,Total,Graduate and above other than technical degree,48002,32608,15394,27071,22867,4204,5663,3473,2190,3925,2489,1436,15268,6268,9000,9711,4158,5553
B0103,18,321,District - Kamrup,Total,Technical degree or diploma equal to degree or post-graduate degree,2499,1856,643,1534,1273,261,196,138,58,118,91,27,769,445,324,459,289,170
B0103,18,321,District - Kamrup,Rural,Total,1375148,706140,669008,379720,313447,66273,193062,74317,118745,85067,43716,41351,802366,318376,483990,130458,52310,78148
B0103,18,321,District - Kamrup,Rural,Illiterate,493366,216533,276833,106874,80816,26058,66702,14926,51776,23778,7515,16263,319790,120791,198999,16910,3035,13875
B0103,18,321,District - Kamrup,Rural,Literate,881782,489607,392175,272846,232631,40215,126360,59391,66969,61289,36201,25088,482576,197585,284991,113548,49275,64273
B0103,18,321,District - Kamrup,Rural,Literate but below matric/secondary,583301,310530,272771,155374,132081,23293,81312,35425,45887,34808,19749,15059,346615,143024,203591,47962,18930,29032
B0103,18,321,District - Kamrup,Rural,Matric/secondary but below graduate,213426,126569,86857,76827,66324,10503,31211,16940,14271,19166,11969,7197,105388,43305,62083,52205,24625,27580
B0103,18,321,District - Kamrup,Rural,Technical diploma or certificate not equal to degree,1247,1030,217,603,551,52,135,106,29,106,88,18,509,373,136,329,249,80
B0103,18,321,District - Kamrup,Rural,Graduate and above other than technical degree,38510,26525,11985,21894,18584,3310,4674,2909,1765,3300,2125,1175,11942,5032,6910,7906,3421,4485
B0103,18,321,District - Kamrup,Rural,Technical degree or diploma equal to degree or post-graduate degree,1839,1361,478,1127,937,190,162,114,48,101,79,22,550,310,240,334,202,132
B0103,18,321,District - Kamrup,Urban,Total,142394,72321,70073,41524,33416,8108,14648,7312,7336,6664,4132,2532,86222,31593,54629,17433,7396,10037
B0103,18,321,District - Kamrup,Urban,Illiterate,28857,11709,17148,4363,2990,1373,2025,674,1351,512,274,238,22469,8045,14424,988,209,779
B0103,18,321,District - Kamrup,Urban,Literate,113537,60612,52925,37161,30426,6735,12623,6638,5985,6152,3858,2294,63753,23548,40205,16445,7187,9258
B0103,18,321,District - Kamrup,Urban,Literate but below matric/secondary,61932,31241,30691,16915,13685,3230,6430,3247,3183,2603,1728,875,38587,14309,24278,5538,2221,3317
B0103,18,321,District - Kamrup,Urban,Matric/secondary but below graduate,36264,20025,16239,12697,10571,2126,4395,2392,2003,2542,1523,1019,19172,7062,12110,8279,3825,4454
B0103,18,321,District - Kamrup,Urban,Technical diploma or certificate not equal to degree,367,306,61,202,177,25,32,24,8,24,17,7,133,105,28,86,64,22
B0103,18,321,District - Kamrup,Urban,Graduate and above other than technical degree,9492,6083,3409,5177,4283,894,989,564,425,625,364,261,3326,1236,2090,1805,737,1068
B0103,18,321,District - Kamrup,Urban,Technical degree or diploma equal to degree or post-graduate degree,660,495,165,407,336,71,34,24,10,17,12,5,219,135,84,125,87,38
B0103,18,322,District - Kamrup Metropolitan,Total,Total,1253938,647585,606353,413154,334724,78430,77778,40889,36889,37137,20546,16591,763006,271972,491034,135272,48891,86381
B0103,18,322,District - Kamrup Metropolitan,Total,Illiterate,252747,110358,142389,42520,28480,14040,15431,6225,9206,6035,2730,3305,194796,75653,119143,9788,2023,7765
B0103,18,322,District - Kamrup Metropolitan,Total,Literate,1001191,537227,463964,370634,306244,64390,62347,34664,27683,31102,17816,13286,568210,196319,371891,125484,46868,78616
B0103,18,322,District - Kamrup Metropolitan,Total,Literate but below matric/secondary,451138,231816,219322,120673,103953,16720,28564,16010,12554,12703,7719,4984,301901,111853,190048,39194,14077,25117
B0103,18,322,District - Kamrup Metropolitan,Total,Matric/secondary but below graduate,304492,163387,141105,114534,98185,16349,19142,10901,8241,10878,6306,4572,170816,54301,116515,54212,21845,32367
B0103,18,322,District - Kamrup Metropolitan,Total,Technical diploma or certificate not equal to degree,7763,6065,1698,4565,3884,681,392,274,118,220,149,71,2806,1907,899,1210,793,417
B0103,18,322,District - Kamrup Metropolitan,Total,Graduate and above other than technical degree,174167,99132,75035,98536,75282,23254,9284,4716,4568,4993,2319,2674,66347,19134,47213,23385,7138,16247
B0103,18,322,District - Kamrup Metropolitan,Total,Technical degree or diploma equal to degree or post-graduate degree,23815,16593,7222,15525,11702,3823,1111,712,399,563,353,210,7179,4179,3000,2894,1600,1294
B0103,18,322,District - Kamrup Metropolitan,Rural,Total,216927,111062,105865,64318,51641,12677,23450,11275,12175,10920,6091,4829,129159,48146,81013,19689,7330,12359
B0103,18,322,District - Kamrup Metropolitan,Rural,Illiterate,71986,30959,41027,15726,10598,5128,8064,2918,5146,3343,1461,1882,48196,17443,30753,2725,514,2211
B0103,18,322,District - Kamrup Metropolitan,Rural,Literate,144941,80103,64838,48592,41043,7549,15386,8357,7029,7577,4630,2947,80963,30703,50260,16964,6816,10148
B0103,18,322,District - Kamrup Metropolitan,Rural,Literate but below matric/secondary,100682,53998,46684,29223,24809,4414,10752,5783,4969,4929,3027,1902,60707,23406,37301,8843,3292,5551
B0103,18,322,District - Kamrup Metropolitan,Rural,Matric/secondary but below graduate,29694,17462,12232,11973,10258,1715,2920,1675,1245,1756,1090,666,14801,5529,9272,6075,2699,3376
B0103,18,322,District - Kamrup Metropolitan,Rural,Technical diploma or certificate not equal to degree,250,198,52,130,118,12,23,14,9,5,1,4,97,66,31,48,32,16
B0103,18,322,District - Kamrup Metropolitan,Rural,Graduate and above other than technical degree,6552,4180,2372,3800,3103,697,504,279,225,315,183,132,2248,798,1450,1184,476,708
B0103,18,322,District - Kamrup Metropolitan,Rural,Technical degree or diploma equal to degree or post-graduate degree,534,341,193,299,223,76,23,13,10,15,9,6,212,105,107,99,60,39
B0103,18,322,District - Kamrup Metropolitan,Urban,Total,1037011,536523,500488,348836,283083,65753,54328,29614,24714,26217,14455,11762,633847,223826,410021,115583,41561,74022
B0103,18,322,District - Kamrup Metropolitan,Urban,Illiterate,180761,79399,101362,26794,17882,8912,7367,3307,4060,2692,1269,1423,146600,58210,88390,7063,1509,5554
B0103,18,322,District - Kamrup Metropolitan,Urban,Literate,856250,457124,399126,322042,265201,56841,46961,26307,20654,23525,13186,10339,487247,165616,321631,108520,40052,68468
B0103,18,322,District - Kamrup Metropolitan,Urban,Literate but below matric/secondary,350456,177818,172638,91450,79144,12306,17812,10227,7585,7774,4692,3082,241194,88447,152747,30351,10785,19566
B0103,18,322,District - Kamrup Metropolitan,Urban,Matric/secondary but below graduate,274798,145925,128873,102561,87927,14634,16222,9226,6996,9122,5216,3906,156015,48772,107243,48137,19146,28991
B0103,18,322,District - Kamrup Metropolitan,Urban,Technical diploma or certificate not equal to degree,7513,5867,1646,4435,3766,669,369,260,109,215,148,67,2709,1841,868,1162,761,401
B0103,18,322,District - Kamrup Metropolitan,Urban,Graduate and above other than technical degree,167615,94952,72663,94736,72179,22557,8780,4437,4343,4678,2136,2542,64099,18336,45763,22201,6662,15539
B0103,18,322,District - Kamrup Metropolitan,Urban,Technical degree or diploma equal to degree or post-graduate degree,23281,16252,7029,15226,11479,3747,1088,699,389,548,344,204,6967,4074,2893,2795,1540,1255
B0103,18,323,District - Nalbari,Total,Total,771639,396006,375633,196773,172308,24465,70850,37894,32956,41280,25718,15562,504016,185804,318212,101358,38162,63196
B0103,18,323,District - Nalbari,Total,Illiterate,239868,102822,137046,41917,34210,7707,17445,6141,11304,8007,3701,4306,180506,62471,118035,12756,1933,10823
B0103,18,323,District - Nalbari,Total,Literate,531771,293184,238587,154856,138098,16758,53405,31753,21652,33273,22017,11256,323510,123333,200177,88602,36229,52373
B0103,18,323,District - Nalbari,Total,Literate but below matric/secondary,320453,168768,151685,76647,69360,7287,29593,17119,12474,16477,11018,5459,214213,82289,131924,34886,12748,22138
B0103,18,323,District - Nalbari,Total,Matric/secondary but below graduate,152117,87033,65084,49843,44269,5574,17341,10660,6681,12479,8170,4309,84933,32104,52829,41936,18566,23370
B0103,18,323,District - Nalbari,Total,Technical diploma or certificate not equal to degree,879,735,144,375,339,36,78,63,15,65,54,11,426,333,93,254,206,48
B0103,18,323,District - Nalbari,Total,Graduate and above other than technical degree,33806,22384,11422,17987,15296,2691,3277,2133,1144,2478,1663,815,12542,4955,7587,7856,3276,4580
B0103,18,323,District - Nalbari,Total,Technical degree or diploma equal to degree or post-graduate degree,1913,1450,463,1216,1031,185,133,90,43,101,66,35,564,329,235,301,166,135
B0103,18,323,District - Nalbari,Rural,Total,688909,353677,335232,174337,152778,21559,66152,34836,31316,38310,23696,14614,448420,166063,282357,87235,33000,54235
B0103,18,323,District - Nalbari,Rural,Illiterate,224698,96537,128161,40140,32817,7323,16887,5862,11025,7747,3557,4190,167671,57858,109813,11912,1778,10134
B0103,18,323,District - Nalbari,Rural,Literate,464211,257140,207071,134197,119961,14236,49265,28974,20291,30563,20139,10424,280749,108205,172544,75323,31222,44101
B0103,18,323,District - Nalbari,Rural,Literate but below matric/secondary,287025,151798,135227,68770,62171,6599,27655,15796,11859,15315,10189,5126,190600,73831,116769,30645,11363,19282
B0103,18,323,District - Nalbari,Rural,Matric/secondary but below graduate,128833,74646,54187,42613,37922,4691,15844,9648,6196,11420,7435,3985,70376,27076,43300,35242,15865,19377
B0103,18,323,District - Nalbari,Rural,Technical diploma or certificate not equal to degree,635,531,104,269,243,26,64,52,12,55,46,9,302,236,66,187,154,33
B0103,18,323,District - Nalbari,Rural,Graduate and above other than technical degree,25739,17360,8379,13647,11726,1921,2794,1812,982,2135,1429,706,9298,3822,5476,6034,2588,3446
B0103,18,323,District - Nalbari,Rural,Technical degree or diploma equal to degree or post-graduate degree,1264,962,302,768,663,105,105,70,35,80,51,29,391,229,162,209,120,89
B0103,18,323,District - Nalbari,Urban,Total,82730,42329,40401,22436,19530,2906,4698,3058,1640,2970,2022,948,55596,19741,35855,14123,5162,8961
B0103,18,323,District - Nalbari,Urban,Illiterate,15170,6285,8885,1777,1393,384,558,279,279,260,144,116,12835,4613,8222,844,155,689
B0103,18,323,District - Nalbari,Urban,Literate,67560,36044,31516,20659,18137,2522,4140,2779,1361,2710,1878,832,42761,15128,27633,13279,5007,8272
B0103,18,323,District - Nalbari,Urban,Literate but below matric/secondary,33428,16970,16458,7877,7189,688,1938,1323,615,1162,829,333,23613,8458,15155,4241,1385,2856
B0103,18,323,District - Nalbari,Urban,Matric/secondary but below graduate,23284,12387,10897,7230,6347,883,1497,1012,485,1059,735,324,14557,5028,9529,6694,2701,3993
B0103,18,323,District - Nalbari,Urban,Technical diploma or certificate not equal to degree,244,204,40,106,96,10,14,11,3,10,8,2,124,97,27,67,52,15
B0103,18,323,District - Nalbari,Urban,Graduate and above other than technical degree,8067,5024,3043,4340,3570,770,483,321,162,343,234,109,3244,1133,2111,1822,688,1134
B0103,18,323,District - Nalbari,Urban,Technical degree or diploma equal to degree or post-graduate degree,649,488,161,448,368,80,28,20,8,21,15,6,173,100,73,92,46,46
B0103,18,324,District - Baksa,Total,Total,950075,481330,468745,278297,215948,62349,128459,50663,77796,52197,28434,23763,543319,214719,328600,71195,30121,41074
B0103,18,324,District - Baksa,Total,Illiterate,377238,158716,218522,95938,65172,30766,48735,11678,37057,14079,5315,8764,232565,81866,150699,12713,2543,10170
B0103,18,324,District - Baksa,Total,Literate,572837,322614,250223,182359,150776,31583,79724,38985,40739,38118,23119,14999,310754,132853,177901,58482,27578,30904
B0103,18,324,District - Baksa,Total,Literate but below matric/secondary,404801,220482,184319,113354,94135,19219,52052,24338,27714,22349,13262,9087,239395,102009,137386,28556,12369,16187
B0103,18,324,District - Baksa,Total,Matric/secondary but below graduate,123076,74201,48875,47110,38721,8389,19692,10549,9143,11720,7370,4350,56274,24931,31343,24753,12754,11999
B0103,18,324,District - Baksa,Total,Technical diploma or certificate not equal to degree,385,294,91,164,138,26,45,29,16,31,19,12,176,127,49,97,71,26
B0103,18,324,District - Baksa,Total,Graduate and above other than technical degree,12212,8688,3524,7092,5975,1117,1585,1023,562,1096,730,366,3535,1690,1845,2263,1148,1115
B0103,18,324,District - Baksa,Total,Technical degree or diploma equal to degree or post-graduate degree,707,525,182,417,354,63,97,58,39,53,35,18,193,113,80,102,65,37
B0103,18,324,District - Baksa,Rural,Total,937833,475027,462806,274956,212973,61983,127305,50022,77283,51762,28146,23616,535572,212032,323540,69971,29634,40337
B0103,18,324,District - Baksa,Rural,Illiterate,372973,156847,216126,95120,64447,30673,48516,11587,36929,14018,5278,8740,229337,80813,148524,12545,2496,10049
B0103,18,324,District - Baksa,Rural,Literate,564860,318180,246680,179836,148526,31310,78789,38435,40354,37744,22868,14876,306235,131219,175016,57426,27138,30288
B0103,18,324,District - Baksa,Rural,Literate but below matric/secondary,399455,217627,181828,111909,92827,19082,51477,24009,27468,22132,13119,9013,236069,100791,135278,27995,12147,15848
B0103,18,324,District - Baksa,Rural,Matric/secondary but below graduate,121197,73112,48085,46417,38118,8299,19449,10392,9057,11608,7291,4317,55331,24602,30729,24354,12580,11774
B0103,18,324,District - Baksa,Rural,Technical diploma or certificate not equal to degree,374,283,91,162,136,26,43,27,16,29,17,12,169,120,49,90,64,26
B0103,18,324,District - Baksa,Rural,Graduate and above other than technical degree,11788,8398,3390,6834,5750,1084,1535,990,545,1070,715,355,3419,1658,1761,2202,1125,1077
B0103,18,324,District - Baksa,Rural,Technical degree or diploma equal to degree or post-graduate degree,682,504,178,398,339,59,96,57,39,53,35,18,188,108,80,99,62,37
B0103,18,324,District - Baksa,Urban,Total,12242,6303,5939,3341,2975,366,1154,641,513,435,288,147,7747,2687,5060,1224,487,737
B0103,18,324,District - Baksa,Urban,Illiterate,4265,1869,2396,818,725,93,219,91,128,61,37,24,3228,1053,2175,168,47,121
B0103,18,324,District - Baksa,Urban,Literate,7977,4434,3543,2523,2250,273,935,550,385,374,251,123,4519,1634,2885,1056,440,616
B0103,18,324,District - Baksa,Urban,Literate but below matric/secondary,5346,2855,2491,1445,1308,137,575,329,246,217,143,74,3326,1218,2108,561,222,339
B0103,18,324,District - Baksa,Urban,Matric/secondary but below graduate,1879,1089,790,693,603,90,243,157,86,112,79,33,943,329,614,399,174,225
B0103,18,324,District - Baksa,Urban,Technical diploma or certificate not equal to degree,11,11,0,2,2,0,2,2,0,2,2,0,7,7,0,7,7,0
B0103,18,324,District - Baksa,Urban,Graduate and above other than technical degree,424,290,134,258,225,33,50,33,17,26,15,11,116,32,84,61,23,38
B0103,18,324,District - Baksa,Urban,Technical degree or diploma equal to degree or post-graduate degree,25,21,4,19,15,4,1,1,0,0,0,0,5,5,0,3,3,0
B0103,18,325,District - Darrang,Total,Total,928500,475273,453227,241456,209831,31625,83387,37033,46354,39216,22732,16484,603657,228409,375248,72084,26346,45738
B0103,18,325,District - Darrang,Total,Illiterate,441461,206607,234854,99016,83664,15352,34054,12268,21786,14910,7453,7457,308391,110675,197716,18597,3130,15467
B0103,18,325,District - Darrang,Total,Literate,487039,268666,218373,142440,126167,16273,49333,24765,24568,24306,15279,9027,295266,117734,177532,53487,23216,30271
B0103,18,325,District - Darrang,Total,Literate but below matric/secondary,345633,183907,161726,85072,76736,8336,32713,15946,16767,14394,9043,5351,227848,91225,136623,24041,9465,14576
B0103,18,325,District - Darrang,Total,Matric/secondary but below graduate,96288,56426,39862,35435,30663,4772,11306,5939,5367,6894,4295,2599,49547,19824,29723,22219,10548,11671
B0103,18,325,District - Darrang,Total,Technical diploma or certificate not equal to degree,595,486,109,281,238,43,47,37,10,33,26,7,267,211,56,185,150,35
B0103,18,325,District - Darrang,Total,Graduate and above other than technical degree,20504,13814,6690,11602,9787,1815,1897,1150,747,1366,859,507,7005,2877,4128,4442,1970,2472
B0103,18,325,District - Darrang,Total,Technical degree or diploma equal to degree or post-graduate degree,1368,958,410,841,685,156,90,48,42,41,21,20,437,225,212,222,122,100
B0103,18,325,District - Darrang,Rural,Total,873006,446460,426546,223874,194581,29293,81283,35661,45622,38141,22089,16052,567849,216218,351631,65927,24157,41770
B0103,18,325,District - Darrang,Rural,Illiterate,428931,201149,227782,96843,81960,14883,33619,12026,21593,14706,7353,7353,298469,107163,191306,18100,3003,15097
B0103,18,325,District - Darrang,Rural,Literate,444075,245311,198764,127031,112621,14410,47664,23635,24029,23435,14736,8699,269380,109055,160325,47827,21154,26673
B0103,18,325,District - Darrang,Rural,Literate but below matric/secondary,320888,170735,150153,77902,70100,7802,31696,15220,16476,13944,8748,5196,211290,85415,125875,22164,8799,13365
B0103,18,325,District - Darrang,Rural,Matric/secondary but below graduate,85283,50665,34618,31359,27174,4185,10914,5699,5215,6644,4148,2496,43010,17792,25218,19702,9577,10125
B0103,18,325,District - Darrang,Rural,Technical diploma or certificate not equal to degree,428,346,82,189,155,34,35,27,8,25,19,6,204,164,40,147,125,22
B0103,18,325,District - Darrang,Rural,Graduate and above other than technical degree,15522,10758,4764,8603,7367,1236,1727,1047,680,1249,795,454,5192,2344,2848,3467,1664,1803
B0103,18,325,District - Darrang,Rural,Technical degree or diploma equal to degree or post-graduate degree,887,618,269,511,428,83,79,43,36,30,16,14,297,147,150,147,85,62
B0103,18,325,District - Darrang,Urban,Total,55494,28813,26681,17582,15250,2332,2104,1372,732,1075,643,432,35808,12191,23617,6157,2189,3968
B0103,18,325,District - Darrang,Urban,Illiterate,12530,5458,7072,2173,1704,469,435,242,193,204,100,104,9922,3512,6410,497,127,370
B0103,18,325,District - Darrang,Urban,Literate,42964,23355,19609,15409,13546,1863,1669,1130,539,871,543,328,25886,8679,17207,5660,2062,3598
B0103,18,325,District - Darrang,Urban,Literate but below matric/secondary,24745,13172,11573,7170,6636,534,1017,726,291,450,295,155,16558,5810,10748,1877,666,1211
B0103,18,325,District - Darrang,Urban,Matric/secondary but below graduate,11005,5761,5244,4076,3489,587,392,240,152,250,147,103,6537,2032,4505,2517,971,1546
B0103,18,325,District - Darrang,Urban,Technical diploma or certificate not equal to degree,167,140,27,92,83,9,12,10,2,8,7,1,63,47,16,38,25,13
B0103,18,325,District - Darrang,Urban,Graduate and above other than technical degree,4982,3056,1926,2999,2420,579,170,103,67,117,64,53,1813,533,1280,975,306,669
B0103,18,325,District - Darrang,Urban,Technical degree or diploma equal to degree or post-graduate degree,481,340,141,330,257,73,11,5,6,11,5,6,140,78,62,75,37,38
B0103,18,326,District - Udalguri,Total,Total,831668,421617,410051,253178,194782,58396,91852,35908,55944,36944,19541,17403,486638,190927,295711,56018,23194,32824
B0103,18,326,District - Udalguri,Total,Illiterate,361742,157291,204451,102000,66833,35167,40736,11385,29351,13727,5609,8118,219006,79073,139933,10996,2612,8384
B0103,18,326,District - Udalguri,Total,Literate,469926,264326,205600,151178,127949,23229,51116,24523,26593,23217,13932,9285,267632,111854,155778,45022,20582,24440
B0103,18,326,District - Udalguri,Total,Literate but below matric/secondary,349219,191465,157754,101087,85669,15418,36819,17183,19636,15454,9128,6326,211313,88613,122700,22988,9646,13342
B0103,18,326,District - Udalguri,Total,Matric/secondary but below graduate,85352,50946,34406,32545,27765,4780,9793,5025,4768,5582,3436,2146,43014,18156,24858,17425,8737,8688
B0103,18,326,District - Udalguri,Total,Technical diploma or certificate not equal to degree,302,234,68,133,109,24,18,14,4,15,12,3,151,111,40,80,59,21
B0103,18,326,District - Udalguri,Total,Graduate and above other than technical degree,11741,8104,3637,6615,5548,1067,1000,657,343,718,489,229,4126,1899,2227,2592,1312,1280
B0103,18,326,District - Udalguri,Total,Technical degree or diploma equal to degree or post-graduate degree,701,498,203,417,348,69,42,22,20,17,9,8,242,128,114,138,77,61
B0103,18,326,District - Udalguri,Rural,Total,794094,402442,391652,241018,184440,56578,90299,35062,55237,36134,19084,17050,462777,182940,279837,52134,21672,30462
B0103,18,326,District - Udalguri,Rural,Illiterate,353077,153579,199498,100166,65456,34710,40393,11247,29146,13559,5531,8028,212518,76876,135642,10736,2544,8192
B0103,18,326,District - Udalguri,Rural,Literate,441017,248863,192154,140852,118984,21868,49906,23815,26091,22575,13553,9022,250259,106064,144195,41398,19128,22270
B0103,18,326,District - Udalguri,Rural,Literate but below matric/secondary,332041,182632,149409,95939,81088,14851,36120,16759,19361,15110,8912,6198,199982,84785,115197,21745,9188,12557
B0103,18,326,District - Udalguri,Rural,Matric/secondary but below graduate,77738,46766,30972,29580,25182,4398,9447,4841,4606,5371,3327,2044,38711,16743,21968,15817,8070,7747
B0103,18,326,District - Udalguri,Rural,Technical diploma or certificate not equal to degree,235,175,60,100,80,20,16,13,3,13,11,2,119,82,37,63,44,19
B0103,18,326,District - Udalguri,Rural,Graduate and above other than technical degree,9255,6586,2669,5159,4393,766,899,595,304,661,454,207,3197,1598,1599,2070,1119,951
B0103,18,326,District - Udalguri,Rural,Technical degree or diploma equal to degree or post-graduate degree,497,354,143,282,239,43,34,16,18,13,7,6,181,99,82,98,61,37
B0103,18,326,District - Udalguri,Urban,Total,37574,19175,18399,12160,10342,1818,1553,846,707,810,457,353,23861,7987,15874,3884,1522,2362
B0103,18,326,District - Udalguri,Urban,Illiterate,8665,3712,4953,1834,1377,457,343,138,205,168,78,90,6488,2197,4291,260,68,192
B0103,18,326,District - Udalguri,Urban,Literate,28909,15463,13446,10326,8965,1361,1210,708,502,642,379,263,17373,5790,11583,3624,1454,2170
B0103,18,326,District - Udalguri,Urban,Literate but below matric/secondary,17178,8833,8345,5148,4581,567,699,424,275,344,216,128,11331,3828,7503,1243,458,785
B0103,18,326,District - Udalguri,Urban,Matric/secondary but below graduate,7614,4180,3434,2965,2583,382,346,184,162,211,109,102,4303,1413,2890,1608,667,941
B0103,18,326,District - Udalguri,Urban,Technical diploma or certificate not equal to degree,67,59,8,33,29,4,2,1,1,2,1,1,32,29,3,17,15,2
B0103,18,326,District - Udalguri,Urban,Graduate and above other than technical degree,2486,1518,968,1456,1155,301,101,62,39,57,35,22,929,301,628,522,193,329
B0103,18,326,District - Udalguri,Urban,Technical degree or diploma equal to degree or post-graduate degree,204,144,60,135,109,26,8,6,2,4,2,2,61,29,32,40,16,24
B0103,19,327,District - Darjiling ,Total,Total,1846823,937259,909564,532855,396341,136514,150871,83245,67626,85723,49595,36128,1163097,457673,705424,251688,90815,160873
B0103,19,327,District - Darjiling ,Total,Illiterate,531238,219586,311652,122284,69653,52631,44801,16844,27957,22096,8666,13430,364153,133089,231064,35651,6024,29627
B0103,19,327,District - Darjiling ,Total,Literate,1315585,717673,597912,410571,326688,83883,106070,66401,39669,63627,40929,22698,798944,324584,474360,216037,84791,131246
B0103,19,327,District - Darjiling ,Total,Literate but below matric/secondary,873432,468744,404688,234714,187942,46772,78322,49456,28866,45098,29695,15403,560396,231346,329050,113804,42172,71632
B0103,19,327,District - Darjiling ,Total,Matric/secondary but below graduate,285873,159499,126374,97408,79716,17692,17345,10950,6395,11990,7549,4441,171120,68833,102287,71557,30961,40596
B0103,19,327,District - Darjiling ,Total,Technical diploma or certificate not equal to degree,2278,1778,500,1318,1104,214,89,63,26,57,37,20,871,611,260,400,271,129
B0103,19,327,District - Darjiling ,Total,Graduate and above other than technical degree,109313,62992,46321,57846,43550,14296,5762,3318,2444,3870,2134,1736,45705,16124,29581,23514,8828,14686
B0103,19,327,District - Darjiling ,Total,Technical degree or diploma equal to degree or post-graduate degree,8868,5592,3276,5520,3860,1660,396,219,177,244,133,111,2952,1513,1439,1442,736,706
B0103,19,327,District - Darjiling ,Rural,Total,1118860,566965,551895,309035,219497,89538,119543,65510,54033,67349,39401,27948,690282,281958,408324,146689,54976,91713
B0103,19,327,District - Darjiling ,Rural,Illiterate,382036,156183,225853,93737,51751,41986,39125,14402,24723,19195,7415,11780,249174,90030,159144,26313,4320,21993
B0103,19,327,District - Darjiling ,Rural,Literate,736824,410782,326042,215298,167746,47552,80418,51108,29310,48154,31986,16168,441108,191928,249180,120376,50656,69720
B0103,19,327,District - Darjiling ,Rural,Literate but below matric/secondary,565821,311485,254336,154462,121111,33351,64882,41018,23864,37332,24842,12490,346477,149356,197121,74266,29312,44954
B0103,19,327,District - Darjiling ,Rural,Matric/secondary but below graduate,122146,70730,51416,38185,30032,8153,10391,6947,3444,7405,5012,2393,73570,33751,39819,35095,16519,18576
B0103,19,327,District - Darjiling ,Rural,Technical diploma or certificate not equal to degree,442,321,121,234,181,53,16,10,6,11,5,6,192,130,62,110,76,34
B0103,19,327,District - Darjiling ,Rural,Graduate and above other than technical degree,27820,16799,11021,13961,10162,3799,2016,1307,709,1573,1013,560,11843,5330,6513,7851,3606,4245
B0103,19,327,District - Darjiling ,Rural,Technical degree or diploma equal to degree or post-graduate degree,2000,1266,734,1190,820,370,104,62,42,72,42,30,706,384,322,380,198,182
B0103,19,327,District - Darjiling ,Urban,Total,727963,370294,357669,223820,176844,46976,31328,17735,13593,18374,10194,8180,472815,175715,297100,104999,35839,69160
B0103,19,327,District - Darjiling ,Urban,Illiterate,149202,63403,85799,28547,17902,10645,5676,2442,3234,2901,1251,1650,114979,43059,71920,9338,1704,7634
B0103,19,327,District - Darjiling ,Urban,Literate,578761,306891,271870,195273,158942,36331,25652,15293,10359,15473,8943,6530,357836,132656,225180,95661,34135,61526
B0103,19,327,District - Darjiling ,Urban,Literate but below matric/secondary,307611,157259,150352,80252,66831,13421,13440,8438,5002,7766,4853,2913,213919,81990,131929,39538,12860,26678
B0103,19,327,District - Darjiling ,Urban,Matric/secondary but below graduate,163727,88769,74958,59223,49684,9539,6954,4003,2951,4585,2537,2048,97550,35082,62468,36462,14442,22020
B0103,19,327,District - Darjiling ,Urban,Technical diploma or certificate not equal to degree,1836,1457,379,1084,923,161,73,53,20,46,32,14,679,481,198,290,195,95
B0103,19,327,District - Darjiling ,Urban,Graduate and above other than technical degree,81493,46193,35300,43885,33388,10497,3746,2011,1735,2297,1121,1176,33862,10794,23068,15663,5222,10441
B0103,19,327,District - Darjiling ,Urban,Technical degree or diploma equal to degree or post-graduate degree,6868,4326,2542,4330,3040,1290,292,157,135,172,91,81,2246,1129,1117,1062,538,524
B0103,19,328,District - Jalpaiguri ,Total,Total,3872846,1983064,1889782,1153765,922182,231583,359145,169179,189966,253987,131876,122111,2359936,891703,1468233,592214,185210,407004
B0103,19,328,District - Jalpaiguri ,Total,Illiterate,1374066,586442,787624,361670,231059,130611,139718,43233,96485,92231,32104,60127,872678,312150,560528,132295,21218,111077
B0103,19,328,District - Jalpaiguri ,Total,Literate,2498780,1396622,1102158,792095,691123,100972,219427,125946,93481,161756,99772,61984,1487258,579553,907705,459919,163992,295927
B0103,19,328,District - Jalpaiguri ,Total,Literate but below matric/secondary,1907121,1046224,860897,554144,488242,65902,177781,100543,77238,129212,79051,50161,1175196,457439,717757,298244,96432,201812
B0103,19,328,District - Jalpaiguri ,Total,Matric/secondary but below graduate,396323,231999,164324,139303,121895,17408,25723,16795,8928,20778,13989,6789,231297,93309,137988,119037,51265,67772
B0103,19,328,District - Jalpaiguri ,Total,Technical diploma or certificate not equal to degree,3111,2697,414,1876,1693,183,110,88,22,85,68,17,1125,916,209,626,518,108
B0103,19,328,District - Jalpaiguri ,Total,Graduate and above other than technical degree,119225,74297,44928,63167,51465,11702,6057,3984,2073,4954,3284,1670,50001,18848,31153,30550,12301,18249
B0103,19,328,District - Jalpaiguri ,Total,Technical degree or diploma equal to degree or post-graduate degree,6939,5226,1713,4517,3610,907,212,149,63,153,108,45,2210,1467,743,1228,834,394
B0103,19,328,District - Jalpaiguri ,Rural,Total,2812495,1437286,1375209,812406,634019,178387,310371,144233,166138,220234,114356,105878,1689718,659034,1030684,424615,136373,288242
B0103,19,328,District - Jalpaiguri ,Rural,Illiterate,1096191,464930,631261,297285,185734,111551,125141,38052,87089,82749,28692,54057,673765,241144,432621,108706,17787,90919
B0103,19,328,District - Jalpaiguri ,Rural,Literate,1716304,972356,743948,515121,448285,66836,185230,106181,79049,137485,85664,51821,1015953,417890,598063,315909,118586,197323
B0103,19,328,District - Jalpaiguri ,Rural,Literate but below matric/secondary,1407556,785128,622428,401274,351757,49517,154623,87277,67346,113190,69702,43488,851659,346094,505565,222176,75502,146674
B0103,19,328,District - Jalpaiguri ,Rural,Matric/secondary but below graduate,218850,131980,86870,71039,61249,9790,19150,12801,6349,15755,10996,4759,128661,57930,70731,73284,34346,38938
B0103,19,328,District - Jalpaiguri ,Rural,Technical diploma or certificate not equal to degree,658,564,94,368,329,39,34,27,7,29,24,5,256,208,48,199,172,27
B0103,19,328,District - Jalpaiguri ,Rural,Graduate and above other than technical degree,40561,27494,13067,20879,17123,3756,3226,2359,867,2794,2089,705,16456,8012,8444,12532,6366,6166
B0103,19,328,District - Jalpaiguri ,Rural,Technical degree or diploma equal to degree or post-graduate degree,1501,1168,333,919,750,169,69,45,24,52,35,17,513,373,140,348,260,88
B0103,19,328,District - Jalpaiguri ,Urban,Total,1060351,545778,514573,341359,288163,53196,48774,24946,23828,33753,17520,16233,670218,232669,437549,167599,48837,118762
B0103,19,328,District - Jalpaiguri ,Urban,Illiterate,277875,121512,156363,64385,45325,19060,14577,5181,9396,9482,3412,6070,198913,71006,127907,23589,3431,20158
B0103,19,328,District - Jalpaiguri ,Urban,Literate,782476,424266,358210,276974,242838,34136,34197,19765,14432,24271,14108,10163,471305,161663,309642,144010,45406,98604
B0103,19,328,District - Jalpaiguri ,Urban,Literate but below matric/secondary,499565,261096,238469,152870,136485,16385,23158,13266,9892,16022,9349,6673,323537,111345,212192,76068,20930,55138
B0103,19,328,District - Jalpaiguri ,Urban,Matric/secondary but below graduate,177473,100019,77454,68264,60646,7618,6573,3994,2579,5023,2993,2030,102636,35379,67257,45753,16919,28834
B0103,19,328,District - Jalpaiguri ,Urban,Technical diploma or certificate not equal to degree,2453,2133,320,1508,1364,144,76,61,15,56,44,12,869,708,161,427,346,81
B0103,19,328,District - Jalpaiguri ,Urban,Graduate and above other than technical degree,78664,46803,31861,42288,34342,7946,2831,1625,1206,2160,1195,965,33545,10836,22709,18018,5935,12083
B0103,19,328,District - Jalpaiguri ,Urban,Technical degree or diploma equal to degree or post-graduate degree,5438,4058,1380,3598,2860,738,143,104,39,101,73,28,1697,1094,603,880,574,306
B0103,19,329,District - Koch Bihar ,Total,Total,2819086,1451542,1367544,886357,749848,136509,241620,95460,146160,145510,71047,74463,1691109,606234,1084875,383218,111333,271885
B0103,19,329,District - Koch Bihar ,Total,Illiterate,968582,422809,545773,257218,191237,65981,80982,17410,63572,41181,11595,29586,630382,214162,416220,69329,6679,62650
B0103,19,329,District - Koch Bihar ,Total,Literate,1850504,1028733,821771,629139,558611,70528,160638,78050,82588,104329,59452,44877,1060727,392072,668655,313889,104654,209235
B0103,19,329,District - Koch Bihar ,Total,Literate but below matric/secondary,1452395,786273,666122,472376,420909,51467,129134,59606,69528,80570,44249,36321,850885,305758,545127,199760,54366,145394
B0103,19,329,District - Koch Bihar ,Total,Matric/secondary but below graduate,273172,164407,108765,95391,85876,9515,20534,12670,7864,16047,10630,5417,157247,65861,91386,85535,37932,47603
B0103,19,329,District - Koch Bihar ,Total,Technical diploma or certificate not equal to degree,1228,1046,182,706,630,76,49,44,5,39,35,4,473,372,101,278,204,74
B0103,19,329,District - Koch Bihar ,Total,Graduate and above other than technical degree,71742,47943,23799,35877,30243,5634,4558,3230,1328,3818,2768,1050,31307,14470,16837,21441,10293,11148
B0103,19,329,District - Koch Bihar ,Total,Technical degree or diploma equal to degree or post-graduate degree,3703,2891,812,2316,1910,406,127,102,25,94,77,17,1260,879,381,761,527,234
B0103,19,329,District - Koch Bihar ,Rural,Total,2529652,1304916,1224736,794454,673124,121330,230263,89177,141086,137451,66415,71036,1504935,542615,962320,326912,93647,233265
B0103,19,329,District - Koch Bihar ,Rural,Illiterate,912429,398524,513905,245959,183561,62398,78985,16660,62325,40007,11121,28886,587485,198303,389182,64669,5960,58709
B0103,19,329,District - Koch Bihar ,Rural,Literate,1617223,906392,710831,548495,489563,58932,151278,72517,78761,97444,55294,42150,917450,344312,573138,262243,87687,174556
B0103,19,329,District - Koch Bihar ,Rural,Literate but below matric/secondary,1320944,721161,599783,433943,387242,46701,123629,56322,67307,76665,41839,34826,763372,277597,485775,177287,48194,129093
B0103,19,329,District - Koch Bihar ,Rural,Matric/secondary but below graduate,213124,132099,81025,74299,67440,6859,18356,11396,6960,14273,9595,4678,120469,53263,67206,66872,31131,35741
B0103,19,329,District - Koch Bihar ,Rural,Technical diploma or certificate not equal to degree,388,345,43,222,208,14,26,24,2,21,20,1,140,113,27,101,78,23
B0103,19,329,District - Koch Bihar ,Rural,Graduate and above other than technical degree,39096,28433,10663,19180,16869,2311,3400,2550,850,2912,2235,677,16516,9014,7502,12415,6980,5435
B0103,19,329,District - Koch Bihar ,Rural,Technical degree or diploma equal to degree or post-graduate degree,1118,945,173,662,573,89,64,51,13,49,40,9,392,321,71,263,211,52
B0103,19,329,District - Koch Bihar ,Urban,Total,289434,146626,142808,91903,76724,15179,11357,6283,5074,8059,4632,3427,186174,63619,122555,56306,17686,38620
B0103,19,329,District - Koch Bihar ,Urban,Illiterate,56153,24285,31868,11259,7676,3583,1997,750,1247,1174,474,700,42897,15859,27038,4660,719,3941
B0103,19,329,District - Koch Bihar ,Urban,Literate,233281,122341,110940,80644,69048,11596,9360,5533,3827,6885,4158,2727,143277,47760,95517,51646,16967,34679
B0103,19,329,District - Koch Bihar ,Urban,Literate but below matric/secondary,131451,65112,66339,38433,33667,4766,5505,3284,2221,3905,2410,1495,87513,28161,59352,22473,6172,16301
B0103,19,329,District - Koch Bihar ,Urban,Matric/secondary but below graduate,60048,32308,27740,21092,18436,2656,2178,1274,904,1774,1035,739,36778,12598,24180,18663,6801,11862
B0103,19,329,District - Koch Bihar ,Urban,Technical diploma or certificate not equal to degree,840,701,139,484,422,62,23,20,3,18,15,3,333,259,74,177,126,51
B0103,19,329,District - Koch Bihar ,Urban,Graduate and above other than technical degree,32646,19510,13136,16697,13374,3323,1158,680,478,906,533,373,14791,5456,9335,9026,3313,5713
B0103,19,329,District - Koch Bihar ,Urban,Technical degree or diploma equal to degree or post-graduate degree,2585,1946,639,1654,1337,317,63,51,12,45,37,8,868,558,310,498,316,182
B0103,19,330,District - Uttar Dinajpur,Total,Total,3007134,1551066,1456068,824342,688769,135573,251284,110858,140426,162199,83071,79128,1931508,751439,1180069,341293,99858,241435
B0103,19,330,District - Uttar Dinajpur,Total,Illiterate,1517467,697571,819896,382734,296246,86488,139250,46373,92877,84631,34055,50576,995483,354952,640531,122013,18536,103477
B0103,19,330,District - Uttar Dinajpur,Total,Literate,1489667,853495,636172,441608,392523,49085,112034,64485,47549,77568,49016,28552,936025,396487,539538,219280,81322,137958
B0103,19,330,District - Uttar Dinajpur,Total,Literate but below matric/secondary,1154607,644614,509993,308012,276763,31249,87292,48701,38591,58982,36406,22576,759303,319150,440153,134441,42962,91479
B0103,19,330,District - Uttar Dinajpur,Total,Matric/secondary but below graduate,217670,132755,84915,77897,67793,10104,15010,9892,5118,11677,8052,3625,124763,55070,69693,63162,28832,34330
B0103,19,330,District - Uttar Dinajpur,Total,Technical diploma or certificate not equal to degree,1076,941,135,641,587,54,33,29,4,29,27,2,402,325,77,220,167,53
B0103,19,330,District - Uttar Dinajpur,Total,Graduate and above other than technical degree,52083,36392,15691,29299,24855,4444,2700,2016,684,2182,1639,543,20084,9521,10563,13188,6527,6661
B0103,19,330,District - Uttar Dinajpur,Total,Technical degree or diploma equal to degree or post-graduate degree,3052,2400,652,2043,1694,349,93,77,16,69,58,11,916,629,287,564,377,187
B0103,19,330,District - Uttar Dinajpur,Rural,Total,2644906,1362469,1282437,716552,597744,118808,239271,103624,135647,154289,78138,76151,1689083,661101,1027982,279735,80228,199507
B0103,19,330,District - Uttar Dinajpur,Rural,Illiterate,1411617,648828,762789,360985,279946,81039,135149,44178,90971,82279,32711,49568,915483,324704,590779,111850,16258,95592
B0103,19,330,District - Uttar Dinajpur,Rural,Literate,1233289,713641,519648,355567,317798,37769,104122,59446,44676,72010,45427,26583,773600,336397,437203,167885,63970,103915
B0103,19,330,District - Uttar Dinajpur,Rural,Literate but below matric/secondary,995962,561356,434606,263167,236933,26234,82154,45459,36695,55493,34126,21367,650641,278964,371677,110339,36172,74167
B0103,19,330,District - Uttar Dinajpur,Rural,Matric/secondary but below graduate,158003,99587,58416,57146,49793,7353,13423,8817,4606,10469,7267,3202,87434,40977,46457,44811,21515,23296
B0103,19,330,District - Uttar Dinajpur,Rural,Technical diploma or certificate not equal to degree,384,328,56,216,200,16,19,16,3,16,15,1,149,112,37,95,72,23
B0103,19,330,District - Uttar Dinajpur,Rural,Graduate and above other than technical degree,24131,18794,5337,13529,11874,1655,1933,1527,406,1593,1281,312,8669,5393,3276,6205,3999,2206
B0103,19,330,District - Uttar Dinajpur,Rural,Technical degree or diploma equal to degree or post-graduate degree,929,800,129,588,524,64,48,40,8,37,31,6,293,236,57,174,137,37
B0103,19,330,District - Uttar Dinajpur,Urban,Total,362228,188597,173631,107790,91025,16765,12013,7234,4779,7910,4933,2977,242425,90338,152087,61558,19630,41928
B0103,19,330,District - Uttar Dinajpur,Urban,Illiterate,105850,48743,57107,21749,16300,5449,4101,2195,1906,2352,1344,1008,80000,30248,49752,10163,2278,7885
B0103,19,330,District - Uttar Dinajpur,Urban,Literate,256378,139854,116524,86041,74725,11316,7912,5039,2873,5558,3589,1969,162425,60090,102335,51395,17352,34043
B0103,19,330,District - Uttar Dinajpur,Urban,Literate but below matric/secondary,158645,83258,75387,44845,39830,5015,5138,3242,1896,3489,2280,1209,108662,40186,68476,24102,6790,17312
B0103,19,330,District - Uttar Dinajpur,Urban,Matric/secondary but below graduate,59667,33168,26499,20751,18000,2751,1587,1075,512,1208,785,423,37329,14093,23236,18351,7317,11034
B0103,19,330,District - Uttar Dinajpur,Urban,Technical diploma or certificate not equal to degree,692,613,79,425,387,38,14,13,1,13,12,1,253,213,40,125,95,30
B0103,19,330,District - Uttar Dinajpur,Urban,Graduate and above other than technical degree,27952,17598,10354,15770,12981,2789,767,489,278,589,358,231,11415,4128,7287,6983,2528,4455
B0103,19,330,District - Uttar Dinajpur,Urban,Technical degree or diploma equal to degree or post-graduate degree,2123,1600,523,1455,1170,285,45,37,8,32,27,5,623,393,230,390,240,150
B0103,19,331,District - Dakshin Dinajpur,Total,Total,1676276,857199,819077,526470,427578,98892,176517,71982,104535,121769,55595,66174,973289,357639,615650,221655,64248,157407
B0103,19,331,District - Dakshin Dinajpur,Total,Illiterate,592591,260725,331866,170060,120832,49228,70902,19188,51714,45455,14249,31206,351629,120705,230924,40116,4361,35755
B0103,19,331,District - Dakshin Dinajpur,Total,Literate,1083685,596474,487211,356410,306746,49664,105615,52794,52821,76314,41346,34968,621660,236934,384726,181539,59887,121652
B0103,19,331,District - Dakshin Dinajpur,Total,Literate but below matric/secondary,815936,435273,380663,248987,215775,33212,81888,39068,42820,57601,30013,27588,485061,180430,304631,107352,28652,78700
B0103,19,331,District - Dakshin Dinajpur,Total,Matric/secondary but below graduate,171517,102108,69409,60294,52218,8076,13923,8505,5418,11390,7186,4204,97300,41385,55915,53350,22740,30610
B0103,19,331,District - Dakshin Dinajpur,Total,Technical diploma or certificate not equal to degree,592,516,76,318,288,30,20,16,4,14,11,3,254,212,42,133,104,29
B0103,19,331,District - Dakshin Dinajpur,Total,Graduate and above other than technical degree,49882,33683,16199,26236,21611,4625,3234,2308,926,2739,1967,772,20412,9764,10648,13991,6591,7400
B0103,19,331,District - Dakshin Dinajpur,Total,Technical degree or diploma equal to degree or post-graduate degree,2772,2170,602,1822,1491,331,109,82,27,76,59,17,841,597,244,498,359,139
B0103,19,331,District - Dakshin Dinajpur,Rural,Total,1439981,737771,702210,448743,365227,83516,164835,66070,98765,113703,51430,62273,826403,306474,519929,177204,50933,126271
B0103,19,331,District - Dakshin Dinajpur,Rural,Illiterate,549320,242174,307146,160619,114599,46020,68791,18470,50321,44208,13802,30406,319910,109105,210805,37160,3943,33217
B0103,19,331,District - Dakshin Dinajpur,Rural,Literate,890661,495597,395064,288124,250628,37496,96044,47600,48444,69495,37628,31867,506493,197369,309124,140044,46990,93054
B0103,19,331,District - Dakshin Dinajpur,Rural,Literate but below matric/secondary,708390,382792,325598,217241,189109,28132,76308,36136,40172,53957,28032,25925,414841,157547,257294,90372,24471,65901
B0103,19,331,District - Dakshin Dinajpur,Rural,Matric/secondary but below graduate,122338,75474,46864,42613,37684,4929,11581,7208,4373,9469,6163,3306,68144,30582,37562,37856,17157,20699
B0103,19,331,District - Dakshin Dinajpur,Rural,Technical diploma or certificate not equal to degree,192,171,21,96,89,7,12,9,3,11,9,2,84,73,11,61,51,10
B0103,19,331,District - Dakshin Dinajpur,Rural,Graduate and above other than technical degree,22522,16927,5595,11615,10058,1557,2103,1637,466,1812,1432,380,8804,5232,3572,6590,4000,2590
B0103,19,331,District - Dakshin Dinajpur,Rural,Technical degree or diploma equal to degree or post-graduate degree,792,679,113,473,421,52,61,53,8,44,39,5,258,205,53,164,132,32
B0103,19,331,District - Dakshin Dinajpur,Urban,Total,236295,119428,116867,77727,62351,15376,11682,5912,5770,8066,4165,3901,146886,51165,95721,44451,13315,31136
B0103,19,331,District - Dakshin Dinajpur,Urban,Illiterate,43271,18551,24720,9441,6233,3208,2111,718,1393,1247,447,800,31719,11600,20119,2956,418,2538
B0103,19,331,District - Dakshin Dinajpur,Urban,Literate,193024,100877,92147,68286,56118,12168,9571,5194,4377,6819,3718,3101,115167,39565,75602,41495,12897,28598
B0103,19,331,District - Dakshin Dinajpur,Urban,Literate but below matric/secondary,107546,52481,55065,31746,26666,5080,5580,2932,2648,3644,1981,1663,70220,22883,47337,16980,4181,12799
B0103,19,331,District - Dakshin Dinajpur,Urban,Matric/secondary but below graduate,49179,26634,22545,17681,14534,3147,2342,1297,1045,1921,1023,898,29156,10803,18353,15494,5583,9911
B0103,19,331,District - Dakshin Dinajpur,Urban,Technical diploma or certificate not equal to degree,400,345,55,222,199,23,8,7,1,3,2,1,170,139,31,72,53,19
B0103,19,331,District - Dakshin Dinajpur,Urban,Graduate and above other than technical degree,27360,16756,10604,14621,11553,3068,1131,671,460,927,535,392,11608,4532,7076,7401,2591,4810
B0103,19,331,District - Dakshin Dinajpur,Urban,Technical degree or diploma equal to degree or post-graduate degree,1980,1491,489,1349,1070,279,48,29,19,32,20,12,583,392,191,334,227,107
B0103,19,332,District - Maldah ,Total,Total,3988845,2051541,1937304,1050995,851932,199063,486852,234529,252323,336208,185915,150293,2450998,965080,1485918,486481,143202,343279
B0103,19,332,District - Maldah ,Total,Illiterate,1902413,899522,1002891,469777,357357,112420,250598,100677,149921,163271,77447,85824,1182038,441488,740550,156817,23723,133094
B0103,19,332,District - Maldah ,Total,Literate,2086432,1152019,934413,581218,494575,86643,236254,133852,102402,172937,108468,64469,1268960,523592,745368,329664,119479,210185
B0103,19,332,District - Maldah ,Total,Literate but below matric/secondary,1625927,863992,761935,403161,341725,61436,183393,99446,83947,130392,79001,51391,1039373,422821,616552,209894,64796,145098
B0103,19,332,District - Maldah ,Total,Matric/secondary but below graduate,312868,191916,120952,107665,93085,14580,35444,23913,11531,29562,20972,8590,169759,74918,94841,89354,40536,48818
B0103,19,332,District - Maldah ,Total,Technical diploma or certificate not equal to degree,1555,1361,194,891,819,72,57,47,10,45,38,7,607,495,112,337,277,60
B0103,19,332,District - Maldah ,Total,Graduate and above other than technical degree,81399,56828,24571,42182,35876,6306,6437,4885,1552,5415,4184,1231,32780,16067,16713,20824,10947,9877
B0103,19,332,District - Maldah ,Total,Technical degree or diploma equal to degree or post-graduate degree,5341,4296,1045,3250,2777,473,220,165,55,156,117,39,1871,1354,517,1135,832,303
B0103,19,332,District - Maldah ,Rural,Total,3447185,1768336,1678849,886443,721574,164869,447319,214672,232647,308790,170168,138622,2113423,832090,1281333,412204,118223,293981
B0103,19,332,District - Maldah ,Rural,Illiterate,1715508,806927,908581,422092,323546,98546,236972,95100,141872,155158,73348,81810,1056444,388281,668163,144782,21070,123712
B0103,19,332,District - Maldah ,Rural,Literate,1731677,961409,770268,464351,398028,66323,210347,119572,90775,153632,96820,56812,1056979,443809,613170,267422,97153,170269
B0103,19,332,District - Maldah ,Rural,Literate but below matric/secondary,1399439,747975,651464,336682,287647,49035,166909,91553,75356,119005,72956,46049,895848,368775,527073,179255,55339,123916
B0103,19,332,District - Maldah ,Rural,Matric/secondary but below graduate,234551,148288,86263,82310,71211,11099,28816,19163,9653,23785,16667,7118,123425,57914,65511,68823,32384,36439
B0103,19,332,District - Maldah ,Rural,Technical diploma or certificate not equal to degree,546,476,70,300,271,29,25,22,3,22,20,2,221,183,38,144,124,20
B0103,19,332,District - Maldah ,Rural,Graduate and above other than technical degree,44246,33961,10285,23315,20378,2937,4689,3815,874,4003,3319,684,16242,9768,6474,11881,7234,4647
B0103,19,332,District - Maldah ,Rural,Technical degree or diploma equal to degree or post-graduate degree,2146,1864,282,1287,1151,136,107,88,19,78,63,15,752,625,127,497,408,89
B0103,19,332,District - Maldah ,Urban,Total,541660,283205,258455,164552,130358,34194,39533,19857,19676,27418,15747,11671,337575,132990,204585,74277,24979,49298
B0103,19,332,District - Maldah ,Urban,Illiterate,186905,92595,94310,47685,33811,13874,13626,5577,8049,8113,4099,4014,125594,53207,72387,12035,2653,9382
B0103,19,332,District - Maldah ,Urban,Literate,354755,190610,164145,116867,96547,20320,25907,14280,11627,19305,11648,7657,211981,79783,132198,62242,22326,39916
B0103,19,332,District - Maldah ,Urban,Literate but below matric/secondary,226488,116017,110471,66479,54078,12401,16484,7893,8591,11387,6045,5342,143525,54046,89479,30639,9457,21182
B0103,19,332,District - Maldah ,Urban,Matric/secondary but below graduate,78317,43628,34689,25355,21874,3481,6628,4750,1878,5777,4305,1472,46334,17004,29330,20531,8152,12379
B0103,19,332,District - Maldah ,Urban,Technical diploma or certificate not equal to degree,1009,885,124,591,548,43,32,25,7,23,18,5,386,312,74,193,153,40
B0103,19,332,District - Maldah ,Urban,Graduate and above other than technical degree,37153,22867,14286,18867,15498,3369,1748,1070,678,1412,865,547,16538,6299,10239,8943,3713,5230
B0103,19,332,District - Maldah ,Urban,Technical degree or diploma equal to degree or post-graduate degree,3195,2432,763,1963,1626,337,113,77,36,78,54,24,1119,729,390,638,424,214
B0103,19,333,District - Murshidabad ,Total,Total,7103807,3627564,3476243,2022083,1662624,359459,567824,323043,244781,358097,234576,123521,4513900,1641897,2872003,950330,262252,688078
B0103,19,333,District - Murshidabad ,Total,Illiterate,3047973,1450377,1597596,833785,641812,191973,249837,121518,128319,139228,82706,56522,1964351,687047,1277304,239282,31135,208147
B0103,19,333,District - Murshidabad ,Total,Literate,4055834,2177187,1878647,1188298,1020812,167486,317987,201525,116462,218869,151870,66999,2549549,954850,1594699,711048,231117,479931
B0103,19,333,District - Murshidabad ,Total,Literate but below matric/secondary,3171796,1636804,1534992,841381,720281,121100,246105,151642,94463,162793,111140,51653,2084310,764881,1319429,459248,122228,337020
B0103,19,333,District - Murshidabad ,Total,Matric/secondary but below graduate,594739,353988,240751,202623,176817,25806,46645,32945,13700,37773,27548,10225,345471,144226,201245,192498,83965,108533
B0103,19,333,District - Murshidabad ,Total,Technical diploma or certificate not equal to degree,3055,2712,343,1764,1606,158,103,91,12,75,65,10,1188,1015,173,732,616,116
B0103,19,333,District - Murshidabad ,Total,Graduate and above other than technical degree,147713,105635,42078,81575,70323,11252,9123,7313,1810,7653,6163,1490,57015,27999,29016,36431,18603,17828
B0103,19,333,District - Murshidabad ,Total,Technical degree or diploma equal to degree or post-graduate degree,9590,7733,1857,6139,5225,914,324,258,66,240,191,49,3127,2250,877,1836,1367,469
B0103,19,333,District - Murshidabad ,Rural,Total,5703115,2917822,2785293,1534846,1326510,208336,472959,286015,186944,309180,209662,99518,3695310,1305297,2390013,793804,204325,589479
B0103,19,333,District - Murshidabad ,Rural,Illiterate,2509613,1204137,1305476,653419,542599,110820,207961,109568,98393,121776,75362,46414,1648233,551970,1096263,217658,25316,192342
B0103,19,333,District - Murshidabad ,Rural,Literate,3193502,1713685,1479817,881427,783911,97516,264998,176447,88551,187404,134300,53104,2047077,753327,1293750,576146,179009,397137
B0103,19,333,District - Murshidabad ,Rural,Literate but below matric/secondary,2571726,1326839,1244887,645068,574180,70888,206646,133878,72768,141257,99229,42028,1720012,618781,1101231,392277,98958,293319
B0103,19,333,District - Murshidabad ,Rural,Matric/secondary but below graduate,428532,261471,167061,144439,128531,15908,37634,28177,9457,30976,23764,7212,246459,104763,141696,144064,63290,80774
B0103,19,333,District - Murshidabad ,Rural,Technical diploma or certificate not equal to degree,1122,1021,101,585,539,46,47,45,2,31,30,1,490,437,53,343,307,36
B0103,19,333,District - Murshidabad ,Rural,Graduate and above other than technical degree,78744,61047,17697,43799,38849,4950,6671,5719,952,5706,4933,773,28274,16479,11795,20765,12272,8493
B0103,19,333,District - Murshidabad ,Rural,Technical degree or diploma equal to degree or post-graduate degree,3283,2912,371,1997,1817,180,154,139,15,117,107,10,1132,956,176,752,640,112
B0103,19,333,District - Murshidabad ,Urban,Total,1400692,709742,690950,487237,336114,151123,94865,37028,57837,48917,24914,24003,818590,336600,481990,156526,57927,98599
B0103,19,333,District - Murshidabad ,Urban,Illiterate,538360,246240,292120,180366,99213,81153,41876,11950,29926,17452,7344,10108,316118,135077,181041,21624,5819,15805
B0103,19,333,District - Murshidabad ,Urban,Literate,862332,463502,398830,306871,236901,69970,52989,25078,27911,31465,17570,13895,502472,201523,300949,134902,52108,82794
B0103,19,333,District - Murshidabad ,Urban,Literate but below matric/secondary,600070,309965,290105,196313,146101,50212,39459,17764,21695,21536,11911,9625,364298,146100,218198,66971,23270,43701
B0103,19,333,District - Murshidabad ,Urban,Matric/secondary but below graduate,166207,92517,73690,58184,48286,9898,9011,4768,4243,6797,3784,3013,99012,39463,59549,48434,20675,27759
B0103,19,333,District - Murshidabad ,Urban,Technical diploma or certificate not equal to degree,1933,1691,242,1179,1067,112,56,46,10,44,35,9,698,578,120,389,309,80
B0103,19,333,District - Murshidabad ,Urban,Graduate and above other than technical degree,68969,44588,24381,37776,31474,6302,2452,1594,858,1947,1230,717,28741,11520,17221,15666,6331,9335
B0103,19,333,District - Murshidabad ,Urban,Technical degree or diploma equal to degree or post-graduate degree,6307,4821,1486,4142,3408,734,170,119,51,123,84,39,1995,1294,701,1084,727,357
B0103,19,334,District - Birbhum,Total,Total,3502404,1790920,1711484,912844,785648,127196,418759,244122,174637,284691,183964,100727,2170801,761150,1409651,496053,138533,357520
B0103,19,334,District - Birbhum,Total,Illiterate,1343957,589439,754518,282070,216577,65493,174729,75317,99412,107113,52728,54385,887158,297545,589613,113849,13695,100154
B0103,19,334,District - Birbhum,Total,Literate,2158447,1201481,956966,630774,569071,61703,244030,168805,75225,177578,131236,46342,1283643,463605,820038,382204,124838,257366
B0103,19,334,District - Birbhum,Total,Literate but below matric/secondary,1596926,845154,751772,408288,370192,38096,184524,124038,60486,131069,94662,36407,1004114,350924,653190,233268,59980,173288
B0103,19,334,District - Birbhum,Total,Matric/secondary but below graduate,350322,217232,133090,120268,109251,11017,34824,27837,6987,28851,23579,5272,195230,80144,115086,109296,47925,61371
B0103,19,334,District - Birbhum,Total,Technical diploma or certificate not equal to degree,2469,2216,253,1446,1333,113,133,122,11,103,94,9,890,761,129,463,385,78
B0103,19,334,District - Birbhum,Total,Graduate and above other than technical degree,109384,81028,28356,60867,54000,6867,7972,6852,1120,6721,5858,863,40545,20176,20369,24654,12517,12137
B0103,19,334,District - Birbhum,Total,Technical degree or diploma equal to degree or post-graduate degree,7027,5889,1138,4467,3955,512,225,194,31,167,143,24,2335,1740,595,1239,895,344
B0103,19,334,District - Birbhum,Rural,Total,3052956,1561976,1490980,773482,670503,102979,395009,230667,164342,267859,173776,94083,1884465,660806,1223659,419795,114423,305372
B0103,19,334,District - Birbhum,Rural,Illiterate,1220590,536315,684275,253138,197603,55535,167569,72229,95340,102629,50661,51968,799883,266483,533400,102941,12093,90848
B0103,19,334,District - Birbhum,Rural,Literate,1832366,1025661,806705,520344,472900,47444,227440,158438,69002,165230,123115,42115,1084582,394323,690259,316854,102330,214524
B0103,19,334,District - Birbhum,Rural,Literate but below matric/secondary,1405790,748394,657396,353668,322381,31287,173608,117264,56344,123204,89444,33760,878514,308749,569765,203228,51429,151799
B0103,19,334,District - Birbhum,Rural,Matric/secondary but below graduate,274006,176350,97656,95511,87240,8271,31588,25823,5765,26255,21918,4337,146907,63287,83620,86152,38918,47234
B0103,19,334,District - Birbhum,Rural,Technical diploma or certificate not equal to degree,1314,1199,115,786,733,53,100,93,7,82,76,6,428,373,55,245,215,30
B0103,19,334,District - Birbhum,Rural,Graduate and above other than technical degree,64954,51715,13239,36728,33380,3348,6439,5824,615,5501,5026,475,21787,12511,9276,14831,8576,6255
B0103,19,334,District - Birbhum,Rural,Technical degree or diploma equal to degree or post-graduate degree,3106,2726,380,1993,1824,169,130,122,8,100,94,6,983,780,203,565,440,125
B0103,19,334,District - Birbhum,Urban,Total,449448,228944,220504,139362,115145,24217,23750,13455,10295,16832,10188,6644,286336,100344,185992,76258,24110,52148
B0103,19,334,District - Birbhum,Urban,Illiterate,123367,53124,70243,28932,18974,9958,7160,3088,4072,4484,2067,2417,87275,31062,56213,10908,1602,9306
B0103,19,334,District - Birbhum,Urban,Literate,326081,175820,150261,110430,96171,14259,16590,10367,6223,12348,8121,4227,199061,69282,129779,65350,22508,42842
B0103,19,334,District - Birbhum,Urban,Literate but below matric/secondary,191136,96760,94376,54620,47811,6809,10916,6774,4142,7865,5218,2647,125600,42175,83425,30040,8551,21489
B0103,19,334,District - Birbhum,Urban,Matric/secondary but below graduate,76316,40882,35434,24757,22011,2746,3236,2014,1222,2596,1661,935,48323,16857,31466,23144,9007,14137
B0103,19,334,District - Birbhum,Urban,Technical diploma or certificate not equal to degree,1155,1017,138,660,600,60,33,29,4,21,18,3,462,388,74,218,170,48
B0103,19,334,District - Birbhum,Urban,Graduate and above other than technical degree,44430,29313,15117,24139,20620,3519,1533,1028,505,1220,832,388,18758,7665,11093,9823,3941,5882
B0103,19,334,District - Birbhum,Urban,Technical degree or diploma equal to degree or post-graduate degree,3921,3163,758,2474,2131,343,95,72,23,67,49,18,1352,960,392,674,455,219
B0103,19,335,District - Barddhaman ,Total,Total,7717563,3966889,3750674,2166742,1838681,328061,744509,454402,290107,525577,344115,181462,4806312,1673806,3132506,1156047,373325,782722
B0103,19,335,District - Barddhaman ,Total,Illiterate,2470355,1048849,1421506,521939,368449,153490,276831,126333,150498,178163,89663,88500,1671585,554067,1117518,200531,30011,170520
B0103,19,335,District - Barddhaman ,Total,Literate,5247208,2918040,2329168,1644803,1470232,174571,467678,328069,139609,347414,254452,92962,3134727,1119739,2014988,955516,343314,612202
B0103,19,335,District - Barddhaman ,Total,Literate but below matric/secondary,3537801,1879529,1658272,979282,874455,104827,336801,234961,101840,246700,181651,65049,2221718,770113,1451605,520811,155668,365143
B0103,19,335,District - Barddhaman ,Total,Matric/secondary but below graduate,1058897,622394,436503,354513,326102,28411,77376,56816,20560,61796,45717,16079,627008,239476,387532,301359,129606,171753
B0103,19,335,District - Barddhaman ,Total,Technical diploma or certificate not equal to degree,15371,13746,1625,8440,7865,575,702,635,67,483,440,43,6229,5246,983,3246,2686,560
B0103,19,335,District - Barddhaman ,Total,Graduate and above other than technical degree,412104,273416,138688,210147,184269,25878,25764,18654,7110,19825,14251,5574,176193,70493,105700,94065,41388,52677
B0103,19,335,District - Barddhaman ,Total,Technical degree or diploma equal to degree or post-graduate degree,36102,27876,8226,21685,18303,3382,1543,1087,456,1016,684,332,12874,8486,4388,7176,4799,2377
B0103,19,335,District - Barddhaman ,Rural,Total,4639264,2373787,2265477,1336652,1122767,213885,532543,314751,217792,366805,235467,131338,2770069,936269,1833800,645696,184078,461618
B0103,19,335,District - Barddhaman ,Rural,Illiterate,1640987,702231,938756,384711,270028,114683,218537,95339,123198,136960,66024,70936,1037739,336864,700875,122243,14644,107599
B0103,19,335,District - Barddhaman ,Rural,Literate,2998277,1671556,1326721,951941,852739,99202,314006,219412,94594,229845,169443,60402,1732330,599405,1132925,523453,169434,354019
B0103,19,335,District - Barddhaman ,Rural,Literate but below matric/secondary,2268113,1207450,1060663,654474,582828,71646,245164,168194,76970,176720,128709,48011,1368475,456428,912047,328693,85748,242945
B0103,19,335,District - Barddhaman ,Rural,Matric/secondary but below graduate,487525,298998,188527,174288,161048,13240,41642,32293,9349,33367,26240,7127,271595,105657,165938,148473,62620,85853
B0103,19,335,District - Barddhaman ,Rural,Technical diploma or certificate not equal to degree,3333,3024,309,1873,1766,107,165,159,6,119,114,5,1295,1099,196,805,675,130
B0103,19,335,District - Barddhaman ,Rural,Graduate and above other than technical degree,135305,103171,32134,77561,70579,6982,10261,8690,1571,8300,7069,1231,47483,23902,23581,31300,16161,15139
B0103,19,335,District - Barddhaman ,Rural,Technical degree or diploma equal to degree or post-graduate degree,6080,5210,870,3760,3374,386,222,186,36,150,125,25,2098,1650,448,1303,1017,286
B0103,19,335,District - Barddhaman ,Urban,Total,3078299,1593102,1485197,830090,715914,114176,211966,139651,72315,158772,108648,50124,2036243,737537,1298706,510351,189247,321104
B0103,19,335,District - Barddhaman ,Urban,Illiterate,829368,346618,482750,137228,98421,38807,58294,30994,27300,41203,23639,17564,633846,217203,416643,78288,15367,62921
B0103,19,335,District - Barddhaman ,Urban,Literate,2248931,1246484,1002447,692862,617493,75369,153672,108657,45015,117569,85009,32560,1402397,520334,882063,432063,173880,258183
B0103,19,335,District - Barddhaman ,Urban,Literate but below matric/secondary,1269688,672079,597609,324808,291627,33181,91637,66767,24870,69980,52942,17038,853243,313685,539558,192118,69920,122198
B0103,19,335,District - Barddhaman ,Urban,Matric/secondary but below graduate,571372,323396,247976,180225,165054,15171,35734,24523,11211,28429,19477,8952,355413,133819,221594,152886,66986,85900
B0103,19,335,District - Barddhaman ,Urban,Technical diploma or certificate not equal to degree,12038,10722,1316,6567,6099,468,537,476,61,364,326,38,4934,4147,787,2441,2011,430
B0103,19,335,District - Barddhaman ,Urban,Graduate and above other than technical degree,276799,170245,106554,132586,113690,18896,15503,9964,5539,11525,7182,4343,128710,46591,82119,62765,25227,37538
B0103,19,335,District - Barddhaman ,Urban,Technical degree or diploma equal to degree or post-graduate degree,30022,22666,7356,17925,14929,2996,1321,901,420,866,559,307,10776,6836,3940,5873,3782,2091
B0103,19,336,District - Nadia ,Total,Total,5167600,2653768,2513832,1595880,1405191,190689,246727,148899,97828,161375,106021,55354,3324993,1099678,2225315,844203,238126,606077
B0103,19,336,District - Nadia ,Total,Illiterate,1687045,774902,912143,448193,380400,67793,77686,41145,36541,43688,25850,17838,1161166,353357,807809,150218,15277,134941
B0103,19,336,District - Nadia ,Total,Literate,3480555,1878866,1601689,1147687,1024791,122896,169041,107754,61287,117687,80171,37516,2163827,746321,1417506,693985,222849,471136
B0103,19,336,District - Nadia ,Total,Literate but below matric/secondary,2578040,1328485,1249555,788845,704847,83998,126926,78239,48687,84807,56526,28281,1662269,545399,1116870,426201,105308,320893
B0103,19,336,District - Nadia ,Total,Matric/secondary but below graduate,595354,356925,238429,205401,188485,16916,26760,19311,7449,21790,15932,5858,363193,149129,214064,197587,88102,109485
B0103,19,336,District - Nadia ,Total,Technical diploma or certificate not equal to degree,4342,3825,517,2369,2154,215,107,92,15,84,75,9,1866,1579,287,1050,894,156
B0103,19,336,District - Nadia ,Total,Graduate and above other than technical degree,194759,129786,64973,102018,87195,14823,7985,5856,2129,6464,4784,1680,84756,36735,48021,51267,23618,27649
B0103,19,336,District - Nadia ,Total,Technical degree or diploma equal to degree or post-graduate degree,11755,8878,2877,7234,5821,1413,369,284,85,250,191,59,4152,2773,1379,2362,1586,776
B0103,19,336,District - Nadia ,Rural,Total,3728727,1921112,1807615,1105737,1003628,102109,184865,117672,67193,121440,84248,37192,2438125,799812,1638313,607664,164846,442818
B0103,19,336,District - Nadia ,Rural,Illiterate,1374641,639676,734965,372065,328129,43936,65108,36372,28736,37144,22996,14148,937468,275175,662293,128652,11709,116943
B0103,19,336,District - Nadia ,Rural,Literate,2354086,1281436,1072650,733672,675499,58173,119757,81300,38457,84296,61252,23044,1500657,524637,976020,479012,153137,325875
B0103,19,336,District - Nadia ,Rural,Literate but below matric/secondary,1851999,961186,890813,537701,495627,42074,92815,60826,31989,62874,44466,18408,1221483,404733,816750,317281,77121,240160
B0103,19,336,District - Nadia ,Rural,Matric/secondary but below graduate,352102,221432,130670,120872,112977,7895,17779,13932,3847,14751,11720,3031,213451,94523,118928,125792,59591,66201
B0103,19,336,District - Nadia ,Rural,Technical diploma or certificate not equal to degree,1247,1124,123,629,578,51,28,27,1,22,21,1,590,519,71,394,352,42
B0103,19,336,District - Nadia ,Rural,Graduate and above other than technical degree,82254,60880,21374,44667,39726,4941,4274,3557,717,3619,3043,576,33313,17597,15716,24498,13517,10981
B0103,19,336,District - Nadia ,Rural,Technical degree or diploma equal to degree or post-graduate degree,2887,2355,532,1746,1481,265,103,89,14,72,63,9,1038,785,253,698,537,161
B0103,19,336,District - Nadia ,Urban,Total,1438873,732656,706217,490143,401563,88580,61862,31227,30635,39935,21773,18162,886868,299866,587002,236539,73280,163259
B0103,19,336,District - Nadia ,Urban,Illiterate,312404,135226,177178,76128,52271,23857,12578,4773,7805,6544,2854,3690,223698,78182,145516,21566,3568,17998
B0103,19,336,District - Nadia ,Urban,Literate,1126469,597430,529039,414015,349292,64723,49284,26454,22830,33391,18919,14472,663170,221684,441486,214973,69712,145261
B0103,19,336,District - Nadia ,Urban,Literate but below matric/secondary,726041,367299,358742,251144,209220,41924,34111,17413,16698,21933,12060,9873,440786,140666,300120,108920,28187,80733
B0103,19,336,District - Nadia ,Urban,Matric/secondary but below graduate,243252,135493,107759,84529,75508,9021,8981,5379,3602,7039,4212,2827,149742,54606,95136,71795,28511,43284
B0103,19,336,District - Nadia ,Urban,Technical diploma or certificate not equal to degree,3095,2701,394,1740,1576,164,79,65,14,62,54,8,1276,1060,216,656,542,114
B0103,19,336,District - Nadia ,Urban,Graduate and above other than technical degree,112505,68906,43599,57351,47469,9882,3711,2299,1412,2845,1741,1104,51443,19138,32305,26769,10101,16668
B0103,19,336,District - Nadia ,Urban,Technical degree or diploma equal to degree or post-graduate degree,8868,6523,2345,5488,4340,1148,266,195,71,178,128,50,3114,1988,1126,1664,1049,615
B0103,19,337,District - North Twenty Four Parganas,Total,Total,10009781,5119389,4890392,3055630,2630907,424723,515994,314282,201712,316650,213987,102663,6438157,2174200,4263957,1663026,504218,1158808
B0103,19,337,District - North Twenty Four Parganas,Total,Illiterate,2401088,1063343,1337745,481811,373267,108544,126425,60329,66096,70666,38924,31742,1792852,629747,1163105,194705,31935,162770
B0103,19,337,District - North Twenty Four Parganas,Total,Literate,7608693,4056046,3552647,2573819,2257640,316179,389569,253953,135616,245984,175063,70921,4645305,1544453,3100852,1468321,472283,996038
B0103,19,337,District - North Twenty Four Parganas,Total,Literate but below matric/secondary,4782581,2451861,2330720,1442255,1280816,161439,282743,181604,101139,180250,127158,53092,3057583,989441,2068142,770943,203632,567311
B0103,19,337,District - North Twenty Four Parganas,Total,Matric/secondary but below graduate,1586058,874995,711063,541831,486772,55059,58480,41156,17324,38764,29047,9717,985747,347067,638680,450431,178318,272113
B0103,19,337,District - North Twenty Four Parganas,Total,Technical diploma or certificate not equal to degree,26347,22665,3682,14737,13304,1433,597,507,90,229,189,40,11013,8854,2159,4915,3777,1138
B0103,19,337,District - North Twenty Four Parganas,Total,Graduate and above other than technical degree,866297,514909,351388,428516,357100,71416,26018,17844,8174,14849,10885,3964,411763,139965,271798,181029,65265,115764
B0103,19,337,District - North Twenty Four Parganas,Total,Technical degree or diploma equal to degree or post-graduate degree,79066,55021,24045,47815,36979,10836,1879,1238,641,648,437,211,29372,16804,12568,13352,7650,5702
B0103,19,337,District - North Twenty Four Parganas,Rural,Total,4277619,2196554,2081065,1225454,1091026,134428,332672,201767,130905,216233,146861,69372,2719493,903761,1815732,689459,187949,501510
B0103,19,337,District - North Twenty Four Parganas,Rural,Illiterate,1348253,603528,744725,287418,236486,50932,94362,44781,49581,54444,29981,24463,966473,322261,644212,113814,14405,99409
B0103,19,337,District - North Twenty Four Parganas,Rural,Literate,2929366,1593026,1336340,938036,854540,83496,238310,156986,81324,161789,116880,44909,1753020,581500,1171520,575645,173544,402101
B0103,19,337,District - North Twenty Four Parganas,Rural,Literate but below matric/secondary,2304906,1215582,1089324,702375,642415,59960,193280,124744,68536,128425,91296,37129,1409251,448423,960828,381151,91460,289691
B0103,19,337,District - North Twenty Four Parganas,Rural,Matric/secondary but below graduate,407567,239336,168231,136984,124661,12323,26117,19313,6804,20315,15775,4540,244466,95362,149104,143316,60031,83285
B0103,19,337,District - North Twenty Four Parganas,Rural,Technical diploma or certificate not equal to degree,1712,1489,223,880,801,79,55,47,8,38,34,4,777,641,136,539,443,96
B0103,19,337,District - North Twenty Four Parganas,Rural,Graduate and above other than technical degree,104995,76399,28596,54848,48804,6044,6927,5778,1149,5659,4840,819,43220,21817,21403,31274,16629,14645
B0103,19,337,District - North Twenty Four Parganas,Rural,Technical degree or diploma equal to degree or post-graduate degree,4605,3637,968,2809,2398,411,148,130,18,99,88,11,1648,1109,539,1037,716,321
B0103,19,337,District - North Twenty Four Parganas,Urban,Total,5732162,2922835,2809327,1830176,1539881,290295,183322,112515,70807,100417,67126,33291,3718664,1270439,2448225,973567,316269,657298
B0103,19,337,District - North Twenty Four Parganas,Urban,Illiterate,1052835,459815,593020,194393,136781,57612,32063,15548,16515,16222,8943,7279,826379,307486,518893,80891,17530,63361
B0103,19,337,District - North Twenty Four Parganas,Urban,Literate,4679327,2463020,2216307,1635783,1403100,232683,151259,96967,54292,84195,58183,26012,2892285,962953,1929332,892676,298739,593937
B0103,19,337,District - North Twenty Four Parganas,Urban,Literate but below matric/secondary,2477675,1236279,1241396,739880,638401,101479,89463,56860,32603,51825,35862,15963,1648332,541018,1107314,389792,112172,277620
B0103,19,337,District - North Twenty Four Parganas,Urban,Matric/secondary but below graduate,1178491,635659,542832,404847,362111,42736,32363,21843,10520,18449,13272,5177,741281,251705,489576,307115,118287,188828
B0103,19,337,District - North Twenty Four Parganas,Urban,Technical diploma or certificate not equal to degree,24635,21176,3459,13857,12503,1354,542,460,82,191,155,36,10236,8213,2023,4376,3334,1042
B0103,19,337,District - North Twenty Four Parganas,Urban,Graduate and above other than technical degree,761302,438510,322792,373668,308296,65372,19091,12066,7025,9190,6045,3145,368543,118148,250395,149755,48636,101119
B0103,19,337,District - North Twenty Four Parganas,Urban,Technical degree or diploma equal to degree or post-graduate degree,74461,51384,23077,45006,34581,10425,1731,1108,623,549,349,200,27724,15695,12029,12315,6934,5381
B0103,19,338,District - Hugli ,Total,Total,5519145,2814653,2704492,1714645,1463433,251212,438225,250175,188050,288934,175987,112947,3366275,1101045,2265230,815013,226550,588463
B0103,19,338,District - Hugli ,Total,Illiterate,1440757,602876,837881,305116,208590,96526,133782,55930,77852,78562,36565,41997,1001859,338356,663503,96667,13398,83269
B0103,19,338,District - Hugli ,Total,Literate,4078388,2211777,1866611,1409529,1254843,154686,304443,194245,110198,210372,139422,70950,2364416,762689,1601727,718346,213152,505194
B0103,19,338,District - Hugli ,Total,Literate but below matric/secondary,2760001,1456399,1303602,875403,784395,91008,225467,144380,81087,151858,102104,49754,1659131,527624,1131507,393058,98800,294258
B0103,19,338,District - Hugli ,Total,Matric/secondary but below graduate,778147,423559,354588,266605,241721,24884,44526,28186,16340,34376,21891,12485,467016,153652,313364,222895,79550,143345
B0103,19,338,District - Hugli ,Total,Technical diploma or certificate not equal to degree,11945,10614,1331,6675,6224,451,414,354,60,302,250,52,4856,4036,820,2320,1848,472
B0103,19,338,District - Hugli ,Total,Graduate and above other than technical degree,361237,226583,134654,187311,160495,26816,16546,10854,5692,12398,7953,4445,157380,55234,102146,74962,25340,49622
B0103,19,338,District - Hugli ,Total,Technical degree or diploma equal to degree or post-graduate degree,26619,19619,7000,16442,13258,3184,833,596,237,536,380,156,9344,5765,3579,4632,2809,1823
B0103,19,338,District - Hugli ,Rural,Total,3390646,1722945,1667701,1029377,880291,149086,343654,196236,147418,224347,139013,85334,2017615,646418,1371197,481331,123787,357544
B0103,19,338,District - Hugli ,Rural,Illiterate,1001102,413178,587924,218244,147588,70656,115249,47023,68226,67474,30998,36476,667609,218567,449042,65458,7163,58295
B0103,19,338,District - Hugli ,Rural,Literate,2389544,1309767,1079777,811133,732703,78430,228405,149213,79192,156873,108015,48858,1350006,427851,922155,415873,116624,299249
B0103,19,338,District - Hugli ,Rural,Literate but below matric/secondary,1799260,964206,835054,575551,520698,54853,179874,116669,63205,120368,82689,37679,1043835,326839,716996,252953,59130,193823
B0103,19,338,District - Hugli ,Rural,Matric/secondary but below graduate,376824,208095,168729,129083,117897,11186,27234,18313,8921,21318,14657,6661,220507,71885,148622,120349,42077,78272
B0103,19,338,District - Hugli ,Rural,Technical diploma or certificate not equal to degree,3003,2716,287,1714,1618,96,142,132,10,112,104,8,1147,966,181,749,629,120
B0103,19,338,District - Hugli ,Rural,Graduate and above other than technical degree,119361,83641,35720,66063,59098,6965,8036,6190,1846,6407,4942,1465,45262,18353,26909,28465,11399,17066
B0103,19,338,District - Hugli ,Rural,Technical degree or diploma equal to degree or post-graduate degree,5967,4879,1088,3748,3249,499,208,172,36,129,106,23,2011,1458,553,1203,863,340
B0103,19,338,District - Hugli ,Urban,Total,2128499,1091708,1036791,685268,583142,102126,94571,53939,40632,64587,36974,27613,1348660,454627,894033,333682,102763,230919
B0103,19,338,District - Hugli ,Urban,Illiterate,439655,189698,249957,86872,61002,25870,18533,8907,9626,11088,5567,5521,334250,119789,214461,31209,6235,24974
B0103,19,338,District - Hugli ,Urban,Literate,1688844,902010,786834,598396,522140,76256,76038,45032,31006,53499,31407,22092,1014410,334838,679572,302473,96528,205945
B0103,19,338,District - Hugli ,Urban,Literate but below matric/secondary,960741,492193,468548,299852,263697,36155,45593,27711,17882,31490,19415,12075,615296,200785,414511,140105,39670,100435
B0103,19,338,District - Hugli ,Urban,Matric/secondary but below graduate,401323,215464,185859,137522,123824,13698,17292,9873,7419,13058,7234,5824,246509,81767,164742,102546,37473,65073
B0103,19,338,District - Hugli ,Urban,Technical diploma or certificate not equal to degree,8942,7898,1044,4961,4606,355,272,222,50,190,146,44,3709,3070,639,1571,1219,352
B0103,19,338,District - Hugli ,Urban,Graduate and above other than technical degree,241876,142942,98934,121248,101397,19851,8510,4664,3846,5991,3011,2980,112118,36881,75237,46497,13941,32556
B0103,19,338,District - Hugli ,Urban,Technical degree or diploma equal to degree or post-graduate degree,20652,14740,5912,12694,10009,2685,625,424,201,407,274,133,7333,4307,3026,3429,1946,1483
B0103,19,339,District - Bankura ,Total,Total,3596674,1838095,1758579,916393,762088,154305,549827,288734,261093,381688,223488,158200,2130454,787273,1343181,457568,147455,310113
B0103,19,339,District - Bankura ,Total,Illiterate,1363682,538758,824924,265420,173405,92015,248399,83557,164842,158355,60885,97470,849863,281796,568067,94420,11970,82450
B0103,19,339,District - Bankura ,Total,Literate,2232992,1299337,933655,650973,588683,62290,301428,205177,96251,223333,162603,60730,1280591,505477,775114,363148,135485,227663
B0103,19,339,District - Bankura ,Total,Literate but below matric/secondary,1622949,897002,725947,414166,374845,39321,231646,152090,79556,168782,119335,49447,977137,370067,607070,204846,59573,145273
B0103,19,339,District - Bankura ,Total,Matric/secondary but below graduate,382723,249306,133417,129778,119619,10159,40341,32746,7595,32828,27320,5508,212604,96941,115663,113451,54772,58679
B0103,19,339,District - Bankura ,Total,Technical diploma or certificate not equal to degree,4690,4152,538,2763,2491,272,210,194,16,152,141,11,1717,1467,250,941,795,146
B0103,19,339,District - Bankura ,Total,Graduate and above other than technical degree,118820,88374,30446,63002,55876,7126,9938,8510,1428,8102,7008,1094,45880,23988,21892,29012,15534,13478
B0103,19,339,District - Bankura ,Total,Technical degree or diploma equal to degree or post-graduate degree,9347,7898,1449,5897,5178,719,357,301,56,248,212,36,3093,2419,674,1748,1335,413
B0103,19,339,District - Bankura ,Rural,Total,3296901,1685777,1611124,824968,687046,137922,531946,278480,253466,370079,216118,153961,1939987,720251,1219736,407739,129869,277870
B0103,19,339,District - Bankura ,Rural,Illiterate,1294249,511402,782847,251266,165275,85991,243510,81758,161752,155726,59706,96020,799473,264369,535104,88947,10942,78005
B0103,19,339,District - Bankura ,Rural,Literate,2002652,1174375,828277,573702,521771,51931,288436,196722,91714,214353,156412,57941,1140514,455882,684632,318792,118927,199865
B0103,19,339,District - Bankura ,Rural,Literate but below matric/secondary,1496943,833475,663468,378766,344043,34723,224028,147212,76816,163706,115763,47943,894149,342220,551929,186746,54087,132659
B0103,19,339,District - Bankura ,Rural,Matric/secondary but below graduate,326305,218322,107983,111880,103693,8187,37478,30811,6667,30660,25852,4808,176947,83818,93129,97302,48003,49299
B0103,19,339,District - Bankura ,Rural,Technical diploma or certificate not equal to degree,3148,2829,319,1885,1717,168,151,143,8,110,105,5,1112,969,143,632,550,82
B0103,19,339,District - Bankura ,Rural,Graduate and above other than technical degree,85926,67086,18840,45927,41448,4479,8397,7481,916,6986,6283,703,31602,18157,13445,21677,12518,9159
B0103,19,339,District - Bankura ,Rural,Technical degree or diploma equal to degree or post-graduate degree,5576,4909,667,3565,3221,344,217,196,21,158,144,14,1794,1492,302,1029,836,193
B0103,19,339,District - Bankura ,Urban,Total,299773,152318,147455,91425,75042,16383,17881,10254,7627,11609,7370,4239,190467,67022,123445,49829,17586,32243
B0103,19,339,District - Bankura ,Urban,Illiterate,69433,27356,42077,14154,8130,6024,4889,1799,3090,2629,1179,1450,50390,17427,32963,5473,1028,4445
B0103,19,339,District - Bankura ,Urban,Literate,230340,124962,105378,77271,66912,10359,12992,8455,4537,8980,6191,2789,140077,49595,90482,44356,16558,27798
B0103,19,339,District - Bankura ,Urban,Literate but below matric/secondary,126006,63527,62479,35400,30802,4598,7618,4878,2740,5076,3572,1504,82988,27847,55141,18100,5486,12614
B0103,19,339,District - Bankura ,Urban,Matric/secondary but below graduate,56418,30984,25434,17898,15926,1972,2863,1935,928,2168,1468,700,35657,13123,22534,16149,6769,9380
B0103,19,339,District - Bankura ,Urban,Technical diploma or certificate not equal to degree,1542,1323,219,878,774,104,59,51,8,42,36,6,605,498,107,309,245,64
B0103,19,339,District - Bankura ,Urban,Graduate and above other than technical degree,32894,21288,11606,17075,14428,2647,1541,1029,512,1116,725,391,14278,5831,8447,7335,3016,4319
B0103,19,339,District - Bankura ,Urban,Technical degree or diploma equal to degree or post-graduate degree,3771,2989,782,2332,1957,375,140,105,35,90,68,22,1299,927,372,719,499,220
B0103,19,340,District - Puruliya,Total,Total,2930115,1496996,1433119,613398,493232,120166,636244,308022,328222,457183,248680,208503,1680473,695742,984731,311917,115317,196600
B0103,19,340,District - Puruliya,Total,Illiterate,1305210,494938,810272,201489,126845,74644,302568,88446,214122,200636,68472,132164,801153,279647,521506,95638,12988,82650
B0103,19,340,District - Puruliya,Total,Literate,1624905,1002058,622847,411909,366387,45522,333676,219576,114100,256547,180208,76339,879320,416095,463225,216279,102329,113950
B0103,19,340,District - Puruliya,Total,Literate but below matric/secondary,1223171,724901,498270,271535,242357,29178,260824,166946,93878,197782,135816,61966,690812,315598,375214,125198,50070,75128
B0103,19,340,District - Puruliya,Total,Matric/secondary but below graduate,263784,181210,82574,79412,71203,8209,45651,34511,11140,37509,29360,8149,138721,75496,63225,67120,38928,28192
B0103,19,340,District - Puruliya,Total,Technical diploma or certificate not equal to degree,2734,2400,334,1489,1340,149,179,160,19,134,118,16,1066,900,166,590,492,98
B0103,19,340,District - Puruliya,Total,Graduate and above other than technical degree,73809,56024,17785,38034,33434,4600,9474,7936,1538,8001,6840,1161,26301,14654,11647,16148,9705,6443
B0103,19,340,District - Puruliya,Total,Technical degree or diploma equal to degree or post-graduate degree,4692,3879,813,2864,2442,422,248,197,51,179,143,36,1580,1240,340,895,706,189
B0103,19,340,District - Puruliya,Rural,Total,2556801,1304208,1252593,518101,412155,105946,612278,292524,319754,439239,236506,202733,1426422,599529,826893,252765,91600,161165
B0103,19,340,District - Puruliya,Rural,Illiterate,1181941,445588,736353,181330,112858,68472,294322,84591,209731,194875,65478,129397,706289,248139,458150,83422,10579,72843
B0103,19,340,District - Puruliya,Rural,Literate,1374860,858620,516240,336771,299297,37474,317956,207933,110023,244364,171028,73336,720133,351390,368743,169343,81021,88322
B0103,19,340,District - Puruliya,Rural,Literate but below matric/secondary,1075907,644100,431807,235833,209666,26167,251023,159445,91578,190189,129877,60312,589051,274989,314062,103888,41217,62671
B0103,19,340,District - Puruliya,Rural,Matric/secondary but below graduate,203014,145658,57356,60565,54295,6270,42192,32043,10149,34728,27358,7370,100257,59320,40937,50098,30544,19554
B0103,19,340,District - Puruliya,Rural,Technical diploma or certificate not equal to degree,1338,1188,150,687,610,77,114,104,10,91,82,9,537,474,63,317,277,40
B0103,19,340,District - Puruliya,Rural,Graduate and above other than technical degree,44963,37093,7870,22805,20461,2344,8011,6926,1085,6927,6096,831,14147,9706,4441,9790,6815,2975
B0103,19,340,District - Puruliya,Rural,Technical degree or diploma equal to degree or post-graduate degree,2205,1955,250,1328,1195,133,152,128,24,112,95,17,725,632,93,426,367,59
B0103,19,340,District - Puruliya,Urban,Total,373314,192788,180526,95297,81077,14220,23966,15498,8468,17944,12174,5770,254051,96213,157838,59152,23717,35435
B0103,19,340,District - Puruliya,Urban,Illiterate,123269,49350,73919,20159,13987,6172,8246,3855,4391,5761,2994,2767,94864,31508,63356,12216,2409,9807
B0103,19,340,District - Puruliya,Urban,Literate,250045,143438,106607,75138,67090,8048,15720,11643,4077,12183,9180,3003,159187,64705,94482,46936,21308,25628
B0103,19,340,District - Puruliya,Urban,Literate but below matric/secondary,147264,80801,66463,35702,32691,3011,9801,7501,2300,7593,5939,1654,101761,40609,61152,21310,8853,12457
B0103,19,340,District - Puruliya,Urban,Matric/secondary but below graduate,60770,35552,25218,18847,16908,1939,3459,2468,991,2781,2002,779,38464,16176,22288,17022,8384,8638
B0103,19,340,District - Puruliya,Urban,Technical diploma or certificate not equal to degree,1396,1212,184,802,730,72,65,56,9,43,36,7,529,426,103,273,215,58
B0103,19,340,District - Puruliya,Urban,Graduate and above other than technical degree,28846,18931,9915,15229,12973,2256,1463,1010,453,1074,744,330,12154,4948,7206,6358,2890,3468
B0103,19,340,District - Puruliya,Urban,Technical degree or diploma equal to degree or post-graduate degree,2487,1924,563,1536,1247,289,96,69,27,67,48,19,855,608,247,469,339,130
B0103,19,341,District - Haora ,Total,Total,4850029,2500819,2349210,1496267,1304435,191832,323578,193735,129843,203614,130510,73104,3030184,1002649,2027535,645300,178451,466849
B0103,19,341,District - Haora ,Total,Illiterate,1244823,557995,686828,231382,186199,45183,69035,36894,32141,38774,23223,15551,944406,334902,609504,85078,13835,71243
B0103,19,341,District - Haora ,Total,Literate,3605206,1942824,1662382,1264885,1118236,146649,254543,156841,97702,164840,107287,57553,2085778,667747,1418031,560222,164616,395606
B0103,19,341,District - Haora ,Total,Literate but below matric/secondary,2413654,1270220,1143434,770269,683094,87175,186611,115818,70793,118486,79138,39348,1456774,471308,985466,312164,79346,232818
B0103,19,341,District - Haora ,Total,Matric/secondary but below graduate,702149,384295,317854,255229,230617,24612,38751,23523,15228,27718,16792,10926,408169,130155,278014,166830,59515,107315
B0103,19,341,District - Haora ,Total,Technical diploma or certificate not equal to degree,9100,7918,1182,5256,4795,461,331,275,56,209,172,37,3513,2848,665,1631,1276,355
B0103,19,341,District - Haora ,Total,Graduate and above other than technical degree,293128,180458,112670,155536,133068,22468,12821,7796,5025,8852,5162,3690,124771,39594,85177,52244,17177,35067
B0103,19,341,District - Haora ,Total,Technical degree or diploma equal to degree or post-graduate degree,19695,13862,5833,11946,9396,2550,714,455,259,455,287,168,7035,4011,3024,3298,1928,1370
B0103,19,341,District - Haora ,Rural,Total,1775885,909519,866366,504771,446161,58610,165719,106072,59647,107644,74523,33121,1105395,357286,748109,253383,61720,191663
B0103,19,341,District - Haora ,Rural,Illiterate,519619,227167,292452,90527,74451,16076,38738,21786,16952,22533,14285,8248,390354,130930,259424,41249,5320,35929
B0103,19,341,District - Haora ,Rural,Literate,1256266,682352,573914,414244,371710,42534,126981,84286,42695,85111,60238,24873,715041,226356,488685,212134,56400,155734
B0103,19,341,District - Haora ,Rural,Literate but below matric/secondary,975039,521858,453181,304937,274710,30227,102393,67566,34827,67456,47848,19608,567709,179582,388127,140028,32400,107628
B0103,19,341,District - Haora ,Rural,Matric/secondary but below graduate,171276,95589,75687,58710,53054,5656,13845,9544,4301,10626,7397,3229,98721,32991,65730,51376,17747,33629
B0103,19,341,District - Haora ,Rural,Technical diploma or certificate not equal to degree,852,750,102,518,472,46,36,30,6,24,20,4,298,248,50,188,158,30
B0103,19,341,District - Haora ,Rural,Graduate and above other than technical degree,45180,30345,14835,24629,21284,3345,3037,2331,706,2402,1827,575,17514,6730,10784,10695,3997,6698
B0103,19,341,District - Haora ,Rural,Technical degree or diploma equal to degree or post-graduate degree,2071,1620,451,1260,1040,220,71,57,14,55,46,9,740,523,217,433,319,114
B0103,19,341,District - Haora ,Urban,Total,3074144,1591300,1482844,991496,858274,133222,157859,87663,70196,95970,55987,39983,1924789,645363,1279426,391917,116731,275186
B0103,19,341,District - Haora ,Urban,Illiterate,725204,330828,394376,140855,111748,29107,30297,15108,15189,16241,8938,7303,554052,203972,350080,43829,8515,35314
B0103,19,341,District - Haora ,Urban,Literate,2348940,1260472,1088468,850641,746526,104115,127562,72555,55007,79729,47049,32680,1370737,441391,929346,348088,108216,239872
B0103,19,341,District - Haora ,Urban,Literate but below matric/secondary,1438615,748362,690253,465332,408384,56948,84218,48252,35966,51030,31290,19740,889065,291726,597339,172136,46946,125190
B0103,19,341,District - Haora ,Urban,Matric/secondary but below graduate,530873,288706,242167,196519,177563,18956,24906,13979,10927,17092,9395,7697,309448,97164,212284,115454,41768,73686
B0103,19,341,District - Haora ,Urban,Technical diploma or certificate not equal to degree,8248,7168,1080,4738,4323,415,295,245,50,185,152,33,3215,2600,615,1443,1118,325
B0103,19,341,District - Haora ,Urban,Graduate and above other than technical degree,247948,150113,97835,130907,111784,19123,9784,5465,4319,6450,3335,3115,107257,32864,74393,41549,13180,28369
B0103,19,341,District - Haora ,Urban,Technical degree or diploma equal to degree or post-graduate degree,17624,12242,5382,10686,8356,2330,643,398,245,400,241,159,6295,3488,2807,2865,1609,1256
B0103,19,342,District - Kolkata,Total,Total,4496694,2356766,2139928,1576419,1294266,282153,219321,118200,101121,140212,73935,66277,2700954,944300,1756654,592928,206066,386862
B0103,19,342,District - Kolkata,Total,Illiterate,908557,429851,478706,223671,163435,60236,39832,21331,18501,24230,13556,10674,645054,245085,399969,67657,19654,48003
B0103,19,342,District - Kolkata,Total,Literate,3588137,1926915,1661222,1352748,1130831,221917,179489,96869,82620,115982,60379,55603,2055900,699215,1356685,525271,186412,338859
B0103,19,342,District - Kolkata,Total,Literate but below matric/secondary,1609614,838656,770958,506654,434965,71689,77340,42912,34428,50691,27962,22729,1025620,360779,664841,204092,67637,136455
B0103,19,342,District - Kolkata,Total,Matric/secondary but below graduate,942378,500341,442037,337152,294689,42463,49520,26272,23248,34392,17592,16800,555706,179380,376326,184834,71319,113515
B0103,19,342,District - Kolkata,Total,Technical diploma or certificate not equal to degree,25603,21683,3920,14089,12596,1493,1150,909,241,660,490,170,10364,8178,2186,3280,2354,926
B0103,19,342,District - Kolkata,Total,Graduate and above other than technical degree,741018,410304,330714,372847,293139,79708,34490,17038,17452,20451,8827,11624,333681,100127,233554,98876,30633,68243
B0103,19,342,District - Kolkata,Total,Technical degree or diploma equal to degree or post-graduate degree,77458,51311,26147,46574,34575,11999,3480,2055,1425,1905,1054,851,27404,14681,12723,9482,4961,4521
B0103,19,342,District - Kolkata,Rural,Total,0,0,0,0,0,0,0,0,0,0,0,0,0,0,0,0,0,0
B0103,19,342,District - Kolkata,Rural,Illiterate,0,0,0,0,0,0,0,0,0,0,0,0,0,0,0,0,0,0
B0103,19,342,District - Kolkata,Rural,Literate,0,0,0,0,0,0,0,0,0,0,0,0,0,0,0,0,0,0
B0103,19,342,District - Kolkata,Rural,Literate but below matric/secondary,0,0,0,0,0,0,0,0,0,0,0,0,0,0,0,0,0,0
B0103,19,342,District - Kolkata,Rural,Matric/secondary but below graduate,0,0,0,0,0,0,0,0,0,0,0,0,0,0,0,0,0,0
B0103,19,342,District - Kolkata,Rural,Technical diploma or certificate not equal to degree,0,0,0,0,0,0,0,0,0,0,0,0,0,0,0,0,0,0
B0103,19,342,District - Kolkata,Rural,Graduate and above other than technical degree,0,0,0,0,0,0,0,0,0,0,0,0,0,0,0,0,0,0
B0103,19,342,District - Kolkata,Rural,Technical degree or diploma equal to degree or post-graduate degree,0,0,0,0,0,0,0,0,0,0,0,0,0,0,0,0,0,0
B0103,19,342,District - Kolkata,Urban,Total,4496694,2356766,2139928,1576419,1294266,282153,219321,118200,101121,140212,73935,66277,2700954,944300,1756654,592928,206066,386862
B0103,19,342,District - Kolkata,Urban,Illiterate,908557,429851,478706,223671,163435,60236,39832,21331,18501,24230,13556,10674,645054,245085,399969,67657,19654,48003
B0103,19,342,District - Kolkata,Urban,Literate,3588137,1926915,1661222,1352748,1130831,221917,179489,96869,82620,115982,60379,55603,2055900,699215,1356685,525271,186412,338859
B0103,19,342,District - Kolkata,Urban,Literate but below matric/secondary,1609614,838656,770958,506654,434965,71689,77340,42912,34428,50691,27962,22729,1025620,360779,664841,204092,67637,136455
B0103,19,342,District - Kolkata,Urban,Matric/secondary but below graduate,942378,500341,442037,337152,294689,42463,49520,26272,23248,34392,17592,16800,555706,179380,376326,184834,71319,113515
B0103,19,342,District - Kolkata,Urban,Technical diploma or certificate not equal to degree,25603,21683,3920,14089,12596,1493,1150,909,241,660,490,170,10364,8178,2186,3280,2354,926
B0103,19,342,District - Kolkata,Urban,Graduate and above other than technical degree,741018,410304,330714,372847,293139,79708,34490,17038,17452,20451,8827,11624,333681,100127,233554,98876,30633,68243
B0103,19,342,District - Kolkata,Urban,Technical degree or diploma equal to degree or post-graduate degree,77458,51311,26147,46574,34575,11999,3480,2055,1425,1905,1054,851,27404,14681,12723,9482,4961,4521
B0103,19,343,District - South Twenty Four Parganas,Total,Total,8161961,4173778,3988183,2003685,1748714,254971,960809,607857,352952,674100,455286,218814,5197467,1817207,3380260,1234537,337823,896714
B0103,19,343,District - South Twenty Four Parganas,Total,Illiterate,2630304,1130501,1499803,398595,318016,80579,249612,127034,122578,158433,89953,68480,1982097,685451,1296646,244251,35127,209124
B0103,19,343,District - South Twenty Four Parganas,Total,Literate,5531657,3043277,2488380,1605090,1430698,174392,711197,480823,230374,515667,365333,150334,3215370,1131756,2083614,990286,302696,687590
B0103,19,343,District - South Twenty Four Parganas,Total,Literate but below matric/secondary,4171133,2237228,1933905,1102290,995431,106859,558914,375773,183141,397178,281568,115610,2509929,866024,1643905,643087,164546,478541
B0103,19,343,District - South Twenty Four Parganas,Total,Matric/secondary but below graduate,819762,474166,345596,263355,232471,30884,88947,62598,26349,71834,51250,20584,467460,179097,288363,238678,96617,142061
B0103,19,343,District - South Twenty Four Parganas,Total,Technical diploma or certificate not equal to degree,7444,6421,1023,4138,3687,451,333,278,55,241,200,41,2973,2456,517,1449,1170,279
B0103,19,343,District - South Twenty Four Parganas,Total,Graduate and above other than technical degree,296450,195199,101251,150966,126905,24061,25498,18414,7084,20389,14789,5600,119986,49880,70106,67395,29099,38296
B0103,19,343,District - South Twenty Four Parganas,Total,Technical degree or diploma equal to degree or post-graduate degree,18776,13603,5173,11422,9027,2395,938,667,271,623,445,178,6416,3909,2507,3334,2023,1311
B0103,19,343,District - South Twenty Four Parganas,Rural,Total,6074188,3109219,2964969,1393760,1227192,166568,810845,516939,293906,569314,389285,180029,3869583,1365088,2504495,899979,240462,659517
B0103,19,343,District - South Twenty Four Parganas,Rural,Illiterate,2087310,892367,1194943,300565,243146,57419,216279,109923,106356,137775,78307,59468,1570466,539298,1031168,196986,26859,170127
B0103,19,343,District - South Twenty Four Parganas,Rural,Literate,3986878,2216852,1770026,1093195,984046,109149,594566,407016,187550,431539,310978,120561,2299117,825790,1473327,702993,213603,489390
B0103,19,343,District - South Twenty Four Parganas,Rural,Literate but below matric/secondary,3187229,1728035,1459194,814533,740005,74528,481197,325537,155660,342027,244612,97415,1891499,662493,1229006,488697,123624,365073
B0103,19,343,District - South Twenty Four Parganas,Rural,Matric/secondary but below graduate,503751,302105,201646,156045,137482,18563,67793,49682,18111,55527,41420,14107,279913,114941,164972,153849,65095,88754
B0103,19,343,District - South Twenty Four Parganas,Rural,Technical diploma or certificate not equal to degree,2232,1927,305,1221,1071,150,108,93,15,92,80,12,903,763,140,570,472,98
B0103,19,343,District - South Twenty Four Parganas,Rural,Graduate and above other than technical degree,133205,96553,36652,67795,58550,9245,15504,12564,2940,13021,10627,2394,49906,25439,24467,33292,17446,15846
B0103,19,343,District - South Twenty Four Parganas,Rural,Technical degree or diploma equal to degree or post-graduate degree,5716,4507,1209,3417,2808,609,323,279,44,224,196,28,1976,1420,556,1156,824,332
B0103,19,343,District - South Twenty Four Parganas,Urban,Total,2087773,1064559,1023214,609925,521522,88403,149964,90918,59046,104786,66001,38785,1327884,452119,875765,334558,97361,237197
B0103,19,343,District - South Twenty Four Parganas,Urban,Illiterate,542994,238134,304860,98030,74870,23160,33333,17111,16222,20658,11646,9012,411631,146153,265478,47265,8268,38997
B0103,19,343,District - South Twenty Four Parganas,Urban,Literate,1544779,826425,718354,511895,446652,65243,116631,73807,42824,84128,54355,29773,916253,305966,610287,287293,89093,198200
B0103,19,343,District - South Twenty Four Parganas,Urban,Literate but below matric/secondary,983904,509193,474711,287757,255426,32331,77717,50236,27481,55151,36956,18195,618430,203531,414899,154390,40922,113468
B0103,19,343,District - South Twenty Four Parganas,Urban,Matric/secondary but below graduate,316011,172061,143950,107310,94989,12321,21154,12916,8238,16307,9830,6477,187547,64156,123391,84829,31522,53307
B0103,19,343,District - South Twenty Four Parganas,Urban,Technical diploma or certificate not equal to degree,5212,4494,718,2917,2616,301,225,185,40,149,120,29,2070,1693,377,879,698,181
B0103,19,343,District - South Twenty Four Parganas,Urban,Graduate and above other than technical degree,163245,98646,64599,83171,68355,14816,9994,5850,4144,7368,4162,3206,70080,24441,45639,34103,11653,22450
B0103,19,343,District - South Twenty Four Parganas,Urban,Technical degree or diploma equal to degree or post-graduate degree,13060,9096,3964,8005,6219,1786,615,388,227,399,249,150,4440,2489,1951,2178,1199,979
B0103,19,344,District - Paschim Medinipur,Total,Total,5913457,3007885,2905572,1510548,1252207,258341,998611,505151,493460,643155,364853,278302,3404298,1250527,2153771,731421,226167,505254
B0103,19,344,District - Paschim Medinipur,Total,Illiterate,1835045,740972,1094073,304954,197274,107680,306380,102887,203493,178817,68917,109900,1223711,440811,782900,111091,15502,95589
B0103,19,344,District - Paschim Medinipur,Total,Literate,4078412,2266913,1811499,1205594,1054933,150661,692231,402264,289967,464338,295936,168402,2180587,809716,1370871,620330,210665,409665
B0103,19,344,District - Paschim Medinipur,Total,Literate but below matric/secondary,3019611,1617421,1402190,815575,716848,98727,535770,300475,235295,346563,214785,131778,1668266,600098,1068168,357064,96118,260946
B0103,19,344,District - Paschim Medinipur,Total,Matric/secondary but below graduate,683016,413835,269181,224485,198905,25580,97648,66679,30969,76681,54694,21987,360883,148251,212632,193573,84770,108803
B0103,19,344,District - Paschim Medinipur,Total,Technical diploma or certificate not equal to degree,8451,7422,1029,4894,4446,448,496,440,56,377,336,41,3061,2536,525,1864,1539,325
B0103,19,344,District - Paschim Medinipur,Total,Graduate and above other than technical degree,191744,131121,60623,97089,83491,13598,19669,14937,4732,15874,12231,3643,74986,32693,42293,45347,20578,24769
B0103,19,344,District - Paschim Medinipur,Total,Technical degree or diploma equal to degree or post-graduate degree,19284,15202,4082,11122,9428,1694,1086,835,251,724,554,170,7076,4939,2137,4011,2755,1256
B0103,19,344,District - Paschim Medinipur,Rural,Total,5190771,2641721,2549050,1303103,1077905,225198,954696,479681,475015,614532,347631,266901,2932972,1084135,1848837,610329,185722,424607
B0103,19,344,District - Paschim Medinipur,Rural,Illiterate,1674954,674713,1000241,277660,179381,98279,296298,98683,197615,173355,66407,106948,1100996,396649,704347,98576,13021,85555
B0103,19,344,District - Paschim Medinipur,Rural,Literate,3515817,1967008,1548809,1025443,898524,126919,658398,380998,277400,441177,281224,159953,1831976,687486,1144490,511753,172701,339052
B0103,19,344,District - Paschim Medinipur,Rural,Literate but below matric/secondary,2715181,1464526,1250655,732686,643580,89106,516172,287914,228258,333911,206387,127524,1466323,533032,933291,312722,83211,229511
B0103,19,344,District - Paschim Medinipur,Rural,Matric/secondary but below graduate,538123,335976,202147,178165,157940,20225,89506,61590,27916,70487,50909,19578,270452,116446,154006,153331,68909,84422
B0103,19,344,District - Paschim Medinipur,Rural,Technical diploma or certificate not equal to degree,4564,4109,455,2631,2406,225,310,293,17,240,227,13,1623,1410,213,1153,1006,147
B0103,19,344,District - Paschim Medinipur,Rural,Graduate and above other than technical degree,117731,87346,30385,60812,53509,7303,16076,12777,3299,13187,10674,2513,40843,21060,19783,28162,14659,13503
B0103,19,344,District - Paschim Medinipur,Rural,Technical degree or diploma equal to degree or post-graduate degree,9086,7693,1393,5556,4918,638,680,568,112,454,377,77,2850,2207,643,1826,1413,413
B0103,19,344,District - Paschim Medinipur,Urban,Total,722686,366164,356522,207445,174302,33143,43915,25470,18445,28623,17222,11401,471326,166392,304934,121092,40445,80647
B0103,19,344,District - Paschim Medinipur,Urban,Illiterate,160091,66259,93832,27294,17893,9401,10082,4204,5878,5462,2510,2952,122715,44162,78553,12515,2481,10034
B0103,19,344,District - Paschim Medinipur,Urban,Literate,562595,299905,262690,180151,156409,23742,33833,21266,12567,23161,14712,8449,348611,122230,226381,108577,37964,70613
B0103,19,344,District - Paschim Medinipur,Urban,Literate but below matric/secondary,304430,152895,151535,82889,73268,9621,19598,12561,7037,12652,8398,4254,201943,67066,134877,44342,12907,31435
B0103,19,344,District - Paschim Medinipur,Urban,Matric/secondary but below graduate,144893,77859,67034,46320,40965,5355,8142,5089,3053,6194,3785,2409,90431,31805,58626,40242,15861,24381
B0103,19,344,District - Paschim Medinipur,Urban,Technical diploma or certificate not equal to degree,3887,3313,574,2263,2040,223,186,147,39,137,109,28,1438,1126,312,711,533,178
B0103,19,344,District - Paschim Medinipur,Urban,Graduate and above other than technical degree,74013,43775,30238,36277,29982,6295,3593,2160,1433,2687,1557,1130,34143,11633,22510,17185,5919,11266
B0103,19,344,District - Paschim Medinipur,Urban,Technical degree or diploma equal to degree or post-graduate degree,10198,7509,2689,5566,4510,1056,406,267,139,270,177,93,4226,2732,1494,2185,1342,843
B0103,19,345,District - Purba Medinipur,Total,Total,5095875,2629834,2466041,1127312,1000203,127109,783008,515893,267115,549837,392045,157792,3185555,1113738,2071817,799654,202305,597349
B0103,19,345,District - Purba Medinipur,Total,Illiterate,1172681,480761,691920,106505,80925,25580,105485,47729,57756,63034,32990,30044,960691,352107,608584,85744,8982,76762
B0103,19,345,District - Purba Medinipur,Total,Literate,3923194,2149073,1774121,1020807,919278,101529,677523,468164,209359,486803,359055,127748,2224864,761631,1463233,713910,193323,520587
B0103,19,345,District - Purba Medinipur,Total,Literate but below matric/secondary,3014809,1590176,1424633,710261,645043,65218,540530,364128,176402,377201,273000,104201,1764018,581005,1183013,461391,95174,366217
B0103,19,345,District - Purba Medinipur,Total,Matric/secondary but below graduate,636182,384825,251357,189912,171275,18637,100082,77358,22724,81473,64808,16665,346188,136192,209996,191888,74726,117162
B0103,19,345,District - Purba Medinipur,Total,Technical diploma or certificate not equal to degree,7134,6222,912,3726,3312,414,323,282,41,264,228,36,3085,2628,457,1734,1421,313
B0103,19,345,District - Purba Medinipur,Total,Graduate and above other than technical degree,169933,116452,53481,84208,71914,12294,18979,15593,3386,15655,12978,2677,66746,28945,37801,42037,17228,24809
B0103,19,345,District - Purba Medinipur,Total,Technical degree or diploma equal to degree or post-graduate degree,17691,13903,3788,10702,8945,1757,778,640,138,543,453,90,6211,4318,1893,3449,2326,1123
B0103,19,345,District - Purba Medinipur,Rural,Total,4503161,2322562,2180599,971601,863546,108055,744208,487175,257033,521936,370889,151047,2787352,971841,1815511,696072,169228,526844
B0103,19,345,District - Purba Medinipur,Rural,Illiterate,1048974,428880,620094,92460,70545,21915,99311,44232,55079,59063,30566,28497,857203,314103,543100,76615,7670,68945
B0103,19,345,District - Purba Medinipur,Rural,Literate,3454187,1893682,1560505,879141,793001,86140,644897,442943,201954,462873,340323,122550,1930149,657738,1272411,619457,161558,457899
B0103,19,345,District - Purba Medinipur,Rural,Literate but below matric/secondary,2714198,1433719,1280479,632220,573873,58347,516184,345128,171056,359778,259157,100621,1565794,514718,1051076,413928,82336,331592
B0103,19,345,District - Purba Medinipur,Rural,Matric/secondary but below graduate,535176,327651,207525,160038,144207,15831,94537,73005,21532,77046,61335,15711,280601,110439,170162,160439,61689,98750
B0103,19,345,District - Purba Medinipur,Rural,Technical diploma or certificate not equal to degree,4437,3809,628,2386,2101,285,291,255,36,235,204,31,1760,1453,307,1234,1019,215
B0103,19,345,District - Purba Medinipur,Rural,Graduate and above other than technical degree,122484,87746,34738,60044,51908,8136,17393,14484,2909,14399,12119,2280,45047,21354,23693,30121,13045,17076
B0103,19,345,District - Purba Medinipur,Rural,Technical degree or diploma equal to degree or post-graduate degree,10230,8299,1931,5984,5122,862,641,545,96,447,385,62,3605,2632,973,2110,1497,613
B0103,19,345,District - Purba Medinipur,Urban,Total,592714,307272,285442,155711,136657,19054,38800,28718,10082,27901,21156,6745,398203,141897,256306,103582,33077,70505
B0103,19,345,District - Purba Medinipur,Urban,Illiterate,123707,51881,71826,14045,10380,3665,6174,3497,2677,3971,2424,1547,103488,38004,65484,9129,1312,7817
B0103,19,345,District - Purba Medinipur,Urban,Literate,469007,255391,213616,141666,126277,15389,32626,25221,7405,23930,18732,5198,294715,103893,190822,94453,31765,62688
B0103,19,345,District - Purba Medinipur,Urban,Literate but below matric/secondary,300611,156457,144154,78041,71170,6871,24346,19000,5346,17423,13843,3580,198224,66287,131937,47463,12838,34625
B0103,19,345,District - Purba Medinipur,Urban,Matric/secondary but below graduate,101006,57174,43832,29874,27068,2806,5545,4353,1192,4427,3473,954,65587,25753,39834,31449,13037,18412
B0103,19,345,District - Purba Medinipur,Urban,Technical diploma or certificate not equal to degree,2697,2413,284,1340,1211,129,32,27,5,29,24,5,1325,1175,150,500,402,98
B0103,19,345,District - Purba Medinipur,Urban,Graduate and above other than technical degree,47449,28706,18743,24164,20006,4158,1586,1109,477,1256,859,397,21699,7591,14108,11916,4183,7733
B0103,19,345,District - Purba Medinipur,Urban,Technical degree or diploma equal to degree or post-graduate degree,7461,5604,1857,4718,3823,895,137,95,42,96,68,28,2606,1686,920,1339,829,510
B0103,20,346,District - Garhwa ,Total,Total,1322784,683575,639209,175126,135273,39853,396305,200178,196127,242129,143879,98250,751353,348124,403229,51463,21630,29833
B0103,20,346,District - Garhwa ,Total,Illiterate,669308,278414,390894,73233,44775,28458,223495,78889,144606,135018,58890,76128,372580,154750,217830,16013,2207,13806
B0103,20,346,District - Garhwa ,Total,Literate,653476,405161,248315,101893,90498,11395,172810,121289,51521,107111,84989,22122,378773,193374,185399,35450,19423,16027
B0103,20,346,District - Garhwa ,Total,Literate but below matric/secondary,477287,280953,196334,54076,47856,6220,117260,79333,37927,70120,54587,15533,305951,153764,152187,16330,7867,8463
B0103,20,346,District - Garhwa ,Total,Matric/secondary but below graduate,106922,75565,31357,24683,22303,2380,32441,25210,7231,22153,18591,3562,49798,28052,21746,13481,8340,5141
B0103,20,346,District - Garhwa ,Total,Technical diploma or certificate not equal to degree,662,598,64,238,215,23,74,70,4,48,48,0,350,313,37,154,144,10
B0103,20,346,District - Garhwa ,Total,Graduate and above other than technical degree,22818,18005,4813,11172,10037,1135,4591,3918,673,3137,2769,368,7055,4050,3005,3126,1947,1179
B0103,20,346,District - Garhwa ,Total,Technical degree or diploma equal to degree or post-graduate degree,1367,1127,240,687,605,82,111,94,17,70,61,9,569,428,141,277,204,73
B0103,20,346,District - Garhwa ,Rural,Total,1253114,646947,606167,162314,123629,38685,388165,194977,193188,236913,140202,96711,702635,328341,374294,44564,19030,25534
B0103,20,346,District - Garhwa ,Rural,Illiterate,645586,268495,377091,71103,43091,28012,220033,77371,142662,132945,57821,75124,354450,148033,206417,14870,2067,12803
B0103,20,346,District - Garhwa ,Rural,Literate,607528,378452,229076,91211,80538,10673,168132,117606,50526,103968,82381,21587,348185,180308,167877,29694,16963,12731
B0103,20,346,District - Garhwa ,Rural,Literate but below matric/secondary,452953,267862,185091,50868,44827,6041,114775,77482,37293,68464,53244,15220,287310,145553,141757,14618,7228,7390
B0103,20,346,District - Garhwa ,Rural,Matric/secondary but below graduate,94756,68162,26594,21394,19197,2197,31151,24126,7025,21234,17797,3437,42211,24839,17372,11091,7249,3842
B0103,20,346,District - Garhwa ,Rural,Technical diploma or certificate not equal to degree,508,460,48,180,160,20,68,64,4,46,46,0,260,236,24,112,106,6
B0103,20,346,District - Garhwa ,Rural,Graduate and above other than technical degree,17923,14502,3421,8609,7687,922,4214,3587,627,2899,2563,336,5100,3228,1872,2148,1507,641
B0103,20,346,District - Garhwa ,Rural,Technical degree or diploma equal to degree or post-graduate degree,912,758,154,443,392,51,98,81,17,64,55,9,371,285,86,177,132,45
B0103,20,346,District - Garhwa ,Urban,Total,69670,36628,33042,12812,11644,1168,8140,5201,2939,5216,3677,1539,48718,19783,28935,6899,2600,4299
B0103,20,346,District - Garhwa ,Urban,Illiterate,23722,9919,13803,2130,1684,446,3462,1518,1944,2073,1069,1004,18130,6717,11413,1143,140,1003
B0103,20,346,District - Garhwa ,Urban,Literate,45948,26709,19239,10682,9960,722,4678,3683,995,3143,2608,535,30588,13066,17522,5756,2460,3296
B0103,20,346,District - Garhwa ,Urban,Literate but below matric/secondary,24334,13091,11243,3208,3029,179,2485,1851,634,1656,1343,313,18641,8211,10430,1712,639,1073
B0103,20,346,District - Garhwa ,Urban,Matric/secondary but below graduate,12166,7403,4763,3289,3106,183,1290,1084,206,919,794,125,7587,3213,4374,2390,1091,1299
B0103,20,346,District - Garhwa ,Urban,Technical diploma or certificate not equal to degree,154,138,16,58,55,3,6,6,0,2,2,0,90,77,13,42,38,4
B0103,20,346,District - Garhwa ,Urban,Graduate and above other than technical degree,4895,3503,1392,2563,2350,213,377,331,46,238,206,32,1955,822,1133,978,440,538
B0103,20,346,District - Garhwa ,Urban,Technical degree or diploma equal to degree or post-graduate degree,455,369,86,244,213,31,13,13,0,6,6,0,198,143,55,100,72,28
B0103,20,347,District - Chatra,Total,Total,1042886,533935,508951,195502,145553,49949,202188,105660,96528,117096,72052,45044,645196,282722,362474,39072,16471,22601
B0103,20,347,District - Chatra,Total,Illiterate,532825,230033,302792,90051,55121,34930,118827,47631,71196,67415,32909,34506,323947,127281,196666,13173,2404,10769
B0103,20,347,District - Chatra,Total,Literate,510061,303902,206159,105451,90432,15019,83361,58029,25332,49681,39143,10538,321249,155441,165808,25899,14067,11832
B0103,20,347,District - Chatra,Total,Literate but below matric/secondary,366874,208498,158376,58994,50129,8865,54633,36951,17682,32192,24960,7232,253247,121418,131829,11418,5349,6069
B0103,20,347,District - Chatra,Total,Matric/secondary but below graduate,84101,55393,28708,24085,20978,3107,14625,10902,3723,8881,7289,1592,45391,23513,21878,9917,5980,3937
B0103,20,347,District - Chatra,Total,Technical diploma or certificate not equal to degree,318,288,30,104,98,6,16,16,0,9,9,0,198,174,24,86,81,5
B0103,20,347,District - Chatra,Total,Graduate and above other than technical degree,18694,14522,4172,10365,9130,1235,2556,2154,402,1597,1434,163,5773,3238,2535,2321,1598,723
B0103,20,347,District - Chatra,Total,Technical degree or diploma equal to degree or post-graduate degree,747,635,112,383,345,38,45,38,7,26,23,3,319,252,67,148,119,29
B0103,20,347,District - Chatra,Rural,Total,979932,500211,479721,181064,132848,48216,198972,103175,95797,115558,70819,44739,599896,264188,335708,34627,14241,20386
B0103,20,347,District - Chatra,Rural,Illiterate,513335,221466,291869,87342,53225,34117,117635,46900,70735,66845,32539,34306,308358,121341,187017,12624,2291,10333
B0103,20,347,District - Chatra,Rural,Literate,466597,278745,187852,93722,79623,14099,81337,56275,25062,48713,38280,10433,291538,142847,148691,22003,11950,10053
B0103,20,347,District - Chatra,Rural,Literate but below matric/secondary,344996,196935,148061,55265,46753,8512,53782,36219,17563,31812,24620,7192,235949,113963,121986,10464,4899,5565
B0103,20,347,District - Chatra,Rural,Matric/secondary but below graduate,71602,48027,23575,20473,17594,2879,14054,10389,3665,8600,7036,1564,37075,20044,17031,8107,4998,3109
B0103,20,347,District - Chatra,Rural,Technical diploma or certificate not equal to degree,176,159,17,46,42,4,13,13,0,7,7,0,117,104,13,48,45,3
B0103,20,347,District - Chatra,Rural,Graduate and above other than technical degree,13764,10943,2821,7643,6619,1024,2286,1918,368,1456,1311,145,3835,2406,1429,1572,1147,425
B0103,20,347,District - Chatra,Rural,Technical degree or diploma equal to degree or post-graduate degree,464,401,63,237,214,23,37,30,7,22,19,3,190,157,33,91,74,17
B0103,20,347,District - Chatra,Urban,Total,62954,33724,29230,14438,12705,1733,3216,2485,731,1538,1233,305,45300,18534,26766,4445,2230,2215
B0103,20,347,District - Chatra,Urban,Illiterate,19490,8567,10923,2709,1896,813,1192,731,461,570,370,200,15589,5940,9649,549,113,436
B0103,20,347,District - Chatra,Urban,Literate,43464,25157,18307,11729,10809,920,2024,1754,270,968,863,105,29711,12594,17117,3896,2117,1779
B0103,20,347,District - Chatra,Urban,Literate but below matric/secondary,21878,11563,10315,3729,3376,353,851,732,119,380,340,40,17298,7455,9843,954,450,504
B0103,20,347,District - Chatra,Urban,Matric/secondary but below graduate,12499,7366,5133,3612,3384,228,571,513,58,281,253,28,8316,3469,4847,1810,982,828
B0103,20,347,District - Chatra,Urban,Technical diploma or certificate not equal to degree,142,129,13,58,56,2,3,3,0,2,2,0,81,70,11,38,36,2
B0103,20,347,District - Chatra,Urban,Graduate and above other than technical degree,4930,3579,1351,2722,2511,211,270,236,34,141,123,18,1938,832,1106,749,451,298
B0103,20,347,District - Chatra,Urban,Technical degree or diploma equal to degree or post-graduate degree,283,234,49,146,131,15,8,8,0,4,4,0,129,95,34,57,45,12
B0103,20,348,District - Kodarma,Total,Total,716259,367222,349037,143324,117881,25443,114094,56112,57982,46137,30566,15571,458841,193229,265612,19714,9554,10160
B0103,20,348,District - Kodarma,Total,Illiterate,326010,128442,197568,46758,29640,17118,53691,15874,37817,19214,8768,10446,225561,82928,142633,5263,881,4382
B0103,20,348,District - Kodarma,Total,Literate,390249,238780,151469,96566,88241,8325,60403,40238,20165,26923,21798,5125,233280,110301,122979,14451,8673,5778
B0103,20,348,District - Kodarma,Total,Literate but below matric/secondary,272555,158372,114183,53482,48778,4704,40763,25872,14891,17462,13801,3661,178310,83722,94588,6491,3338,3153
B0103,20,348,District - Kodarma,Total,Matric/secondary but below graduate,68631,47501,21130,22163,20512,1651,11139,8444,2695,5508,4749,759,35329,18545,16784,5045,3500,1545
B0103,20,348,District - Kodarma,Total,Technical diploma or certificate not equal to degree,478,414,64,171,145,26,27,23,4,11,11,0,280,246,34,68,61,7
B0103,20,348,District - Kodarma,Total,Graduate and above other than technical degree,17024,13082,3942,9676,8868,808,1462,1272,190,766,705,61,5886,2942,2944,1481,1014,467
B0103,20,348,District - Kodarma,Total,Technical degree or diploma equal to degree or post-graduate degree,1181,932,249,612,518,94,64,52,12,18,14,4,505,362,143,170,130,40
B0103,20,348,District - Kodarma,Rural,Total,575013,293595,281418,112536,89403,23133,105790,50579,55211,43266,28046,15220,356687,153613,203074,15087,6891,8196
B0103,20,348,District - Kodarma,Rural,Illiterate,278866,109084,169782,41821,25583,16238,50874,14556,36318,18377,8153,10224,186171,68945,117226,4661,717,3944
B0103,20,348,District - Kodarma,Rural,Literate,296147,184511,111636,70715,63820,6895,54916,36023,18893,24889,19893,4996,170516,84668,85848,10426,6174,4252
B0103,20,348,District - Kodarma,Rural,Literate but below matric/secondary,222074,130937,91137,44053,39708,4345,37908,23730,14178,16389,12797,3592,140113,67499,72614,5417,2721,2696
B0103,20,348,District - Kodarma,Rural,Matric/secondary but below graduate,46096,34121,11975,15403,14101,1302,9865,7430,2435,5003,4267,736,20828,12590,8238,3492,2463,1029
B0103,20,348,District - Kodarma,Rural,Technical diploma or certificate not equal to degree,151,134,17,47,34,13,17,16,1,8,8,0,87,84,3,31,30,1
B0103,20,348,District - Kodarma,Rural,Graduate and above other than technical degree,7493,6360,1133,4412,4013,399,1076,948,128,614,567,47,2005,1399,606,625,506,119
B0103,20,348,District - Kodarma,Rural,Technical degree or diploma equal to degree or post-graduate degree,403,333,70,202,168,34,37,32,5,14,11,3,164,133,31,78,67,11
B0103,20,348,District - Kodarma,Urban,Total,141246,73627,67619,30788,28478,2310,8304,5533,2771,2871,2520,351,102154,39616,62538,4627,2663,1964
B0103,20,348,District - Kodarma,Urban,Illiterate,47144,19358,27786,4937,4057,880,2817,1318,1499,837,615,222,39390,13983,25407,602,164,438
B0103,20,348,District - Kodarma,Urban,Literate,94102,54269,39833,25851,24421,1430,5487,4215,1272,2034,1905,129,62764,25633,37131,4025,2499,1526
B0103,20,348,District - Kodarma,Urban,Literate but below matric/secondary,50481,27435,23046,9429,9070,359,2855,2142,713,1073,1004,69,38197,16223,21974,1074,617,457
B0103,20,348,District - Kodarma,Urban,Matric/secondary but below graduate,22535,13380,9155,6760,6411,349,1274,1014,260,505,482,23,14501,5955,8546,1553,1037,516
B0103,20,348,District - Kodarma,Urban,Technical diploma or certificate not equal to degree,327,280,47,124,111,13,10,7,3,3,3,0,193,162,31,37,31,6
B0103,20,348,District - Kodarma,Urban,Graduate and above other than technical degree,9531,6722,2809,5264,4855,409,386,324,62,152,138,14,3881,1543,2338,856,508,348
B0103,20,348,District - Kodarma,Urban,Technical degree or diploma equal to degree or post-graduate degree,778,599,179,410,350,60,27,20,7,4,3,1,341,229,112,92,63,29
B0103,20,349,District - Giridih,Total,Total,2445474,1258098,1187376,412912,327651,85261,623365,296295,327070,293263,193658,99605,1409197,634152,775045,70456,32245,38211
B0103,20,349,District - Giridih,Total,Illiterate,1191999,474362,717637,143842,87826,56016,324539,95504,229035,134623,62529,72094,723618,291032,432586,22683,3959,18724
B0103,20,349,District - Giridih,Total,Literate,1253475,783736,469739,269070,239825,29245,298826,200791,98035,158640,131129,27511,685579,343120,342459,47773,28286,19487
B0103,20,349,District - Giridih,Total,Literate but below matric/secondary,976350,585221,391129,171764,152915,18849,234223,153149,81074,121095,99205,21890,570363,279157,291206,24875,12847,12028
B0103,20,349,District - Giridih,Total,Matric/secondary but below graduate,194745,139002,55743,59645,53649,5996,46312,34975,11337,27200,23399,3801,88788,50378,38410,16291,11050,5241
B0103,20,349,District - Giridih,Total,Technical diploma or certificate not equal to degree,1038,900,138,361,330,31,69,61,8,37,33,4,608,509,99,205,178,27
B0103,20,349,District - Giridih,Total,Graduate and above other than technical degree,46423,36619,9804,25341,23115,2226,6284,5381,903,4174,3770,404,14798,8123,6675,4938,3319,1619
B0103,20,349,District - Giridih,Total,Technical degree or diploma equal to degree or post-graduate degree,3435,2829,606,1728,1522,206,273,226,47,181,160,21,1434,1081,353,592,455,137
B0103,20,349,District - Giridih,Rural,Total,2237450,1149608,1087842,365031,284213,80818,611505,288422,323083,286628,188186,98442,1260914,576973,683941,59112,27000,32112
B0103,20,349,District - Giridih,Rural,Illiterate,1123937,444508,679429,135428,80840,54588,320291,93335,226956,132477,60994,71483,668218,270333,397885,20897,3597,17300
B0103,20,349,District - Giridih,Rural,Literate,1113513,705100,408413,229603,203373,26230,291214,195087,96127,154151,127192,26959,592696,306640,286056,38215,23403,14812
B0103,20,349,District - Giridih,Rural,Literate but below matric/secondary,896610,543141,353469,155668,137799,17869,229162,149415,79747,118179,96608,21571,511780,255927,255853,21922,11560,10362
B0103,20,349,District - Giridih,Rural,Matric/secondary but below graduate,156440,117215,39225,47427,42310,5117,44580,33684,10896,26163,22527,3636,64433,41221,23212,12596,9111,3485
B0103,20,349,District - Giridih,Rural,Technical diploma or certificate not equal to degree,583,514,69,182,162,20,57,50,7,32,28,4,344,302,42,116,102,14
B0103,20,349,District - Giridih,Rural,Graduate and above other than technical degree,28604,24618,3986,15826,14567,1259,5716,4905,811,3786,3432,354,7062,5146,1916,2555,2031,524
B0103,20,349,District - Giridih,Rural,Technical degree or diploma equal to degree or post-graduate degree,1764,1538,226,858,778,80,242,198,44,163,144,19,664,562,102,256,219,37
B0103,20,349,District - Giridih,Urban,Total,208024,108490,99534,47881,43438,4443,11860,7873,3987,6635,5472,1163,148283,57179,91104,11344,5245,6099
B0103,20,349,District - Giridih,Urban,Illiterate,68062,29854,38208,8414,6986,1428,4248,2169,2079,2146,1535,611,55400,20699,34701,1786,362,1424
B0103,20,349,District - Giridih,Urban,Literate,139962,78636,61326,39467,36452,3015,7612,5704,1908,4489,3937,552,92883,36480,56403,9558,4883,4675
B0103,20,349,District - Giridih,Urban,Literate but below matric/secondary,79740,42080,37660,16096,15116,980,5061,3734,1327,2916,2597,319,58583,23230,35353,2953,1287,1666
B0103,20,349,District - Giridih,Urban,Matric/secondary but below graduate,38305,21787,16518,12218,11339,879,1732,1291,441,1037,872,165,24355,9157,15198,3695,1939,1756
B0103,20,349,District - Giridih,Urban,Technical diploma or certificate not equal to degree,455,386,69,179,168,11,12,11,1,5,5,0,264,207,57,89,76,13
B0103,20,349,District - Giridih,Urban,Graduate and above other than technical degree,17819,12001,5818,9515,8548,967,568,476,92,388,338,50,7736,2977,4759,2383,1288,1095
B0103,20,349,District - Giridih,Urban,Technical degree or diploma equal to degree or post-graduate degree,1671,1291,380,870,744,126,31,28,3,18,16,2,770,519,251,336,236,100
B0103,20,350,District - Deoghar,Total,Total,1492073,775022,717051,297146,238224,58922,254321,145467,108854,139661,98064,41597,940606,391331,549275,53057,23331,29726
B0103,20,350,District - Deoghar,Total,Illiterate,698535,285185,413350,101591,64178,37413,128998,50236,78762,64198,33693,30505,467946,170771,297175,15567,2352,13215
B0103,20,350,District - Deoghar,Total,Literate,793538,489837,303701,195555,174046,21509,125323,95231,30092,75463,64371,11092,472660,220560,252100,37490,20979,16511
B0103,20,350,District - Deoghar,Total,Literate but below matric/secondary,590395,351006,239389,118957,105606,13351,100064,75049,25015,60015,50976,9039,371374,170351,201023,16258,7470,8788
B0103,20,350,District - Deoghar,Total,Matric/secondary but below graduate,134062,90558,43504,43238,38977,4261,16533,13895,2638,10376,9273,1103,74291,37686,36605,14270,9093,5177
B0103,20,350,District - Deoghar,Total,Technical diploma or certificate not equal to degree,1115,969,146,493,449,44,27,26,1,20,19,1,595,494,101,208,172,36
B0103,20,350,District - Deoghar,Total,Graduate and above other than technical degree,42412,31932,10480,23872,21560,2312,2405,2154,251,1565,1422,143,16135,8218,7917,5341,3466,1875
B0103,20,350,District - Deoghar,Total,Technical degree or diploma equal to degree or post-graduate degree,3484,2760,724,1951,1680,271,78,64,14,55,46,9,1455,1016,439,616,446,170
B0103,20,350,District - Deoghar,Rural,Total,1233712,638136,595576,231862,180361,51501,246260,139804,106456,135391,94693,40698,755590,317971,437619,36755,14653,22102
B0103,20,350,District - Deoghar,Rural,Illiterate,628820,255264,373556,92321,57247,35074,126667,49074,77593,63167,33053,30114,409832,148943,260889,14096,1977,12119
B0103,20,350,District - Deoghar,Rural,Literate,604892,382872,222020,139541,123114,16427,119593,90730,28863,72224,61640,10584,345758,169028,176730,22659,12676,9983
B0103,20,350,District - Deoghar,Rural,Literate but below matric/secondary,493118,300410,192708,98863,87037,11826,96815,72508,24307,58222,49417,8805,297440,140865,156575,12896,5852,7044
B0103,20,350,District - Deoghar,Rural,Matric/secondary but below graduate,78466,59010,19456,26412,23598,2814,15044,12716,2328,9503,8560,943,37010,22696,14314,7410,5210,2200
B0103,20,350,District - Deoghar,Rural,Technical diploma or certificate not equal to degree,251,221,30,108,97,11,18,18,0,14,14,0,125,106,19,49,44,5
B0103,20,350,District - Deoghar,Rural,Graduate and above other than technical degree,13721,11826,1895,7985,7389,596,1723,1591,132,1157,1094,63,4013,2846,1167,1549,1207,342
B0103,20,350,District - Deoghar,Rural,Technical degree or diploma equal to degree or post-graduate degree,729,637,92,356,328,28,38,35,3,30,29,1,335,274,61,144,123,21
B0103,20,350,District - Deoghar,Urban,Total,258361,136886,121475,65284,57863,7421,8061,5663,2398,4270,3371,899,185016,73360,111656,16302,8678,7624
B0103,20,350,District - Deoghar,Urban,Illiterate,69715,29921,39794,9270,6931,2339,2331,1162,1169,1031,640,391,58114,21828,36286,1471,375,1096
B0103,20,350,District - Deoghar,Urban,Literate,188646,106965,81681,56014,50932,5082,5730,4501,1229,3239,2731,508,126902,51532,75370,14831,8303,6528
B0103,20,350,District - Deoghar,Urban,Literate but below matric/secondary,97277,50596,46681,20094,18569,1525,3249,2541,708,1793,1559,234,73934,29486,44448,3362,1618,1744
B0103,20,350,District - Deoghar,Urban,Matric/secondary but below graduate,55596,31548,24048,16826,15379,1447,1489,1179,310,873,713,160,37281,14990,22291,6860,3883,2977
B0103,20,350,District - Deoghar,Urban,Technical diploma or certificate not equal to degree,864,748,116,385,352,33,9,8,1,6,5,1,470,388,82,159,128,31
B0103,20,350,District - Deoghar,Urban,Graduate and above other than technical degree,28691,20106,8585,15887,14171,1716,682,563,119,408,328,80,12122,5372,6750,3792,2259,1533
B0103,20,350,District - Deoghar,Urban,Technical degree or diploma equal to degree or post-graduate degree,2755,2123,632,1595,1352,243,40,29,11,25,17,8,1120,742,378,472,323,149
B0103,20,351,District - Godda,Total,Total,1313551,677927,635624,235735,182438,53297,316456,161581,154875,189330,117550,71780,761360,333908,427452,49448,19368,30080
B0103,20,351,District - Godda,Total,Illiterate,709032,301715,407317,101317,65114,36203,193065,74500,118565,110793,54827,55966,414650,162101,252549,17295,2687,14608
B0103,20,351,District - Godda,Total,Literate,604519,376212,228307,134418,117324,17094,123391,87081,36310,78537,62723,15814,346710,171807,174903,32153,16681,15472
B0103,20,351,District - Godda,Total,Literate but below matric/secondary,440067,260921,179146,76960,66689,10271,88918,60857,28061,55560,43655,11905,274189,133375,140814,13611,5756,7855
B0103,20,351,District - Godda,Total,Matric/secondary but below graduate,115678,80224,35454,36693,32476,4217,24192,18993,5199,16391,13885,2506,54793,28755,26038,13495,7805,5690
B0103,20,351,District - Godda,Total,Technical diploma or certificate not equal to degree,897,782,115,371,332,39,80,74,6,56,54,2,446,376,70,185,155,30
B0103,20,351,District - Godda,Total,Graduate and above other than technical degree,25735,20167,5568,13648,12241,1407,3220,2741,479,2230,1988,242,8867,5185,3682,3517,2219,1298
B0103,20,351,District - Godda,Total,Technical degree or diploma equal to degree or post-graduate degree,2179,1763,416,1036,884,152,144,115,29,99,84,15,999,764,235,492,374,118
B0103,20,351,District - Godda,Rural,Total,1249132,643907,605225,220872,169410,51462,313578,159591,153987,187465,116070,71395,714682,314906,399776,43238,16592,26646
B0103,20,351,District - Godda,Rural,Illiterate,689786,293197,396589,98826,63186,35640,191967,73966,118001,110172,54426,55746,398993,156045,242948,16612,2562,14050
B0103,20,351,District - Godda,Rural,Literate,559346,350710,208636,122046,106224,15822,121611,85625,35986,77293,61644,15649,315689,158861,156828,26626,14030,12596
B0103,20,351,District - Godda,Rural,Literate but below matric/secondary,417737,249440,168297,73022,63084,9938,87963,60094,27869,54897,43078,11819,256752,126262,130490,12382,5307,7075
B0103,20,351,District - Godda,Rural,Matric/secondary but below graduate,100843,71968,28875,32467,28719,3748,23609,18494,5115,15971,13521,2450,44767,24755,20012,10701,6483,4218
B0103,20,351,District - Godda,Rural,Technical diploma or certificate not equal to degree,693,608,85,299,268,31,77,71,6,55,53,2,317,269,48,112,94,18
B0103,20,351,District - Godda,Rural,Graduate and above other than technical degree,19251,15456,3795,10036,9023,1013,3053,2599,454,2110,1881,229,6162,3834,2328,2335,1556,779
B0103,20,351,District - Godda,Rural,Technical degree or diploma equal to degree or post-graduate degree,1491,1223,268,705,604,101,132,106,26,90,77,13,654,513,141,294,233,61
B0103,20,351,District - Godda,Urban,Total,64419,34020,30399,14863,13028,1835,2878,1990,888,1865,1480,385,46678,19002,27676,6210,2776,3434
B0103,20,351,District - Godda,Urban,Illiterate,19246,8518,10728,2491,1928,563,1098,534,564,621,401,220,15657,6056,9601,683,125,558
B0103,20,351,District - Godda,Urban,Literate,45173,25502,19671,12372,11100,1272,1780,1456,324,1244,1079,165,31021,12946,18075,5527,2651,2876
B0103,20,351,District - Godda,Urban,Literate but below matric/secondary,22330,11481,10849,3938,3605,333,955,763,192,663,577,86,17437,7113,10324,1229,449,780
B0103,20,351,District - Godda,Urban,Matric/secondary but below graduate,14835,8256,6579,4226,3757,469,583,499,84,420,364,56,10026,4000,6026,2794,1322,1472
B0103,20,351,District - Godda,Urban,Technical diploma or certificate not equal to degree,204,174,30,72,64,8,3,3,0,1,1,0,129,107,22,73,61,12
B0103,20,351,District - Godda,Urban,Graduate and above other than technical degree,6484,4711,1773,3612,3218,394,167,142,25,120,107,13,2705,1351,1354,1182,663,519
B0103,20,351,District - Godda,Urban,Technical degree or diploma equal to degree or post-graduate degree,688,540,148,331,280,51,12,9,3,9,7,2,345,251,94,198,141,57
B0103,20,352,District - Sahibganj,Total,Total,1150567,589391,561176,322572,226729,95843,167630,68961,98669,81691,44217,37474,660365,293701,366664,33267,15102,18165
B0103,20,352,District - Sahibganj,Total,Illiterate,667304,302088,365216,191066,116625,74441,113175,36724,76451,53490,23804,29686,363063,148739,214324,10440,2428,8012
B0103,20,352,District - Sahibganj,Total,Literate,483263,287303,195960,131506,110104,21402,54455,32237,22218,28201,20413,7788,297302,144962,152340,22827,12674,10153
B0103,20,352,District - Sahibganj,Total,Literate but below matric/secondary,369969,213158,156811,84764,70721,14043,42124,24355,17769,21275,15337,5938,243081,118082,124999,10009,4879,5130
B0103,20,352,District - Sahibganj,Total,Matric/secondary but below graduate,76682,49295,27387,27747,23521,4226,7663,5146,2517,4459,3353,1106,41272,20628,20644,9471,5739,3732
B0103,20,352,District - Sahibganj,Total,Technical diploma or certificate not equal to degree,594,504,90,256,229,27,26,22,4,20,16,4,312,253,59,120,94,26
B0103,20,352,District - Sahibganj,Total,Graduate and above other than technical degree,18230,13488,4742,10620,9321,1299,1087,838,249,686,556,130,6523,3329,3194,2440,1507,933
B0103,20,352,District - Sahibganj,Total,Technical degree or diploma equal to degree or post-graduate degree,1401,1090,311,780,645,135,56,45,11,39,33,6,565,400,165,229,179,50
B0103,20,352,District - Sahibganj,Rural,Total,990901,505892,485009,282716,193340,89376,158550,63460,95090,77666,41199,36467,549635,249092,300543,23058,10007,13051
B0103,20,352,District - Sahibganj,Rural,Illiterate,606242,274783,331459,178735,107914,70821,109153,34875,74278,51989,22816,29173,318354,131994,186360,8718,1956,6762
B0103,20,352,District - Sahibganj,Rural,Literate,384659,231109,153550,103981,85426,18555,49397,28585,20812,25677,18383,7294,231281,117098,114183,14340,8051,6289
B0103,20,352,District - Sahibganj,Rural,Literate but below matric/secondary,311021,181374,129647,72022,59203,12819,39072,22222,16850,19892,14207,5685,199927,99949,99978,7276,3545,3731
B0103,20,352,District - Sahibganj,Rural,Matric/secondary but below graduate,50347,33925,16422,19564,16134,3430,6378,4156,2222,3725,2772,953,24405,13635,10770,5570,3572,1998
B0103,20,352,District - Sahibganj,Rural,Technical diploma or certificate not equal to degree,238,195,43,107,89,18,13,12,1,10,9,1,118,94,24,43,35,8
B0103,20,352,District - Sahibganj,Rural,Graduate and above other than technical degree,8952,6977,1975,5579,4872,707,707,538,169,442,367,75,2666,1567,1099,1029,668,361
B0103,20,352,District - Sahibganj,Rural,Technical degree or diploma equal to degree or post-graduate degree,569,458,111,335,273,62,27,22,5,19,16,3,207,163,44,81,66,15
B0103,20,352,District - Sahibganj,Urban,Total,159666,83499,76167,39856,33389,6467,9080,5501,3579,4025,3018,1007,110730,44609,66121,10209,5095,5114
B0103,20,352,District - Sahibganj,Urban,Illiterate,61062,27305,33757,12331,8711,3620,4022,1849,2173,1501,988,513,44709,16745,27964,1722,472,1250
B0103,20,352,District - Sahibganj,Urban,Literate,98604,56194,42410,27525,24678,2847,5058,3652,1406,2524,2030,494,66021,27864,38157,8487,4623,3864
B0103,20,352,District - Sahibganj,Urban,Literate but below matric/secondary,58948,31784,27164,12742,11518,1224,3052,2133,919,1383,1130,253,43154,18133,25021,2733,1334,1399
B0103,20,352,District - Sahibganj,Urban,Matric/secondary but below graduate,26335,15370,10965,8183,7387,796,1285,990,295,734,581,153,16867,6993,9874,3901,2167,1734
B0103,20,352,District - Sahibganj,Urban,Technical diploma or certificate not equal to degree,356,309,47,149,140,9,13,10,3,10,7,3,194,159,35,77,59,18
B0103,20,352,District - Sahibganj,Urban,Graduate and above other than technical degree,9278,6511,2767,5041,4449,592,380,300,80,244,189,55,3857,1762,2095,1411,839,572
B0103,20,352,District - Sahibganj,Urban,Technical degree or diploma equal to degree or post-graduate degree,832,632,200,445,372,73,29,23,6,20,17,3,358,237,121,148,113,35
B0103,20,353,District - Pakur,Total,Total,900422,452661,447761,252017,167872,84145,152567,66140,86427,80349,42924,37425,495838,218649,277189,18739,7657,11082
B0103,20,353,District - Pakur,Total,Illiterate,547541,245672,301869,150946,87085,63861,103864,35809,68055,54210,23895,30315,292731,122778,169953,7289,1849,5440
B0103,20,353,District - Pakur,Total,Literate,352881,206989,145892,101071,80787,20284,48703,30331,18372,26139,19029,7110,203107,95871,107236,11450,5808,5642
B0103,20,353,District - Pakur,Total,Literate but below matric/secondary,289670,165917,123753,73191,58011,15180,40630,25067,15563,21607,15721,5886,175849,82839,93010,6247,2857,3390
B0103,20,353,District - Pakur,Total,Matric/secondary but below graduate,42631,27416,15215,16675,13748,2927,5190,3593,1597,2852,2192,660,20766,10075,10691,3870,2198,1672
B0103,20,353,District - Pakur,Total,Technical diploma or certificate not equal to degree,212,163,49,105,87,18,8,5,3,7,4,3,99,71,28,32,24,8
B0103,20,353,District - Pakur,Total,Graduate and above other than technical degree,10108,7466,2642,6385,5490,895,566,456,110,346,290,56,3157,1520,1637,981,563,418
B0103,20,353,District - Pakur,Total,Technical degree or diploma equal to degree or post-graduate degree,619,497,122,375,327,48,22,14,8,14,11,3,222,156,66,89,62,27
B0103,20,353,District - Pakur,Rural,Total,832910,418251,414659,230471,153155,77316,150267,64825,85442,79330,42229,37101,452172,200271,251901,15548,6064,9484
B0103,20,353,District - Pakur,Rural,Illiterate,517357,231719,285638,141177,82062,59115,102619,35220,67399,53683,23577,30106,273561,114437,159124,6752,1610,5142
B0103,20,353,District - Pakur,Rural,Literate,315553,186532,129021,89294,71093,18201,47648,29605,18043,25647,18652,6995,178611,85834,92777,8796,4454,4342
B0103,20,353,District - Pakur,Rural,Literate but below matric/secondary,266790,153964,112826,67386,53485,13901,39984,24641,15343,21288,15473,5815,159420,75838,83582,5247,2354,2893
B0103,20,353,District - Pakur,Rural,Matric/secondary but below graduate,33254,22296,10958,13613,11074,2539,4923,3399,1524,2741,2110,631,14718,7823,6895,2775,1637,1138
B0103,20,353,District - Pakur,Rural,Technical diploma or certificate not equal to degree,111,83,28,59,47,12,7,4,3,6,3,3,45,32,13,14,11,3
B0103,20,353,District - Pakur,Rural,Graduate and above other than technical degree,5994,4674,1320,3951,3369,582,461,373,88,302,257,45,1582,932,650,511,327,184
B0103,20,353,District - Pakur,Rural,Technical degree or diploma equal to degree or post-graduate degree,333,270,63,199,175,24,18,11,7,11,8,3,116,84,32,49,36,13
B0103,20,353,District - Pakur,Urban,Total,67512,34410,33102,21546,14717,6829,2300,1315,985,1019,695,324,43666,18378,25288,3191,1593,1598
B0103,20,353,District - Pakur,Urban,Illiterate,30184,13953,16231,9769,5023,4746,1245,589,656,527,318,209,19170,8341,10829,537,239,298
B0103,20,353,District - Pakur,Urban,Literate,37328,20457,16871,11777,9694,2083,1055,726,329,492,377,115,24496,10037,14459,2654,1354,1300
B0103,20,353,District - Pakur,Urban,Literate but below matric/secondary,22880,11953,10927,5805,4526,1279,646,426,220,319,248,71,16429,7001,9428,1000,503,497
B0103,20,353,District - Pakur,Urban,Matric/secondary but below graduate,9377,5120,4257,3062,2674,388,267,194,73,111,82,29,6048,2252,3796,1095,561,534
B0103,20,353,District - Pakur,Urban,Technical diploma or certificate not equal to degree,101,80,21,46,40,6,1,1,0,1,1,0,54,39,15,18,13,5
B0103,20,353,District - Pakur,Urban,Graduate and above other than technical degree,4114,2792,1322,2434,2121,313,105,83,22,44,33,11,1575,588,987,470,236,234
B0103,20,353,District - Pakur,Urban,Technical degree or diploma equal to degree or post-graduate degree,286,227,59,176,152,24,4,3,1,3,3,0,106,72,34,40,26,14
B0103,20,354,District - Dhanbad,Total,Total,2684487,1405956,1278531,546714,476848,69866,297790,182003,115787,175043,128163,46880,1839983,747105,1092878,177267,92946,84321
B0103,20,354,District - Dhanbad,Total,Illiterate,962283,391006,571277,119212,85440,33772,123176,49661,73515,64086,34212,29874,719895,255905,463990,33400,8304,25096
B0103,20,354,District - Dhanbad,Total,Literate,1722204,1014950,707254,427502,391408,36094,174614,132342,42272,110957,93951,17006,1120088,491200,628888,143867,84642,59225
B0103,20,354,District - Dhanbad,Total,Literate but below matric/secondary,1035545,574095,461450,190312,174795,15517,114939,84881,30058,71648,60325,11323,730294,314419,415875,51025,25843,25182
B0103,20,354,District - Dhanbad,Total,Matric/secondary but below graduate,456809,288718,168091,136273,126681,9592,40142,33201,6941,27191,23810,3381,280394,128836,151558,61599,39263,22336
B0103,20,354,District - Dhanbad,Total,Technical diploma or certificate not equal to degree,9898,9015,883,4634,4443,191,473,440,33,322,303,19,4791,4132,659,1965,1744,221
B0103,20,354,District - Dhanbad,Total,Graduate and above other than technical degree,144890,99301,45589,71237,64122,7115,8258,6850,1408,5516,4730,786,65395,28329,37066,22381,13671,8710
B0103,20,354,District - Dhanbad,Total,Technical degree or diploma equal to degree or post-graduate degree,15263,11671,3592,7933,6699,1234,509,397,112,319,263,56,6821,4575,2246,2914,2141,773
B0103,20,354,District - Dhanbad,Rural,Total,1124093,581956,542137,195201,164346,30855,216014,120983,95031,124641,87603,37038,712878,296627,416251,61662,28373,33289
B0103,20,354,District - Dhanbad,Rural,Illiterate,474838,184812,290026,54673,36535,18138,97098,34243,62855,49085,24135,24950,323067,114034,209033,16491,2832,13659
B0103,20,354,District - Dhanbad,Rural,Literate,649255,397144,252111,140528,127811,12717,118916,86740,32176,75556,63468,12088,389811,182593,207218,45171,25541,19630
B0103,20,354,District - Dhanbad,Rural,Literate but below matric/secondary,461652,266157,195495,80343,72958,7385,84216,59748,24468,52480,43578,8902,297093,133451,163642,20467,9267,11200
B0103,20,354,District - Dhanbad,Rural,Matric/secondary but below graduate,133058,93588,39470,38552,35575,2977,23788,19551,4237,16373,14531,1842,70718,38462,32256,18306,12081,6225
B0103,20,354,District - Dhanbad,Rural,Technical diploma or certificate not equal to degree,1716,1570,146,703,677,26,209,194,15,153,145,8,804,699,105,387,348,39
B0103,20,354,District - Dhanbad,Rural,Graduate and above other than technical degree,26618,21072,5546,13629,12473,1156,3351,2924,427,2410,2197,213,9638,5675,3963,4290,2951,1339
B0103,20,354,District - Dhanbad,Rural,Technical degree or diploma equal to degree or post-graduate degree,1900,1593,307,929,831,98,125,109,16,86,78,8,846,653,193,405,327,78
B0103,20,354,District - Dhanbad,Urban,Total,1560394,824000,736394,351513,312502,39011,81776,61020,20756,50402,40560,9842,1127105,450478,676627,115605,64573,51032
B0103,20,354,District - Dhanbad,Urban,Illiterate,487445,206194,281251,64539,48905,15634,26078,15418,10660,15001,10077,4924,396828,141871,254957,16909,5472,11437
B0103,20,354,District - Dhanbad,Urban,Literate,1072949,617806,455143,286974,263597,23377,55698,45602,10096,35401,30483,4918,730277,308607,421670,98696,59101,39595
B0103,20,354,District - Dhanbad,Urban,Literate but below matric/secondary,573893,307938,265955,109969,101837,8132,30723,25133,5590,19168,16747,2421,433201,180968,252233,30558,16576,13982
B0103,20,354,District - Dhanbad,Urban,Matric/secondary but below graduate,323751,195130,128621,97721,91106,6615,16354,13650,2704,10818,9279,1539,209676,90374,119302,43293,27182,16111
B0103,20,354,District - Dhanbad,Urban,Technical diploma or certificate not equal to degree,8182,7445,737,3931,3766,165,264,246,18,169,158,11,3987,3433,554,1578,1396,182
B0103,20,354,District - Dhanbad,Urban,Graduate and above other than technical degree,118272,78229,40043,57608,51649,5959,4907,3926,981,3106,2533,573,55757,22654,33103,18091,10720,7371
B0103,20,354,District - Dhanbad,Urban,Technical degree or diploma equal to degree or post-graduate degree,13363,10078,3285,7004,5868,1136,384,288,96,233,185,48,5975,3922,2053,2509,1814,695
B0103,20,355,District - Bokaro,Total,Total,2062330,1072807,989523,380304,327840,52464,305064,179837,125227,189997,134209,55788,1376962,565130,811832,124609,61506,63103
B0103,20,355,District - Bokaro,Total,Illiterate,788810,313719,475091,89171,62630,26541,142980,56475,86505,80468,41577,38891,556659,194614,362045,25720,4535,21185
B0103,20,355,District - Bokaro,Total,Literate,1273520,759088,514432,291133,265210,25923,162084,123362,38722,109529,92632,16897,820303,370516,449787,98889,56971,41918
B0103,20,355,District - Bokaro,Total,Literate but below matric/secondary,773377,432688,340689,123111,113240,9871,106815,79766,27049,71390,60086,11304,543451,239682,303769,30893,14901,15992
B0103,20,355,District - Bokaro,Total,Matric/secondary but below graduate,337804,217468,120336,97493,90137,7356,40753,32930,7823,28377,24758,3619,199558,94401,105157,41655,26061,15594
B0103,20,355,District - Bokaro,Total,Technical diploma or certificate not equal to degree,9403,8443,960,4262,3986,276,464,426,38,337,315,22,4677,4031,646,1743,1539,204
B0103,20,355,District - Bokaro,Total,Graduate and above other than technical degree,108537,73204,35333,50774,44820,5954,7229,5791,1438,5057,4217,840,50534,22593,27941,19184,11150,8034
B0103,20,355,District - Bokaro,Total,Technical degree or diploma equal to degree or post-graduate degree,15489,11723,3766,7954,6593,1361,659,498,161,482,372,110,6876,4632,2244,3297,2304,993
B0103,20,355,District - Bokaro,Rural,Total,1078686,554954,523732,166113,138551,27562,246700,138188,108512,154254,105603,48651,665873,278215,387658,48484,20314,28170
B0103,20,355,District - Bokaro,Rural,Illiterate,501508,197591,303917,56015,38605,17410,124396,47054,77342,70583,35346,35237,321097,111932,209165,16893,2293,14600
B0103,20,355,District - Bokaro,Rural,Literate,577178,357363,219815,110098,99946,10152,122304,91134,31170,83671,70257,13414,344776,166283,178493,31591,18021,13570
B0103,20,355,District - Bokaro,Rural,Literate but below matric/secondary,423727,247983,175744,62842,57513,5329,86119,62980,23139,58223,48445,9778,274766,127490,147276,14983,6973,8010
B0103,20,355,District - Bokaro,Rural,Matric/secondary but below graduate,117352,83488,33864,32797,29644,3153,27905,22184,5721,19789,17227,2562,56650,31660,24990,12667,8439,4228
B0103,20,355,District - Bokaro,Rural,Technical diploma or certificate not equal to degree,1433,1342,91,510,492,18,180,170,10,144,138,6,743,680,63,326,310,16
B0103,20,355,District - Bokaro,Rural,Graduate and above other than technical degree,18879,15138,3741,9791,8801,990,3053,2623,430,2250,2045,205,6035,3714,2321,2535,1762,773
B0103,20,355,District - Bokaro,Rural,Technical degree or diploma equal to degree or post-graduate degree,1314,1113,201,663,578,85,97,86,11,72,68,4,554,449,105,242,198,44
B0103,20,355,District - Bokaro,Urban,Total,983644,517853,465791,214191,189289,24902,58364,41649,16715,35743,28606,7137,711089,286915,424174,76125,41192,34933
B0103,20,355,District - Bokaro,Urban,Illiterate,287302,116128,171174,33156,24025,9131,18584,9421,9163,9885,6231,3654,235562,82682,152880,8827,2242,6585
B0103,20,355,District - Bokaro,Urban,Literate,696342,401725,294617,181035,165264,15771,39780,32228,7552,25858,22375,3483,475527,204233,271294,67298,38950,28348
B0103,20,355,District - Bokaro,Urban,Literate but below matric/secondary,349650,184705,164945,60269,55727,4542,20696,16786,3910,13167,11641,1526,268685,112192,156493,15910,7928,7982
B0103,20,355,District - Bokaro,Urban,Matric/secondary but below graduate,220452,133980,86472,64696,60493,4203,12848,10746,2102,8588,7531,1057,142908,62741,80167,28988,17622,11366
B0103,20,355,District - Bokaro,Urban,Technical diploma or certificate not equal to degree,7970,7101,869,3752,3494,258,284,256,28,193,177,16,3934,3351,583,1417,1229,188
B0103,20,355,District - Bokaro,Urban,Graduate and above other than technical degree,89658,58066,31592,40983,36019,4964,4176,3168,1008,2807,2172,635,44499,18879,25620,16649,9388,7261
B0103,20,355,District - Bokaro,Urban,Technical degree or diploma equal to degree or post-graduate degree,14175,10610,3565,7291,6015,1276,562,412,150,410,304,106,6322,4183,2139,3055,2106,949
B0103,20,356,District - Lohardaga,Total,Total,461790,232629,229161,103001,71000,32001,118331,50605,67726,58624,29581,29043,240458,111024,129434,14754,6337,8417
B0103,20,356,District - Lohardaga,Total,Illiterate,202083,83061,119022,40769,20845,19924,53420,14579,38841,27259,9234,18025,107894,47637,60257,2428,472,1956
B0103,20,356,District - Lohardaga,Total,Literate,259707,149568,110139,62232,50155,12077,64911,36026,28885,31365,20347,11018,132564,63387,69177,12326,5865,6461
B0103,20,356,District - Lohardaga,Total,Literate but below matric/secondary,187143,105464,81679,37086,29843,7243,46515,25149,21366,20752,13369,7383,103542,50472,53070,4324,1862,2462
B0103,20,356,District - Lohardaga,Total,Matric/secondary but below graduate,50600,30513,20087,14866,12243,2623,13395,8128,5267,7641,5113,2528,22339,10142,12197,5679,2919,2760
B0103,20,356,District - Lohardaga,Total,Technical diploma or certificate not equal to degree,397,301,96,135,101,34,36,28,8,29,23,6,226,172,54,109,86,23
B0103,20,356,District - Lohardaga,Total,Graduate and above other than technical degree,12617,8417,4200,6789,5582,1207,1860,1280,580,1203,874,329,3968,1555,2413,1807,814,993
B0103,20,356,District - Lohardaga,Total,Technical degree or diploma equal to degree or post-graduate degree,910,587,323,496,346,150,99,66,33,63,43,20,315,175,140,125,69,56
B0103,20,356,District - Lohardaga,Rural,Total,404379,203255,201124,89430,59760,29670,114867,48459,66408,56965,28485,28480,200082,95036,105046,10364,4493,5871
B0103,20,356,District - Lohardaga,Rural,Illiterate,186975,76402,110573,38780,19519,19261,52353,14133,38220,26757,9007,17750,95842,42750,53092,2109,385,1724
B0103,20,356,District - Lohardaga,Rural,Literate,217404,126853,90551,50650,40241,10409,62514,34326,28188,30208,19478,10730,104240,52286,51954,8255,4108,4147
B0103,20,356,District - Lohardaga,Rural,Literate but below matric/secondary,165960,94556,71404,33168,26397,6771,45261,24282,20979,20207,12965,7242,87531,43877,43654,3474,1546,1928
B0103,20,356,District - Lohardaga,Rural,Matric/secondary but below graduate,37494,23674,13820,11382,9173,2209,12695,7621,5074,7281,4837,2444,13417,6880,6537,3795,2075,1720
B0103,20,356,District - Lohardaga,Rural,Technical diploma or certificate not equal to degree,165,127,38,42,30,12,31,23,8,25,19,6,92,74,18,49,42,7
B0103,20,356,District - Lohardaga,Rural,Graduate and above other than technical degree,6305,4462,1843,3323,2728,595,1532,1028,504,1014,731,283,1450,706,744,702,355,347
B0103,20,356,District - Lohardaga,Rural,Technical degree or diploma equal to degree or post-graduate degree,352,228,124,183,131,52,82,55,27,51,37,14,87,42,45,33,12,21
B0103,20,356,District - Lohardaga,Urban,Total,57411,29374,28037,13571,11240,2331,3464,2146,1318,1659,1096,563,40376,15988,24388,4390,1844,2546
B0103,20,356,District - Lohardaga,Urban,Illiterate,15108,6659,8449,1989,1326,663,1067,446,621,502,227,275,12052,4887,7165,319,87,232
B0103,20,356,District - Lohardaga,Urban,Literate,42303,22715,19588,11582,9914,1668,2397,1700,697,1157,869,288,28324,11101,17223,4071,1757,2314
B0103,20,356,District - Lohardaga,Urban,Literate but below matric/secondary,21183,10908,10275,3918,3446,472,1254,867,387,545,404,141,16011,6595,9416,850,316,534
B0103,20,356,District - Lohardaga,Urban,Matric/secondary but below graduate,13106,6839,6267,3484,3070,414,700,507,193,360,276,84,8922,3262,5660,1884,844,1040
B0103,20,356,District - Lohardaga,Urban,Technical diploma or certificate not equal to degree,232,174,58,93,71,22,5,5,0,4,4,0,134,98,36,60,44,16
B0103,20,356,District - Lohardaga,Urban,Graduate and above other than technical degree,6312,3955,2357,3466,2854,612,328,252,76,189,143,46,2518,849,1669,1105,459,646
B0103,20,356,District - Lohardaga,Urban,Technical degree or diploma equal to degree or post-graduate degree,558,359,199,313,215,98,17,11,6,12,6,6,228,133,95,92,57,35
B0103,20,357,District - Purbi Singhbhum,Total,Total,2293919,1176902,1117017,529578,445404,84174,307589,170845,136744,168930,108436,60494,1456752,560653,896099,116628,54386,62242
B0103,20,357,District - Purbi Singhbhum,Total,Illiterate,786220,320376,465844,111977,71237,40740,151631,58728,92903,78193,36628,41565,522612,190411,332201,18724,3609,15115
B0103,20,357,District - Purbi Singhbhum,Total,Literate,1507699,856526,651173,417601,374167,43434,155958,112117,43841,90737,71808,18929,934140,370242,563898,97904,50777,47127
B0103,20,357,District - Purbi Singhbhum,Total,Literate but below matric/secondary,817288,438751,378537,153392,136567,16825,104891,72058,32833,60172,46151,14021,559005,230126,328879,30998,13657,17341
B0103,20,357,District - Purbi Singhbhum,Total,Matric/secondary but below graduate,429088,256304,172784,139503,129587,9916,32110,26250,5860,19748,17098,2650,257475,100467,157008,41715,24181,17534
B0103,20,357,District - Purbi Singhbhum,Total,Technical diploma or certificate not equal to degree,12346,10955,1391,6760,6298,462,275,250,25,173,160,13,5311,4407,904,1677,1442,235
B0103,20,357,District - Purbi Singhbhum,Total,Graduate and above other than technical degree,178393,106653,71740,89251,77630,11621,6426,5291,1135,3934,3348,586,82716,23732,58984,18307,8599,9708
B0103,20,357,District - Purbi Singhbhum,Total,Technical degree or diploma equal to degree or post-graduate degree,22614,16107,6507,13625,10988,2637,383,302,81,208,171,37,8606,4817,3789,2625,1674,951
B0103,20,357,District - Purbi Singhbhum,Rural,Total,1019328,514498,504830,172500,135569,36931,274363,147420,126943,151207,95015,56192,572465,231509,340956,43980,17806,26174
B0103,20,357,District - Purbi Singhbhum,Rural,Illiterate,471331,186606,284725,61552,37773,23779,142166,54061,88105,73390,33915,39475,267613,94772,172841,12109,1520,10589
B0103,20,357,District - Purbi Singhbhum,Rural,Literate,547997,327892,220105,110948,97796,13152,132197,93359,38838,77817,61100,16717,304852,136737,168115,31871,16286,15585
B0103,20,357,District - Purbi Singhbhum,Rural,Literate but below matric/secondary,389390,219575,169815,61778,53659,8119,93208,62846,30362,53959,40942,13017,234404,103070,131334,14714,5729,8985
B0103,20,357,District - Purbi Singhbhum,Rural,Matric/secondary but below graduate,105082,71929,33153,28908,26178,2730,24435,19957,4478,15520,13482,2038,51739,25794,25945,12836,7964,4872
B0103,20,357,District - Purbi Singhbhum,Rural,Technical diploma or certificate not equal to degree,1171,1076,95,481,459,22,106,100,6,67,64,3,584,517,67,256,236,20
B0103,20,357,District - Purbi Singhbhum,Rural,Graduate and above other than technical degree,20794,15749,5045,10143,9137,1006,3679,3289,390,2400,2212,188,6972,3323,3649,2499,1571,928
B0103,20,357,District - Purbi Singhbhum,Rural,Technical degree or diploma equal to degree or post-graduate degree,1661,1361,300,869,753,116,119,113,6,68,66,2,673,495,178,251,195,56
B0103,20,357,District - Purbi Singhbhum,Urban,Total,1274591,662404,612187,357078,309835,47243,33226,23425,9801,17723,13421,4302,884287,329144,555143,72648,36580,36068
B0103,20,357,District - Purbi Singhbhum,Urban,Illiterate,314889,133770,181119,50425,33464,16961,9465,4667,4798,4803,2713,2090,254999,95639,159360,6615,2089,4526
B0103,20,357,District - Purbi Singhbhum,Urban,Literate,959702,528634,431068,306653,276371,30282,23761,18758,5003,12920,10708,2212,629288,233505,395783,66033,34491,31542
B0103,20,357,District - Purbi Singhbhum,Urban,Literate but below matric/secondary,427898,219176,208722,91614,82908,8706,11683,9212,2471,6213,5209,1004,324601,127056,197545,16284,7928,8356
B0103,20,357,District - Purbi Singhbhum,Urban,Matric/secondary but below graduate,324006,184375,139631,110595,103409,7186,7675,6293,1382,4228,3616,612,205736,74673,131063,28879,16217,12662
B0103,20,357,District - Purbi Singhbhum,Urban,Technical diploma or certificate not equal to degree,11175,9879,1296,6279,5839,440,169,150,19,106,96,10,4727,3890,837,1421,1206,215
B0103,20,357,District - Purbi Singhbhum,Urban,Graduate and above other than technical degree,157599,90904,66695,79108,68493,10615,2747,2002,745,1534,1136,398,75744,20409,55335,15808,7028,8780
B0103,20,357,District - Purbi Singhbhum,Urban,Technical degree or diploma equal to degree or post-graduate degree,20953,14746,6207,12756,10235,2521,264,189,75,140,105,35,7933,4322,3611,2374,1479,895
B0103,20,358,District - Palamu,Total,Total,1939869,1006302,933567,283702,225344,58358,429473,247698,181775,264044,177650,86394,1226694,533260,693434,91532,40303,51229
B0103,20,358,District - Palamu,Total,Illiterate,915306,384596,530710,104572,66637,37935,230257,98220,132037,135622,70960,64662,580477,219739,360738,29822,5403,24419
B0103,20,358,District - Palamu,Total,Literate,1024563,621706,402857,179130,158707,20423,199216,149478,49738,128422,106690,21732,646217,313521,332696,61710,34900,26810
B0103,20,358,District - Palamu,Total,Literate but below matric/secondary,705189,401180,304009,84856,74013,10843,127322,92007,35315,79998,65045,14953,493011,235160,257851,26079,12487,13592
B0103,20,358,District - Palamu,Total,Matric/secondary but below graduate,230146,157591,72555,58861,53459,5402,52866,43145,9721,36113,31593,4520,118419,60987,57432,26039,16310,9729
B0103,20,358,District - Palamu,Total,Technical diploma or certificate not equal to degree,1455,1262,193,541,480,61,130,118,12,98,90,8,784,664,120,280,252,28
B0103,20,358,District - Palamu,Total,Graduate and above other than technical degree,54136,40974,13162,25660,23138,2522,8128,7056,1072,5616,5046,570,20348,10780,9568,7103,4651,2452
B0103,20,358,District - Palamu,Total,Technical degree or diploma equal to degree or post-graduate degree,3281,2601,680,1623,1391,232,223,186,37,143,122,21,1435,1024,411,564,413,151
B0103,20,358,District - Palamu,Rural,Total,1713866,887551,826315,240120,187315,52805,408611,232912,175699,252241,168340,83901,1065135,467324,597811,74649,31680,42969
B0103,20,358,District - Palamu,Rural,Illiterate,846052,354982,491070,97534,61448,36086,222916,94276,128640,131707,68389,63318,525602,199258,326344,27559,4824,22735
B0103,20,358,District - Palamu,Rural,Literate,867814,532569,335245,142586,125867,16719,185695,138636,47059,120534,99951,20583,539533,268066,271467,47090,26856,20234
B0103,20,358,District - Palamu,Rural,Literate but below matric/secondary,626337,360120,266217,74278,64461,9817,120517,86713,33804,76162,61774,14388,431542,208946,222596,22306,10695,11611
B0103,20,358,District - Palamu,Rural,Matric/secondary but below graduate,181592,129313,52279,46324,41989,4335,48467,39529,8938,33457,29303,4154,86801,47795,39006,19370,12540,6830
B0103,20,358,District - Palamu,Rural,Technical diploma or certificate not equal to degree,857,769,88,289,251,38,108,100,8,84,80,4,460,418,42,167,159,8
B0103,20,358,District - Palamu,Rural,Graduate and above other than technical degree,30616,24863,5753,14380,13133,1247,6361,5543,818,4565,4144,421,9875,6187,3688,3651,2626,1025
B0103,20,358,District - Palamu,Rural,Technical degree or diploma equal to degree or post-graduate degree,1367,1166,201,654,578,76,144,126,18,89,79,10,569,462,107,241,187,54
B0103,20,358,District - Palamu,Urban,Total,226003,118751,107252,43582,38029,5553,20862,14786,6076,11803,9310,2493,161559,65936,95623,16883,8623,8260
B0103,20,358,District - Palamu,Urban,Illiterate,69254,29614,39640,7038,5189,1849,7341,3944,3397,3915,2571,1344,54875,20481,34394,2263,579,1684
B0103,20,358,District - Palamu,Urban,Literate,156749,89137,67612,36544,32840,3704,13521,10842,2679,7888,6739,1149,106684,45455,61229,14620,8044,6576
B0103,20,358,District - Palamu,Urban,Literate but below matric/secondary,78852,41060,37792,10578,9552,1026,6805,5294,1511,3836,3271,565,61469,26214,35255,3773,1792,1981
B0103,20,358,District - Palamu,Urban,Matric/secondary but below graduate,48554,28278,20276,12537,11470,1067,4399,3616,783,2656,2290,366,31618,13192,18426,6669,3770,2899
B0103,20,358,District - Palamu,Urban,Technical diploma or certificate not equal to degree,598,493,105,252,229,23,22,18,4,14,10,4,324,246,78,113,93,20
B0103,20,358,District - Palamu,Urban,Graduate and above other than technical degree,23520,16111,7409,11280,10005,1275,1767,1513,254,1051,902,149,10473,4593,5880,3452,2025,1427
B0103,20,358,District - Palamu,Urban,Technical degree or diploma equal to degree or post-graduate degree,1914,1435,479,969,813,156,79,60,19,54,43,11,866,562,304,323,226,97
B0103,20,359,District - Latehar,Total,Total,726978,369666,357312,117311,82884,34427,196068,97222,98846,120098,67305,52793,413599,189560,224039,29166,12051,17115
B0103,20,359,District - Latehar,Total,Illiterate,376296,159960,216336,52657,29190,23467,112765,41664,71101,68496,29328,39168,210874,89106,121768,9402,1773,7629
B0103,20,359,District - Latehar,Total,Literate,350682,209706,140976,64654,53694,10960,83303,55558,27745,51602,37977,13625,202725,100454,102271,19764,10278,9486
B0103,20,359,District - Latehar,Total,Literate but below matric/secondary,268896,156574,112322,38910,32258,6652,62838,41661,21177,38169,28167,10002,167148,82655,84493,9789,4707,5082
B0103,20,359,District - Latehar,Total,Matric/secondary but below graduate,58190,37206,20984,16090,13471,2619,14261,9787,4474,9316,6920,2396,27839,13948,13891,7537,4194,3343
B0103,20,359,District - Latehar,Total,Technical diploma or certificate not equal to degree,478,328,150,188,138,50,68,32,36,48,23,25,222,158,64,103,68,35
B0103,20,359,District - Latehar,Total,Graduate and above other than technical degree,12739,9053,3686,6203,5265,938,2222,1595,627,1560,1167,393,4314,2193,2121,1849,1074,775
B0103,20,359,District - Latehar,Total,Technical degree or diploma equal to degree or post-graduate degree,730,479,251,404,282,122,65,34,31,48,21,27,261,163,98,113,72,41
B0103,20,359,District - Latehar,Rural,Total,675120,342566,332554,106381,73668,32713,191333,94002,97331,116809,64977,51832,377406,174896,202510,24605,10033,14572
B0103,20,359,District - Latehar,Rural,Illiterate,358962,152405,206557,50243,27606,22637,110982,40734,70248,67287,28640,38647,197737,84065,113672,8632,1565,7067
B0103,20,359,District - Latehar,Rural,Literate,316158,190161,125997,56138,46062,10076,80351,53268,27083,49522,36337,13185,179669,90831,88838,15973,8468,7505
B0103,20,359,District - Latehar,Rural,Literate but below matric/secondary,250168,146722,103446,35946,29545,6401,61356,40549,20807,37160,27399,9761,152866,76628,76238,8516,4133,4383
B0103,20,359,District - Latehar,Rural,Matric/secondary but below graduate,47591,31009,16582,12932,10605,2327,13261,8992,4269,8579,6323,2256,21398,11412,9986,5784,3383,2401
B0103,20,359,District - Latehar,Rural,Technical diploma or certificate not equal to degree,344,214,130,132,86,46,62,27,35,46,21,25,150,101,49,74,46,28
B0103,20,359,District - Latehar,Rural,Graduate and above other than technical degree,8684,6285,2399,4190,3527,663,1857,1295,562,1297,950,347,2637,1463,1174,1183,717,466
B0103,20,359,District - Latehar,Rural,Technical degree or diploma equal to degree or post-graduate degree,477,292,185,257,169,88,55,28,27,41,18,23,165,95,70,79,46,33
B0103,20,359,District - Latehar,Urban,Total,51858,27100,24758,10930,9216,1714,4735,3220,1515,3289,2328,961,36193,14664,21529,4561,2018,2543
B0103,20,359,District - Latehar,Urban,Illiterate,17334,7555,9779,2414,1584,830,1783,930,853,1209,688,521,13137,5041,8096,770,208,562
B0103,20,359,District - Latehar,Urban,Literate,34524,19545,14979,8516,7632,884,2952,2290,662,2080,1640,440,23056,9623,13433,3791,1810,1981
B0103,20,359,District - Latehar,Urban,Literate but below matric/secondary,18728,9852,8876,2964,2713,251,1482,1112,370,1009,768,241,14282,6027,8255,1273,574,699
B0103,20,359,District - Latehar,Urban,Matric/secondary but below graduate,10599,6197,4402,3158,2866,292,1000,795,205,737,597,140,6441,2536,3905,1753,811,942
B0103,20,359,District - Latehar,Urban,Technical diploma or certificate not equal to degree,134,114,20,56,52,4,6,5,1,2,2,0,72,57,15,29,22,7
B0103,20,359,District - Latehar,Urban,Graduate and above other than technical degree,4055,2768,1287,2013,1738,275,365,300,65,263,217,46,1677,730,947,666,357,309
B0103,20,359,District - Latehar,Urban,Technical degree or diploma equal to degree or post-graduate degree,253,187,66,147,113,34,10,6,4,7,3,4,96,68,28,34,26,8
B0103,20,360,District - Hazaribagh,Total,Total,1734495,890881,843614,327316,261999,65317,327320,161473,165847,184314,113119,71195,1079859,467409,612450,79017,36850,42167
B0103,20,360,District - Hazaribagh,Total,Illiterate,721246,294768,426478,102522,63860,38662,157519,50536,106983,82514,35165,47349,461205,180372,280833,17469,2798,14671
B0103,20,360,District - Hazaribagh,Total,Literate,1013249,596113,417136,224794,198139,26655,169801,110937,58864,101800,77954,23846,618654,287037,331617,61548,34052,27496
B0103,20,360,District - Hazaribagh,Total,Literate but below matric/secondary,667023,374599,292424,112195,98724,13471,110425,69603,40822,65394,49131,16263,444403,206272,238131,21905,10365,11540
B0103,20,360,District - Hazaribagh,Total,Matric/secondary but below graduate,211209,134674,76535,57678,51983,5695,36226,26051,10175,23421,18741,4680,117305,56640,60665,25468,15300,10168
B0103,20,360,District - Hazaribagh,Total,Technical diploma or certificate not equal to degree,1583,1321,262,630,562,68,87,72,15,49,44,5,866,687,179,316,260,56
B0103,20,360,District - Hazaribagh,Total,Graduate and above other than technical degree,62819,44504,18315,31395,27615,3780,5897,4931,966,4016,3465,551,25527,11958,13569,9473,5871,3602
B0103,20,360,District - Hazaribagh,Total,Technical degree or diploma equal to degree or post-graduate degree,4622,3448,1174,2411,1978,433,169,134,35,99,81,18,2042,1336,706,902,620,282
B0103,20,360,District - Hazaribagh,Rural,Total,1459188,746934,712254,263276,205284,57992,315344,152890,162454,177363,107817,69546,880568,388760,491808,57574,25762,31812
B0103,20,360,District - Hazaribagh,Rural,Illiterate,651179,264598,386581,94136,57481,36655,154246,48840,105406,80763,34143,46620,402797,158277,244520,15784,2340,13444
B0103,20,360,District - Hazaribagh,Rural,Literate,808009,482336,325673,169140,147803,21337,161098,104050,57048,96600,73674,22926,477771,230483,247288,41790,23422,18368
B0103,20,360,District - Hazaribagh,Rural,Literate but below matric/secondary,572481,325700,246781,96714,84317,12397,106228,66337,39891,62870,47040,15830,369539,175046,194493,17689,8246,9443
B0103,20,360,District - Hazaribagh,Rural,Matric/secondary but below graduate,149174,100585,48589,40509,36169,4340,33637,23965,9672,21755,17366,4389,75028,40451,34577,17093,10817,6276
B0103,20,360,District - Hazaribagh,Rural,Technical diploma or certificate not equal to degree,502,427,75,156,139,17,61,53,8,34,32,2,285,235,50,99,83,16
B0103,20,360,District - Hazaribagh,Rural,Graduate and above other than technical degree,27111,21480,5631,13343,11777,1566,4838,4038,800,3378,2931,447,8930,5665,3265,3775,2747,1028
B0103,20,360,District - Hazaribagh,Rural,Technical degree or diploma equal to degree or post-graduate degree,1138,941,197,534,452,82,104,87,17,58,52,6,500,402,98,227,183,44
B0103,20,360,District - Hazaribagh,Urban,Total,275307,143947,131360,64040,56715,7325,11976,8583,3393,6951,5302,1649,199291,78649,120642,21443,11088,10355
B0103,20,360,District - Hazaribagh,Urban,Illiterate,70067,30170,39897,8386,6379,2007,3273,1696,1577,1751,1022,729,58408,22095,36313,1685,458,1227
B0103,20,360,District - Hazaribagh,Urban,Literate,205240,113777,91463,55654,50336,5318,8703,6887,1816,5200,4280,920,140883,56554,84329,19758,10630,9128
B0103,20,360,District - Hazaribagh,Urban,Literate but below matric/secondary,94542,48899,45643,15481,14407,1074,4197,3266,931,2524,2091,433,74864,31226,43638,4216,2119,2097
B0103,20,360,District - Hazaribagh,Urban,Matric/secondary but below graduate,62035,34089,27946,17169,15814,1355,2589,2086,503,1666,1375,291,42277,16189,26088,8375,4483,3892
B0103,20,360,District - Hazaribagh,Urban,Technical diploma or certificate not equal to degree,1081,894,187,474,423,51,26,19,7,15,12,3,581,452,129,217,177,40
B0103,20,360,District - Hazaribagh,Urban,Graduate and above other than technical degree,35708,23024,12684,18052,15838,2214,1059,893,166,638,534,104,16597,6293,10304,5698,3124,2574
B0103,20,360,District - Hazaribagh,Urban,Technical degree or diploma equal to degree or post-graduate degree,3484,2507,977,1877,1526,351,65,47,18,41,29,12,1542,934,608,675,437,238
B0103,20,361,District - Ramgarh,Total,Total,949443,494230,455213,221112,183137,37975,91013,51065,39948,52279,36151,16128,637318,260028,377290,51107,27127,23980
B0103,20,361,District - Ramgarh,Total,Illiterate,352946,144199,208747,64079,41113,22966,41696,15658,26038,21401,10834,10567,247171,87428,159743,9808,1871,7937
B0103,20,361,District - Ramgarh,Total,Literate,596497,350031,246466,157033,142024,15009,49317,35407,13910,30878,25317,5561,390147,172600,217547,41299,25256,16043
B0103,20,361,District - Ramgarh,Total,Literate but below matric/secondary,364424,203346,161078,74683,67397,7286,31526,22237,9289,19455,15910,3545,258215,113712,144503,13403,7161,6242
B0103,20,361,District - Ramgarh,Total,Matric/secondary but below graduate,167009,103600,63409,52311,48036,4275,13280,9876,3404,8572,7097,1475,101418,45688,55730,18980,12329,6651
B0103,20,361,District - Ramgarh,Total,Technical diploma or certificate not equal to degree,2552,2288,264,1249,1191,58,75,68,7,51,49,2,1228,1029,199,506,438,68
B0103,20,361,District - Ramgarh,Total,Graduate and above other than technical degree,43028,29909,13119,21580,19341,2239,2220,1823,397,1527,1311,216,19228,8745,10483,6624,4278,2346
B0103,20,361,District - Ramgarh,Total,Technical degree or diploma equal to degree or post-graduate degree,3599,2716,883,1843,1568,275,69,57,12,45,38,7,1687,1091,596,730,492,238
B0103,20,361,District - Ramgarh,Rural,Total,530488,272167,258321,123441,96026,27415,72776,37424,35352,40249,26560,13689,334271,138717,195554,23345,10886,12459
B0103,20,361,District - Ramgarh,Rural,Illiterate,229282,92255,137027,46589,28284,18305,35158,11978,23180,17313,8288,9025,147535,51993,95542,6572,936,5636
B0103,20,361,District - Ramgarh,Rural,Literate,301206,179912,121294,76852,67742,9110,37618,25446,12172,22936,18272,4664,186736,86724,100012,16773,9950,6823
B0103,20,361,District - Ramgarh,Rural,Literate but below matric/secondary,210207,120329,89878,45273,40048,5225,25135,16789,8346,15111,12029,3082,139799,63492,76307,6959,3482,3477
B0103,20,361,District - Ramgarh,Rural,Matric/secondary but below graduate,70506,45252,25254,21838,19271,2567,9635,6702,2933,6057,4843,1214,39033,19279,19754,7629,5001,2628
B0103,20,361,District - Ramgarh,Rural,Technical diploma or certificate not equal to degree,440,386,54,161,151,10,37,33,4,27,25,2,242,202,40,103,93,10
B0103,20,361,District - Ramgarh,Rural,Graduate and above other than technical degree,12092,9290,2802,6535,5771,764,1259,1016,243,888,762,126,4298,2503,1795,1570,1105,465
B0103,20,361,District - Ramgarh,Rural,Technical degree or diploma equal to degree or post-graduate degree,581,484,97,283,253,30,31,26,5,20,17,3,267,205,62,106,79,27
B0103,20,361,District - Ramgarh,Urban,Total,418955,222063,196892,97671,87111,10560,18237,13641,4596,12030,9591,2439,303047,121311,181736,27762,16241,11521
B0103,20,361,District - Ramgarh,Urban,Illiterate,123664,51944,71720,17490,12829,4661,6538,3680,2858,4088,2546,1542,99636,35435,64201,3236,935,2301
B0103,20,361,District - Ramgarh,Urban,Literate,295291,170119,125172,80181,74282,5899,11699,9961,1738,7942,7045,897,203411,85876,117535,24526,15306,9220
B0103,20,361,District - Ramgarh,Urban,Literate but below matric/secondary,154217,83017,71200,29410,27349,2061,6391,5448,943,4344,3881,463,118416,50220,68196,6444,3679,2765
B0103,20,361,District - Ramgarh,Urban,Matric/secondary but below graduate,96503,58348,38155,30473,28765,1708,3645,3174,471,2515,2254,261,62385,26409,35976,11351,7328,4023
B0103,20,361,District - Ramgarh,Urban,Technical diploma or certificate not equal to degree,2112,1902,210,1088,1040,48,38,35,3,24,24,0,986,827,159,403,345,58
B0103,20,361,District - Ramgarh,Urban,Graduate and above other than technical degree,30936,20619,10317,15045,13570,1475,961,807,154,639,549,90,14930,6242,8688,5054,3173,1881
B0103,20,361,District - Ramgarh,Urban,Technical degree or diploma equal to degree or post-graduate degree,3018,2232,786,1560,1315,245,38,31,7,25,21,4,1420,886,534,624,413,211
B0103,20,362,District - Dumka,Total,Total,1321442,668514,652928,237479,171817,65662,387300,195291,192009,221668,131444,90224,696663,301406,395257,47819,19295,28524
B0103,20,362,District - Dumka,Total,Illiterate,649033,262239,386794,91631,51237,40394,201680,70129,131551,107663,45975,61688,355722,140873,214849,14218,2468,11750
B0103,20,362,District - Dumka,Total,Literate,672409,406275,266134,145848,120580,25268,185620,125162,60458,114005,85469,28536,340941,160533,180408,33601,16827,16774
B0103,20,362,District - Dumka,Total,Literate but below matric/secondary,523684,309448,214236,95356,79347,16009,149842,100211,49631,91547,68415,23132,278486,129890,148596,16970,7308,9662
B0103,20,362,District - Dumka,Total,Matric/secondary but below graduate,95303,62157,33146,29245,23992,5253,20743,15491,5252,13283,10632,2651,45315,22674,22641,11699,6752,4947
B0103,20,362,District - Dumka,Total,Technical diploma or certificate not equal to degree,883,669,214,368,283,85,64,52,12,45,36,9,451,334,117,210,160,50
B0103,20,362,District - Dumka,Total,Graduate and above other than technical degree,21797,15798,5999,12001,10181,1820,2100,1682,418,1371,1137,234,7696,3935,3761,3094,1810,1284
B0103,20,362,District - Dumka,Total,Technical degree or diploma equal to degree or post-graduate degree,2062,1548,514,1153,922,231,80,58,22,47,34,13,829,568,261,411,288,123
B0103,20,362,District - Dumka,Rural,Total,1231264,620928,610336,216205,153485,62720,381167,191222,189945,217962,128910,89052,633892,276221,357671,39105,15265,23840
B0103,20,362,District - Dumka,Rural,Illiterate,624604,251667,372937,88616,49152,39464,199548,69189,130359,106315,45321,60994,336440,133326,203114,13173,2260,10913
B0103,20,362,District - Dumka,Rural,Literate,606660,369261,237399,127589,104333,23256,181619,122033,59586,111647,83589,28058,297452,142895,154557,25932,13005,12927
B0103,20,362,District - Dumka,Rural,Literate but below matric/secondary,489353,291565,197788,88699,73292,15407,147462,98375,49087,90167,67305,22862,253192,119898,133294,14917,6490,8427
B0103,20,362,District - Dumka,Rural,Matric/secondary but below graduate,75769,51103,24666,23714,19044,4670,19662,14625,5037,12643,10132,2511,32393,17434,14959,8067,4852,3215
B0103,20,362,District - Dumka,Rural,Technical diploma or certificate not equal to degree,521,375,146,200,139,61,53,41,12,38,29,9,268,195,73,121,91,30
B0103,20,362,District - Dumka,Rural,Graduate and above other than technical degree,12537,9427,3110,7070,5879,1191,1709,1351,358,1122,926,196,3758,2197,1561,1545,981,564
B0103,20,362,District - Dumka,Rural,Technical degree or diploma equal to degree or post-graduate degree,1024,765,259,577,459,118,59,42,17,37,27,10,388,264,124,179,127,52
B0103,20,362,District - Dumka,Urban,Total,90178,47586,42592,21274,18332,2942,6133,4069,2064,3706,2534,1172,62771,25185,37586,8714,4030,4684
B0103,20,362,District - Dumka,Urban,Illiterate,24429,10572,13857,3015,2085,930,2132,940,1192,1348,654,694,19282,7547,11735,1045,208,837
B0103,20,362,District - Dumka,Urban,Literate,65749,37014,28735,18259,16247,2012,4001,3129,872,2358,1880,478,43489,17638,25851,7669,3822,3847
B0103,20,362,District - Dumka,Urban,Literate but below matric/secondary,34331,17883,16448,6657,6055,602,2380,1836,544,1380,1110,270,25294,9992,15302,2053,818,1235
B0103,20,362,District - Dumka,Urban,Matric/secondary but below graduate,19534,11054,8480,5531,4948,583,1081,866,215,640,500,140,12922,5240,7682,3632,1900,1732
B0103,20,362,District - Dumka,Urban,Technical diploma or certificate not equal to degree,362,294,68,168,144,24,11,11,0,7,7,0,183,139,44,89,69,20
B0103,20,362,District - Dumka,Urban,Graduate and above other than technical degree,9260,6371,2889,4931,4302,629,391,331,60,249,211,38,3938,1738,2200,1549,829,720
B0103,20,362,District - Dumka,Urban,Technical degree or diploma equal to degree or post-graduate degree,1038,783,255,576,463,113,21,16,5,10,7,3,441,304,137,232,161,71
B0103,20,363,District - Jamtara,Total,Total,791042,404830,386212,122434,96117,26317,204197,118623,85574,130920,89776,41144,464411,190090,274321,36990,14426,22564
B0103,20,363,District - Jamtara,Total,Illiterate,364730,146570,218160,37466,22949,14517,93306,37704,55602,54733,28155,26578,233958,85917,148041,11853,1902,9951
B0103,20,363,District - Jamtara,Total,Literate,426312,258260,168052,84968,73168,11800,110891,80919,29972,76187,61621,14566,230453,104173,126280,25137,12524,12613
B0103,20,363,District - Jamtara,Total,Literate but below matric/secondary,304585,179615,124970,48098,41650,6448,78373,57158,21215,53302,43371,9931,178114,80807,97307,12519,5426,7093
B0103,20,363,District - Jamtara,Total,Matric/secondary but below graduate,54897,37373,17524,15903,13852,2051,11837,9746,2091,8644,7512,1132,27157,13775,13382,7357,4423,2934
B0103,20,363,District - Jamtara,Total,Technical diploma or certificate not equal to degree,346,302,44,168,153,15,26,24,2,19,17,2,152,125,27,66,56,10
B0103,20,363,District - Jamtara,Total,Graduate and above other than technical degree,11057,8368,2689,6016,5324,692,1209,1049,160,909,817,92,3832,1995,1837,1616,987,629
B0103,20,363,District - Jamtara,Total,Technical degree or diploma equal to degree or post-graduate degree,968,788,180,590,511,79,58,53,5,36,34,2,320,224,96,150,103,47
B0103,20,363,District - Jamtara,Rural,Total,715296,365043,350253,105063,80870,24193,198344,114159,84185,127202,86587,40615,411889,170014,241875,30442,11177,19265
B0103,20,363,District - Jamtara,Rural,Illiterate,343512,137758,205754,35027,21211,13816,91775,36871,54904,53934,27586,26348,216710,79676,137034,11148,1724,9424
B0103,20,363,District - Jamtara,Rural,Literate,371784,227285,144499,70036,59659,10377,106569,77288,29281,73268,59001,14267,195179,90338,104841,19294,9453,9841
B0103,20,363,District - Jamtara,Rural,Literate but below matric/secondary,275381,164231,111150,42648,36652,5996,75754,54931,20823,51530,41759,9771,156979,72648,84331,10670,4568,6102
B0103,20,363,District - Jamtara,Rural,Matric/secondary but below graduate,40052,28645,11407,11253,9597,1656,10897,8959,1938,7977,6930,1047,17902,10089,7813,4821,3020,1801
B0103,20,363,District - Jamtara,Rural,Technical diploma or certificate not equal to degree,132,112,20,45,39,6,25,23,2,19,17,2,62,50,12,25,22,3
B0103,20,363,District - Jamtara,Rural,Graduate and above other than technical degree,5840,4798,1042,3116,2782,334,1017,888,129,773,700,73,1707,1128,579,768,539,229
B0103,20,363,District - Jamtara,Rural,Technical degree or diploma equal to degree or post-graduate degree,489,426,63,291,266,25,47,45,2,31,29,2,151,115,36,72,48,24
B0103,20,363,District - Jamtara,Urban,Total,75746,39787,35959,17371,15247,2124,5853,4464,1389,3718,3189,529,52522,20076,32446,6548,3249,3299
B0103,20,363,District - Jamtara,Urban,Illiterate,21218,8812,12406,2439,1738,701,1531,833,698,799,569,230,17248,6241,11007,705,178,527
B0103,20,363,District - Jamtara,Urban,Literate,54528,30975,23553,14932,13509,1423,4322,3631,691,2919,2620,299,35274,13835,21439,5843,3071,2772
B0103,20,363,District - Jamtara,Urban,Literate but below matric/secondary,29204,15384,13820,5450,4998,452,2619,2227,392,1772,1612,160,21135,8159,12976,1849,858,991
B0103,20,363,District - Jamtara,Urban,Matric/secondary but below graduate,14845,8728,6117,4650,4255,395,940,787,153,667,582,85,9255,3686,5569,2536,1403,1133
B0103,20,363,District - Jamtara,Urban,Technical diploma or certificate not equal to degree,214,190,24,123,114,9,1,1,0,0,0,0,90,75,15,41,34,7
B0103,20,363,District - Jamtara,Urban,Graduate and above other than technical degree,5217,3570,1647,2900,2542,358,192,161,31,136,117,19,2125,867,1258,848,448,400
B0103,20,363,District - Jamtara,Urban,Technical degree or diploma equal to degree or post-graduate degree,479,362,117,299,245,54,11,8,3,5,5,0,169,109,60,78,55,23
B0103,20,364,District - Ranchi,Total,Total,2914253,1494937,1419316,756176,553949,202227,386691,190018,196673,196676,112502,84174,1771386,750970,1020416,198340,91888,106452
B0103,20,364,District - Ranchi,Total,Illiterate,1002820,409693,593127,206978,104492,102486,160577,49519,111058,76048,28868,47180,635265,255682,379583,27746,6159,21587
B0103,20,364,District - Ranchi,Total,Literate,1911433,1085244,826189,549198,449457,99741,226114,140499,85615,120628,83634,36994,1136121,495288,640833,170594,85729,84865
B0103,20,364,District - Ranchi,Total,Literate but below matric/secondary,1054288,571327,482961,222900,177471,45429,139216,83290,55926,70367,48165,22202,692172,310566,381606,50787,22824,27963
B0103,20,364,District - Ranchi,Total,Matric/secondary but below graduate,516653,303602,213051,162959,138934,24025,57897,38883,19014,33842,24502,9340,295797,125785,170012,73288,39346,33942
B0103,20,364,District - Ranchi,Total,Technical diploma or certificate not equal to degree,13075,10608,2467,5985,5214,771,733,599,134,461,371,90,6357,4795,1562,2538,1955,583
B0103,20,364,District - Ranchi,Total,Graduate and above other than technical degree,234280,145051,89229,117379,97792,19587,14238,9907,4331,8793,6142,2651,102663,37352,65311,34966,16793,18173
B0103,20,364,District - Ranchi,Total,Technical degree or diploma equal to degree or post-graduate degree,28579,19376,9203,16147,12264,3883,1026,693,333,638,422,216,11406,6419,4987,4729,2951,1778
B0103,20,364,District - Ranchi,Rural,Total,1656918,840528,816390,427225,284829,142396,323981,150583,173398,162260,89917,72343,905712,405116,500596,77620,35190,42430
B0103,20,364,District - Ranchi,Rural,Illiterate,703446,280176,423270,167326,80276,87050,144706,42309,102397,67940,24897,43043,391414,157591,233823,16341,2707,13634
B0103,20,364,District - Ranchi,Rural,Literate,953472,560352,393120,259899,204553,55346,179275,108274,71001,94320,65020,29300,514298,247525,266773,61279,32483,28796
B0103,20,364,District - Ranchi,Rural,Literate but below matric/secondary,654105,367306,286799,149498,115252,34246,118822,69140,49682,59578,40182,19396,385785,182914,202871,25208,11353,13855
B0103,20,364,District - Ranchi,Rural,Matric/secondary but below graduate,214215,137383,76832,71962,58952,13010,42948,28366,14582,25032,18204,6828,99305,50065,49240,26734,15636,11098
B0103,20,364,District - Ranchi,Rural,Technical diploma or certificate not equal to degree,2539,2059,480,1017,846,171,344,298,46,239,208,31,1178,915,263,543,445,98
B0103,20,364,District - Ranchi,Rural,Graduate and above other than technical degree,42486,30472,12014,21637,18202,3435,6418,4717,1701,4123,3140,983,14431,7553,6878,6131,3595,2536
B0103,20,364,District - Ranchi,Rural,Technical degree or diploma equal to degree or post-graduate degree,3013,2219,794,1361,1007,354,182,125,57,120,81,39,1470,1087,383,869,695,174
B0103,20,364,District - Ranchi,Urban,Total,1257335,654409,602926,328951,269120,59831,62710,39435,23275,34416,22585,11831,865674,345854,519820,120720,56698,64022
B0103,20,364,District - Ranchi,Urban,Illiterate,299374,129517,169857,39652,24216,15436,15871,7210,8661,8108,3971,4137,243851,98091,145760,11405,3452,7953
B0103,20,364,District - Ranchi,Urban,Literate,957961,524892,433069,289299,244904,44395,46839,32225,14614,26308,18614,7694,621823,247763,374060,109315,53246,56069
B0103,20,364,District - Ranchi,Urban,Literate but below matric/secondary,400183,204021,196162,73402,62219,11183,20394,14150,6244,10789,7983,2806,306387,127652,178735,25579,11471,14108
B0103,20,364,District - Ranchi,Urban,Matric/secondary but below graduate,302438,166219,136219,90997,79982,11015,14949,10517,4432,8810,6298,2512,196492,75720,120772,46554,23710,22844
B0103,20,364,District - Ranchi,Urban,Technical diploma or certificate not equal to degree,10536,8549,1987,4968,4368,600,389,301,88,222,163,59,5179,3880,1299,1995,1510,485
B0103,20,364,District - Ranchi,Urban,Graduate and above other than technical degree,191794,114579,77215,95742,79590,16152,7820,5190,2630,4670,3002,1668,88232,29799,58433,28835,13198,15637
B0103,20,364,District - Ranchi,Urban,Technical degree or diploma equal to degree or post-graduate degree,25566,17157,8409,14786,11257,3529,844,568,276,518,341,177,9936,5332,4604,3860,2256,1604
B0103,20,365,District - Khunti,Total,Total,531885,266335,265550,153087,93812,59275,106897,47311,59586,48713,26712,22001,271901,125212,146689,17879,8251,9628
B0103,20,365,District - Khunti,Total,Illiterate,247310,101594,145716,67881,31257,36624,50766,14807,35959,21141,7938,13203,128663,55530,73133,3119,706,2413
B0103,20,365,District - Khunti,Total,Literate,284575,164741,119834,85206,62555,22651,56131,32504,23627,27572,18774,8798,143238,69682,73556,14760,7545,7215
B0103,20,365,District - Khunti,Total,Literate but below matric/secondary,193319,109368,83951,49571,35993,13578,37215,21123,16092,17329,11725,5604,106533,52252,54281,5274,2486,2788
B0103,20,365,District - Khunti,Total,Matric/secondary but below graduate,55043,34152,20891,19198,14951,4247,10904,7035,3869,6213,4480,1733,24941,12166,12775,6444,3530,2914
B0103,20,365,District - Khunti,Total,Technical diploma or certificate not equal to degree,482,310,172,145,89,56,54,32,22,41,25,16,283,189,94,151,108,43
B0103,20,365,District - Khunti,Total,Graduate and above other than technical degree,10632,6875,3757,5434,4258,1176,1483,1019,464,893,628,265,3715,1598,2117,1703,805,898
B0103,20,365,District - Khunti,Total,Technical degree or diploma equal to degree or post-graduate degree,703,384,319,374,216,158,47,19,28,30,13,17,282,149,133,129,66,63
B0103,20,365,District - Khunti,Rural,Total,486903,243494,243409,142586,85633,56953,103395,45298,58097,47036,25654,21382,240922,112563,128359,14047,6484,7563
B0103,20,365,District - Khunti,Rural,Illiterate,235170,96494,138676,66079,30217,35862,49645,14391,35254,20630,7722,12908,119446,51886,67560,2868,657,2211
B0103,20,365,District - Khunti,Rural,Literate,251733,147000,104733,76507,55416,21091,53750,30907,22843,26406,17932,8474,121476,60677,60799,11179,5827,5352
B0103,20,365,District - Khunti,Rural,Literate but below matric/secondary,177624,101315,76309,46725,33617,13108,36085,20390,15695,16821,11356,5465,94814,47308,47506,4553,2170,2383
B0103,20,365,District - Khunti,Rural,Matric/secondary but below graduate,44642,28419,16223,16327,12507,3820,10244,6552,3692,5873,4222,1651,18071,9360,8711,4781,2694,2087
B0103,20,365,District - Khunti,Rural,Technical diploma or certificate not equal to degree,299,185,114,95,57,38,44,26,18,34,21,13,160,102,58,80,53,27
B0103,20,365,District - Khunti,Rural,Graduate and above other than technical degree,6443,4256,2187,3322,2555,767,1226,827,399,739,517,222,1895,874,1021,881,435,446
B0103,20,365,District - Khunti,Rural,Technical degree or diploma equal to degree or post-graduate degree,338,183,155,181,104,77,39,16,23,24,11,13,118,63,55,54,26,28
B0103,20,365,District - Khunti,Urban,Total,44982,22841,22141,10501,8179,2322,3502,2013,1489,1677,1058,619,30979,12649,18330,3832,1767,2065
B0103,20,365,District - Khunti,Urban,Illiterate,12140,5100,7040,1802,1040,762,1121,416,705,511,216,295,9217,3644,5573,251,49,202
B0103,20,365,District - Khunti,Urban,Literate,32842,17741,15101,8699,7139,1560,2381,1597,784,1166,842,324,21762,9005,12757,3581,1718,1863
B0103,20,365,District - Khunti,Urban,Literate but below matric/secondary,15695,8053,7642,2846,2376,470,1130,733,397,508,369,139,11719,4944,6775,721,316,405
B0103,20,365,District - Khunti,Urban,Matric/secondary but below graduate,10401,5733,4668,2871,2444,427,660,483,177,340,258,82,6870,2806,4064,1663,836,827
B0103,20,365,District - Khunti,Urban,Technical diploma or certificate not equal to degree,183,125,58,50,32,18,10,6,4,7,4,3,123,87,36,71,55,16
B0103,20,365,District - Khunti,Urban,Graduate and above other than technical degree,4189,2619,1570,2112,1703,409,257,192,65,154,111,43,1820,724,1096,822,370,452
B0103,20,365,District - Khunti,Urban,Technical degree or diploma equal to degree or post-graduate degree,365,201,164,193,112,81,8,3,5,6,2,4,164,86,78,75,40,35
B0103,20,366,District - Gumla,Total,Total,1025213,514390,510823,278931,176067,102864,208577,88707,119870,103592,51750,51842,537705,249616,288089,37865,16489,21376
B0103,20,366,District - Gumla,Total,Illiterate,465493,192595,272898,115539,54355,61184,98427,27716,70711,46916,15986,30930,251527,110524,141003,7413,1401,6012
B0103,20,366,District - Gumla,Total,Literate,559720,321795,237925,163392,121712,41680,110150,60991,49159,56676,35764,20912,286178,139092,147086,30452,15088,15364
B0103,20,366,District - Gumla,Total,Literate but below matric/secondary,402174,224209,177965,99503,72628,26875,78130,41880,36250,37370,23135,14235,224541,109701,114840,12572,5902,6670
B0103,20,366,District - Gumla,Total,Matric/secondary but below graduate,115120,70317,44803,41882,32287,9595,24525,14738,9787,14683,9670,5013,48713,23292,25421,12976,6730,6246
B0103,20,366,District - Gumla,Total,Technical diploma or certificate not equal to degree,815,514,301,307,170,137,88,63,25,68,50,18,420,281,139,200,144,56
B0103,20,366,District - Gumla,Total,Graduate and above other than technical degree,26368,17919,8449,14442,11668,2774,3731,2519,1212,2514,1766,748,8195,3732,4463,3849,1895,1954
B0103,20,366,District - Gumla,Total,Technical degree or diploma equal to degree or post-graduate degree,1621,889,732,903,500,403,117,58,59,76,33,43,601,331,270,324,173,151
B0103,20,366,District - Gumla,Rural,Total,960132,481135,478997,264268,164065,100203,205400,86655,118745,101767,50453,51314,490464,230415,260049,31909,13557,18352
B0103,20,366,District - Gumla,Rural,Illiterate,450127,185968,264159,113920,53292,60628,97641,27351,70290,46482,15743,30739,238566,105325,133241,6995,1267,5728
B0103,20,366,District - Gumla,Rural,Literate,510005,295167,214838,150348,110773,39575,107759,59304,48455,55285,34710,20575,251898,125090,126808,24914,12290,12624
B0103,20,366,District - Gumla,Rural,Literate but below matric/secondary,377789,211831,165958,95502,69169,26333,76984,41063,35921,36722,22630,14092,205303,101599,103704,11250,5216,6034
B0103,20,366,District - Gumla,Rural,Matric/secondary but below graduate,99194,61986,37208,37605,28646,8959,23720,14185,9535,14199,9313,4886,37869,19155,18714,10505,5507,4998
B0103,20,366,District - Gumla,Rural,Technical diploma or certificate not equal to degree,563,353,210,223,121,102,84,60,24,66,49,17,256,172,84,120,86,34
B0103,20,366,District - Gumla,Rural,Graduate and above other than technical degree,18789,13038,5751,10384,8308,2076,3400,2276,1124,2318,1618,700,5005,2454,2551,2453,1207,1246
B0103,20,366,District - Gumla,Rural,Technical degree or diploma equal to degree or post-graduate degree,956,512,444,547,293,254,97,45,52,62,24,38,312,174,138,151,76,75
B0103,20,366,District - Gumla,Urban,Total,65081,33255,31826,14663,12002,2661,3177,2052,1125,1825,1297,528,47241,19201,28040,5956,2932,3024
B0103,20,366,District - Gumla,Urban,Illiterate,15366,6627,8739,1619,1063,556,786,365,421,434,243,191,12961,5199,7762,418,134,284
B0103,20,366,District - Gumla,Urban,Literate,49715,26628,23087,13044,10939,2105,2391,1687,704,1391,1054,337,34280,14002,20278,5538,2798,2740
B0103,20,366,District - Gumla,Urban,Literate but below matric/secondary,24385,12378,12007,4001,3459,542,1146,817,329,648,505,143,19238,8102,11136,1322,686,636
B0103,20,366,District - Gumla,Urban,Matric/secondary but below graduate,15926,8331,7595,4277,3641,636,805,553,252,484,357,127,10844,4137,6707,2471,1223,1248
B0103,20,366,District - Gumla,Urban,Technical diploma or certificate not equal to degree,252,161,91,84,49,35,4,3,1,2,1,1,164,109,55,80,58,22
B0103,20,366,District - Gumla,Urban,Graduate and above other than technical degree,7579,4881,2698,4058,3360,698,331,243,88,196,148,48,3190,1278,1912,1396,688,708
B0103,20,366,District - Gumla,Urban,Technical degree or diploma equal to degree or post-graduate degree,665,377,288,356,207,149,20,13,7,14,9,5,289,157,132,173,97,76
B0103,20,367,District - Simdega,Total,Total,599578,300309,299269,155510,105703,49807,133135,54164,78971,63706,31199,32507,310933,140442,170491,20051,8911,11140
B0103,20,367,District - Simdega,Total,Illiterate,256095,108318,147777,56654,31024,25630,55344,15318,40026,24863,8723,16140,144097,61976,82121,3450,907,2543
B0103,20,367,District - Simdega,Total,Literate,343483,191991,151492,98856,74679,24177,77791,38846,38945,38843,22476,16367,166836,78466,88370,16601,8004,8597
B0103,20,367,District - Simdega,Total,Literate but below matric/secondary,219060,119948,99112,51616,38997,12619,45046,22203,22843,21434,12391,9043,122398,58748,63650,6056,2892,3164
B0103,20,367,District - Simdega,Total,Matric/secondary but below graduate,57467,33339,24128,19995,15541,4454,13450,7328,6122,7545,4561,2984,24022,10470,13552,6235,2984,3251
B0103,20,367,District - Simdega,Total,Technical diploma or certificate not equal to degree,492,265,227,204,102,102,56,31,25,39,24,15,232,132,100,118,76,42
B0103,20,367,District - Simdega,Total,Graduate and above other than technical degree,11850,7715,4135,6257,4926,1331,1910,1143,767,1215,744,471,3683,1646,2037,1691,815,876
B0103,20,367,District - Simdega,Total,Technical degree or diploma equal to degree or post-graduate degree,852,436,416,496,277,219,77,21,56,42,11,31,279,138,141,132,60,72
B0103,20,367,District - Simdega,Rural,Total,556634,278425,278209,145029,97332,47697,130225,52616,77609,62270,30370,31900,281380,128477,152903,16374,7358,9016
B0103,20,367,District - Simdega,Rural,Illiterate,245218,103511,141707,54794,29841,24953,54417,14922,39495,24420,8516,15904,136007,58748,77259,3175,840,2335
B0103,20,367,District - Simdega,Rural,Literate,311416,174914,136502,90235,67491,22744,75808,37694,38114,37850,21854,15996,145373,69729,75644,13199,6518,6681
B0103,20,367,District - Simdega,Rural,Literate but below matric/secondary,203115,111556,91559,48778,36534,12244,44122,21667,22455,20971,12086,8885,110215,53355,56860,5400,2583,2817
B0103,20,367,District - Simdega,Rural,Matric/secondary but below graduate,47953,28471,19482,17356,13292,4064,12794,6959,5835,7216,4378,2838,17803,8220,9583,4571,2300,2271
B0103,20,367,District - Simdega,Rural,Technical diploma or certificate not equal to degree,343,183,160,135,65,70,53,30,23,37,23,14,155,88,67,79,53,26
B0103,20,367,District - Simdega,Rural,Graduate and above other than technical degree,8099,5358,2741,4269,3328,941,1725,1029,696,1108,675,433,2105,1001,1104,968,470,498
B0103,20,367,District - Simdega,Rural,Technical degree or diploma equal to degree or post-graduate degree,507,255,252,298,167,131,71,21,50,37,11,26,138,67,71,65,28,37
B0103,20,367,District - Simdega,Urban,Total,42944,21884,21060,10481,8371,2110,2910,1548,1362,1436,829,607,29553,11965,17588,3677,1553,2124
B0103,20,367,District - Simdega,Urban,Illiterate,10877,4807,6070,1860,1183,677,927,396,531,443,207,236,8090,3228,4862,275,67,208
B0103,20,367,District - Simdega,Urban,Literate,32067,17077,14990,8621,7188,1433,1983,1152,831,993,622,371,21463,8737,12726,3402,1486,1916
B0103,20,367,District - Simdega,Urban,Literate but below matric/secondary,15945,8392,7553,2838,2463,375,924,536,388,463,305,158,12183,5393,6790,656,309,347
B0103,20,367,District - Simdega,Urban,Matric/secondary but below graduate,9514,4868,4646,2639,2249,390,656,369,287,329,183,146,6219,2250,3969,1664,684,980
B0103,20,367,District - Simdega,Urban,Technical diploma or certificate not equal to degree,149,82,67,69,37,32,3,1,2,2,1,1,77,44,33,39,23,16
B0103,20,367,District - Simdega,Urban,Graduate and above other than technical degree,3751,2357,1394,1988,1598,390,185,114,71,107,69,38,1578,645,933,723,345,378
B0103,20,367,District - Simdega,Urban,Technical degree or diploma equal to degree or post-graduate degree,345,181,164,198,110,88,6,0,6,5,0,5,141,71,70,67,32,35
B0103,20,368,District - Pashchimi Singhbhum,Total,Total,1502338,749385,752953,343008,239844,103164,351855,152846,199009,187436,95203,92233,807475,356695,450780,49203,22214,26989
B0103,20,368,District - Pashchimi Singhbhum,Total,Illiterate,774777,310112,464665,149715,76936,72779,207705,62152,145553,106885,38395,68490,417357,171024,246333,12310,2384,9926
B0103,20,368,District - Pashchimi Singhbhum,Total,Literate,727561,439273,288288,193293,162908,30385,144150,90694,53456,80551,56808,23743,390118,185671,204447,36893,19830,17063
B0103,20,368,District - Pashchimi Singhbhum,Total,Literate but below matric/secondary,493145,288309,204836,102175,85130,17045,99093,60952,38141,53740,37237,16503,291877,142227,149650,13770,6908,6862
B0103,20,368,District - Pashchimi Singhbhum,Total,Matric/secondary but below graduate,146668,93754,52914,51955,45089,6866,27421,18380,9041,16629,12307,4322,67292,30285,37007,14912,8477,6435
B0103,20,368,District - Pashchimi Singhbhum,Total,Technical diploma or certificate not equal to degree,2157,1860,297,1005,876,129,175,153,22,126,116,10,977,831,146,508,444,64
B0103,20,368,District - Pashchimi Singhbhum,Total,Graduate and above other than technical degree,34901,23036,11865,18538,15761,2777,3181,2279,902,2046,1542,504,13182,4996,8186,4978,2503,2475
B0103,20,368,District - Pashchimi Singhbhum,Total,Technical degree or diploma equal to degree or post-graduate degree,2843,1917,926,1616,1225,391,102,74,28,64,50,14,1125,618,507,550,320,230
B0103,20,368,District - Pashchimi Singhbhum,Rural,Total,1284304,637657,646647,285411,191394,94017,341042,146148,194894,180458,90728,89730,657851,300115,357736,31939,14152,17787
B0103,20,368,District - Pashchimi Singhbhum,Rural,Illiterate,713900,285712,428188,140786,71618,69168,203319,60375,142944,104068,37182,66886,369795,153719,216076,10032,1941,8091
B0103,20,368,District - Pashchimi Singhbhum,Rural,Literate,570404,351945,218459,144625,119776,24849,137723,85773,51950,76390,53546,22844,288056,146396,141660,21907,12211,9696
B0103,20,368,District - Pashchimi Singhbhum,Rural,Literate but below matric/secondary,416319,247866,168453,86080,70777,15303,95396,58139,37257,51342,35358,15984,234843,118950,115893,9706,4986,4720
B0103,20,368,District - Pashchimi Singhbhum,Rural,Matric/secondary but below graduate,99097,66891,32206,35638,30305,5333,25848,17112,8736,15585,11455,4130,37611,19474,18137,8613,5122,3491
B0103,20,368,District - Pashchimi Singhbhum,Rural,Technical diploma or certificate not equal to degree,887,788,99,284,246,38,137,121,16,97,90,7,466,421,45,256,235,21
B0103,20,368,District - Pashchimi Singhbhum,Rural,Graduate and above other than technical degree,15223,10812,4411,8120,6717,1403,2683,1918,765,1717,1307,410,4420,2177,2243,1876,1030,846
B0103,20,368,District - Pashchimi Singhbhum,Rural,Technical degree or diploma equal to degree or post-graduate degree,868,619,249,459,344,115,73,58,15,45,40,5,336,217,119,163,100,63
B0103,20,368,District - Pashchimi Singhbhum,Urban,Total,218034,111728,106306,57597,48450,9147,10813,6698,4115,6978,4475,2503,149624,56580,93044,17264,8062,9202
B0103,20,368,District - Pashchimi Singhbhum,Urban,Illiterate,60877,24400,36477,8929,5318,3611,4386,1777,2609,2817,1213,1604,47562,17305,30257,2278,443,1835
B0103,20,368,District - Pashchimi Singhbhum,Urban,Literate,157157,87328,69829,48668,43132,5536,6427,4921,1506,4161,3262,899,102062,39275,62787,14986,7619,7367
B0103,20,368,District - Pashchimi Singhbhum,Urban,Literate but below matric/secondary,76826,40443,36383,16095,14353,1742,3697,2813,884,2398,1879,519,57034,23277,33757,4064,1922,2142
B0103,20,368,District - Pashchimi Singhbhum,Urban,Matric/secondary but below graduate,47571,26863,20708,16317,14784,1533,1573,1268,305,1044,852,192,29681,10811,18870,6299,3355,2944
B0103,20,368,District - Pashchimi Singhbhum,Urban,Technical diploma or certificate not equal to degree,1270,1072,198,721,630,91,38,32,6,29,26,3,511,410,101,252,209,43
B0103,20,368,District - Pashchimi Singhbhum,Urban,Graduate and above other than technical degree,19678,12224,7454,10418,9044,1374,498,361,137,329,235,94,8762,2819,5943,3102,1473,1629
B0103,20,368,District - Pashchimi Singhbhum,Urban,Technical degree or diploma equal to degree or post-graduate degree,1975,1298,677,1157,881,276,29,16,13,19,10,9,789,401,388,387,220,167
B0103,20,369,District - Saraikela-Kharsawan,Total,Total,1065056,544411,520645,228598,181056,47542,201453,102225,99228,110767,65152,45615,635005,261130,373875,48380,21902,26478
B0103,20,369,District - Saraikela-Kharsawan,Total,Illiterate,452063,179079,272984,69392,40802,28590,102364,34932,67432,52898,21562,31336,280307,103345,176962,11310,2088,9222
B0103,20,369,District - Saraikela-Kharsawan,Total,Literate,612993,365332,247661,159206,140254,18952,99089,67293,31796,57869,43590,14279,354698,157785,196913,37070,19814,17256
B0103,20,369,District - Saraikela-Kharsawan,Total,Literate but below matric/secondary,400819,226998,173821,79899,69470,10429,67791,44628,23163,38482,28312,10170,253129,112900,140229,14520,6530,7990
B0103,20,369,District - Saraikela-Kharsawan,Total,Matric/secondary but below graduate,150719,97811,52908,50783,46094,4689,22616,16886,5730,14232,11514,2718,77320,34831,42489,16358,9808,6550
B0103,20,369,District - Saraikela-Kharsawan,Total,Technical diploma or certificate not equal to degree,3192,2894,298,1751,1680,71,137,124,13,99,89,10,1304,1090,214,487,420,67
B0103,20,369,District - Saraikela-Kharsawan,Total,Graduate and above other than technical degree,36815,25006,11809,19398,17129,2269,2918,2309,609,1965,1613,352,14499,5568,8931,4341,2320,2021
B0103,20,369,District - Saraikela-Kharsawan,Total,Technical degree or diploma equal to degree or post-graduate degree,3625,2807,818,2201,1872,329,65,54,11,37,33,4,1359,881,478,507,355,152
B0103,20,369,District - Saraikela-Kharsawan,Rural,Total,806310,408848,397462,157725,118936,38789,193663,96928,96735,106579,62144,44435,454922,192984,261938,33373,14896,18477
B0103,20,369,District - Saraikela-Kharsawan,Rural,Illiterate,371962,144302,227660,55986,31365,24621,99662,33524,66138,51536,20795,30741,216314,79413,136901,9075,1529,7546
B0103,20,369,District - Saraikela-Kharsawan,Rural,Literate,434348,264546,169802,101739,87571,14168,94001,63404,30597,55043,41349,13694,238608,113571,125037,24298,13367,10931
B0103,20,369,District - Saraikela-Kharsawan,Rural,Literate but below matric/secondary,308976,178960,130016,59088,50373,8715,65083,42583,22500,37028,27155,9873,184805,86004,98801,10639,4742,5897
B0103,20,369,District - Saraikela-Kharsawan,Rural,Matric/secondary but below graduate,94426,64669,29757,29905,26489,3416,21058,15638,5420,13316,10765,2551,43463,22542,20921,10713,6754,3959
B0103,20,369,District - Saraikela-Kharsawan,Rural,Technical diploma or certificate not equal to degree,1177,1086,91,529,509,20,100,91,9,72,65,7,548,486,62,258,238,20
B0103,20,369,District - Saraikela-Kharsawan,Rural,Graduate and above other than technical degree,15118,11412,3706,7890,6897,993,2465,1977,488,1692,1417,275,4763,2538,2225,1987,1280,707
B0103,20,369,District - Saraikela-Kharsawan,Rural,Technical degree or diploma equal to degree or post-graduate degree,905,756,149,541,475,66,36,33,3,23,21,2,328,248,80,149,115,34
B0103,20,369,District - Saraikela-Kharsawan,Urban,Total,258746,135563,123183,70873,62120,8753,7790,5297,2493,4188,3008,1180,180083,68146,111937,15007,7006,8001
B0103,20,369,District - Saraikela-Kharsawan,Urban,Illiterate,80101,34777,45324,13406,9437,3969,2702,1408,1294,1362,767,595,63993,23932,40061,2235,559,1676
B0103,20,369,District - Saraikela-Kharsawan,Urban,Literate,178645,100786,77859,57467,52683,4784,5088,3889,1199,2826,2241,585,116090,44214,71876,12772,6447,6325
B0103,20,369,District - Saraikela-Kharsawan,Urban,Literate but below matric/secondary,91843,48038,43805,20811,19097,1714,2708,2045,663,1454,1157,297,68324,26896,41428,3881,1788,2093
B0103,20,369,District - Saraikela-Kharsawan,Urban,Matric/secondary but below graduate,56293,33142,23151,20878,19605,1273,1558,1248,310,916,749,167,33857,12289,21568,5645,3054,2591
B0103,20,369,District - Saraikela-Kharsawan,Urban,Technical diploma or certificate not equal to degree,2015,1808,207,1222,1171,51,37,33,4,27,24,3,756,604,152,229,182,47
B0103,20,369,District - Saraikela-Kharsawan,Urban,Graduate and above other than technical degree,21697,13594,8103,11508,10232,1276,453,332,121,273,196,77,9736,3030,6706,2354,1040,1314
B0103,20,369,District - Saraikela-Kharsawan,Urban,Technical degree or diploma equal to degree or post-graduate degree,2720,2051,669,1660,1397,263,29,21,8,14,12,2,1031,633,398,358,240,118
B0103,21,370,District - Bargarh,Total,Total,1481255,749161,732094,474390,372806,101584,287702,100499,187203,131880,62034,69846,719163,275856,443307,70822,29674,41148
B0103,21,370,District - Bargarh,Total,Illiterate,497472,191944,305528,113614,67526,46088,101727,18928,82799,41157,10721,30436,282131,105490,176641,9213,1522,7691
B0103,21,370,District - Bargarh,Total,Literate,983783,557217,426566,360776,305280,55496,185975,81571,104404,90723,51313,39410,437032,170366,266666,61609,28152,33457
B0103,21,370,District - Bargarh,Total,Literate but below matric/secondary,733683,402692,330991,253584,211573,42011,148390,61309,87081,69766,37447,32319,331709,129810,201899,30500,11971,18529
B0103,21,370,District - Bargarh,Total,Matric/secondary but below graduate,169842,102284,67558,65890,57989,7901,26250,14412,11838,14732,9914,4818,77702,29883,47819,21923,11225,10698
B0103,21,370,District - Bargarh,Total,Technical diploma or certificate not equal to degree,3119,2499,620,1561,1311,250,255,202,53,187,156,31,1303,986,317,750,592,158
B0103,21,370,District - Bargarh,Total,Graduate and above other than technical degree,39858,28126,11732,23139,20810,2329,3545,2526,1019,2384,1882,502,13174,4790,8384,5747,2999,2748
B0103,21,370,District - Bargarh,Total,Technical degree or diploma equal to degree or post-graduate degree,7582,5928,1654,4730,4081,649,502,320,182,240,177,63,2350,1527,823,904,619,285
B0103,21,370,District - Bargarh,Rural,Total,1331145,672603,658542,426776,333482,93294,280109,96460,183649,128899,60111,68788,624260,242661,381599,59537,24511,35026
B0103,21,370,District - Bargarh,Rural,Illiterate,461973,177616,284357,107289,63894,43395,99871,18308,81563,40605,10500,30105,254813,95414,159399,8398,1374,7024
B0103,21,370,District - Bargarh,Rural,Literate,869172,494987,374185,319487,269588,49899,180238,78152,102086,88294,49611,38683,369447,147247,222200,51139,23137,28002
B0103,21,370,District - Bargarh,Rural,Literate but below matric/secondary,671168,370686,300482,235223,195845,39378,144970,59415,85555,68413,36536,31877,290975,115426,175549,26739,10282,16457
B0103,21,370,District - Bargarh,Rural,Matric/secondary but below graduate,138392,84789,53603,53939,47333,6606,24807,13471,11336,14064,9425,4639,59646,23985,35661,17790,9153,8637
B0103,21,370,District - Bargarh,Rural,Technical diploma or certificate not equal to degree,2252,1813,439,1108,925,183,221,172,49,164,136,28,923,716,207,578,469,109
B0103,21,370,District - Bargarh,Rural,Graduate and above other than technical degree,26469,19607,6862,15546,14189,1357,3057,2184,873,2142,1700,442,7866,3234,4632,3990,2212,1778
B0103,21,370,District - Bargarh,Rural,Technical degree or diploma equal to degree or post-graduate degree,5132,4138,994,3211,2867,344,434,270,164,197,145,52,1487,1001,486,542,381,161
B0103,21,370,District - Bargarh,Urban,Total,150110,76558,73552,47614,39324,8290,7593,4039,3554,2981,1923,1058,94903,33195,61708,11285,5163,6122
B0103,21,370,District - Bargarh,Urban,Illiterate,35499,14328,21171,6325,3632,2693,1856,620,1236,552,221,331,27318,10076,17242,815,148,667
B0103,21,370,District - Bargarh,Urban,Literate,114611,62230,52381,41289,35692,5597,5737,3419,2318,2429,1702,727,67585,23119,44466,10470,5015,5455
B0103,21,370,District - Bargarh,Urban,Literate but below matric/secondary,62515,32006,30509,18361,15728,2633,3420,1894,1526,1353,911,442,40734,14384,26350,3761,1689,2072
B0103,21,370,District - Bargarh,Urban,Matric/secondary but below graduate,31450,17495,13955,11951,10656,1295,1443,941,502,668,489,179,18056,5898,12158,4133,2072,2061
B0103,21,370,District - Bargarh,Urban,Technical diploma or certificate not equal to degree,867,686,181,453,386,67,34,30,4,23,20,3,380,270,110,172,123,49
B0103,21,370,District - Bargarh,Urban,Graduate and above other than technical degree,13389,8519,4870,7593,6621,972,488,342,146,242,182,60,5308,1556,3752,1757,787,970
B0103,21,370,District - Bargarh,Urban,Technical degree or diploma equal to degree or post-graduate degree,2450,1790,660,1519,1214,305,68,50,18,43,32,11,863,526,337,362,238,124
B0103,21,371,District - Jharsuguda,Total,Total,579505,296690,282815,172069,137683,34386,75638,34335,41303,37586,21196,16390,331798,124672,207126,42391,18530,23861
B0103,21,371,District - Jharsuguda,Total,Illiterate,173626,68598,105028,33379,19877,13502,23952,6346,17606,9605,3348,6257,116295,42375,73920,4891,847,4044
B0103,21,371,District - Jharsuguda,Total,Literate,405879,228092,177787,138690,117806,20884,51686,27989,23697,27981,17848,10133,215503,82297,133206,37500,17683,19817
B0103,21,371,District - Jharsuguda,Total,Literate but below matric/secondary,266584,144903,121681,78975,65878,13097,38058,19973,18085,19831,12471,7360,149551,59052,90499,17223,7483,9740
B0103,21,371,District - Jharsuguda,Total,Matric/secondary but below graduate,89808,52741,37067,35322,31178,4144,9083,5540,3543,5614,3787,1827,45403,16023,29380,13782,6808,6974
B0103,21,371,District - Jharsuguda,Total,Technical diploma or certificate not equal to degree,5495,4746,749,2961,2671,290,283,249,34,206,183,23,2251,1826,425,1389,1166,223
B0103,21,371,District - Jharsuguda,Total,Graduate and above other than technical degree,22009,13446,8563,12286,10624,1662,1200,786,414,749,517,232,8523,2036,6487,2949,1145,1804
B0103,21,371,District - Jharsuguda,Total,Technical degree or diploma equal to degree or post-graduate degree,4000,2970,1030,2466,2036,430,202,139,63,95,71,24,1332,795,537,567,387,180
B0103,21,371,District - Jharsuguda,Rural,Total,348340,176162,172178,103420,78468,24952,65684,28232,37452,33003,17994,15009,179236,69462,109774,23488,9513,13975
B0103,21,371,District - Jharsuguda,Rural,Illiterate,113378,43714,69664,23986,13640,10346,21166,5218,15948,8730,2893,5837,68226,24856,43370,3202,446,2756
B0103,21,371,District - Jharsuguda,Rural,Literate,234962,132448,102514,79434,64828,14606,44518,23014,21504,24273,15101,9172,111010,44606,66404,20286,9067,11219
B0103,21,371,District - Jharsuguda,Rural,Literate but below matric/secondary,174439,96060,78379,54452,43958,10494,33751,16971,16780,17688,10825,6863,86236,35131,51105,10943,4524,6419
B0103,21,371,District - Jharsuguda,Rural,Matric/secondary but below graduate,41217,24516,16701,16111,13578,2533,7200,4185,3015,4552,3012,1540,17906,6753,11153,6880,3255,3625
B0103,21,371,District - Jharsuguda,Rural,Technical diploma or certificate not equal to degree,1602,1313,289,653,543,110,178,154,24,136,121,15,771,616,155,537,434,103
B0103,21,371,District - Jharsuguda,Rural,Graduate and above other than technical degree,6779,4530,2249,3896,3365,531,809,542,267,539,394,145,2074,623,1451,1011,416,595
B0103,21,371,District - Jharsuguda,Rural,Technical degree or diploma equal to degree or post-graduate degree,1296,999,297,773,636,137,124,89,35,48,42,6,399,274,125,171,132,39
B0103,21,371,District - Jharsuguda,Urban,Total,231165,120528,110637,68649,59215,9434,9954,6103,3851,4583,3202,1381,152562,55210,97352,18903,9017,9886
B0103,21,371,District - Jharsuguda,Urban,Illiterate,60248,24884,35364,9393,6237,3156,2786,1128,1658,875,455,420,48069,17519,30550,1689,401,1288
B0103,21,371,District - Jharsuguda,Urban,Literate,170917,95644,75273,59256,52978,6278,7168,4975,2193,3708,2747,961,104493,37691,66802,17214,8616,8598
B0103,21,371,District - Jharsuguda,Urban,Literate but below matric/secondary,92145,48843,43302,24523,21920,2603,4307,3002,1305,2143,1646,497,63315,23921,39394,6280,2959,3321
B0103,21,371,District - Jharsuguda,Urban,Matric/secondary but below graduate,48591,28225,20366,19211,17600,1611,1883,1355,528,1062,775,287,27497,9270,18227,6902,3553,3349
B0103,21,371,District - Jharsuguda,Urban,Technical diploma or certificate not equal to degree,3893,3433,460,2308,2128,180,105,95,10,70,62,8,1480,1210,270,852,732,120
B0103,21,371,District - Jharsuguda,Urban,Graduate and above other than technical degree,15230,8916,6314,8390,7259,1131,391,244,147,210,123,87,6449,1413,5036,1938,729,1209
B0103,21,371,District - Jharsuguda,Urban,Technical degree or diploma equal to degree or post-graduate degree,2704,1971,733,1693,1400,293,78,50,28,47,29,18,933,521,412,396,255,141
B0103,21,372,District - Sambalpur,Total,Total,1041099,526877,514222,336854,242724,94130,168986,70437,98549,80051,42601,37450,535259,213716,321543,56970,25059,31911
B0103,21,372,District - Sambalpur,Total,Illiterate,337408,133685,203723,81592,41837,39755,59201,14743,44458,24071,7914,16157,196615,77105,119510,6565,1416,5149
B0103,21,372,District - Sambalpur,Total,Literate,703691,393192,310499,255262,200887,54375,109785,55694,54091,55980,34687,21293,338644,136611,202033,50405,23643,26762
B0103,21,372,District - Sambalpur,Total,Literate but below matric/secondary,484031,262803,221228,157502,119800,37702,85798,42364,43434,42306,25927,16379,240731,100639,140092,22330,9984,12346
B0103,21,372,District - Sambalpur,Total,Matric/secondary but below graduate,139588,81169,58419,56228,47191,9037,16627,9467,7160,9866,6437,3429,66733,24511,42222,18447,9033,9414
B0103,21,372,District - Sambalpur,Total,Technical diploma or certificate not equal to degree,5501,4416,1085,2760,2294,466,302,255,47,210,181,29,2439,1867,572,1321,1045,276
B0103,21,372,District - Sambalpur,Total,Graduate and above other than technical degree,45071,28409,16662,25520,21796,3724,2643,1680,963,1512,1004,508,16908,4933,11975,5763,2267,3496
B0103,21,372,District - Sambalpur,Total,Technical degree or diploma equal to degree or post-graduate degree,8978,6112,2866,5152,3950,1202,513,301,212,282,179,103,3313,1861,1452,1159,691,468
B0103,21,372,District - Sambalpur,Rural,Total,733006,368692,364314,238789,163449,75340,151753,61127,90626,72110,37817,34293,342464,144116,198348,33407,14786,18621
B0103,21,372,District - Sambalpur,Rural,Illiterate,262109,102464,159645,66678,33378,33300,54704,13230,41474,22333,7253,15080,140727,55856,84871,4653,973,3680
B0103,21,372,District - Sambalpur,Rural,Literate,470897,266228,204669,172111,130071,42040,97049,47897,49152,49777,30564,19213,201737,88260,113477,28754,13813,14941
B0103,21,372,District - Sambalpur,Rural,Literate but below matric/secondary,363262,200355,162907,123303,90934,32369,78109,37737,40372,38737,23549,15188,161850,71684,90166,15091,6857,8234
B0103,21,372,District - Sambalpur,Rural,Matric/secondary but below graduate,75225,45706,29519,32265,26054,6211,13667,7562,6105,8267,5339,2928,29293,12090,17203,10095,5134,4961
B0103,21,372,District - Sambalpur,Rural,Technical diploma or certificate not equal to degree,2086,1703,383,948,775,173,180,155,25,130,117,13,958,773,185,578,470,108
B0103,21,372,District - Sambalpur,Rural,Graduate and above other than technical degree,13950,9506,4444,8334,7128,1206,1460,930,530,924,650,274,4156,1448,2708,1950,830,1120
B0103,21,372,District - Sambalpur,Rural,Technical degree or diploma equal to degree or post-graduate degree,2973,2148,825,1825,1428,397,298,174,124,160,105,55,850,546,304,279,170,109
B0103,21,372,District - Sambalpur,Urban,Total,308093,158185,149908,98065,79275,18790,17233,9310,7923,7941,4784,3157,192795,69600,123195,23563,10273,13290
B0103,21,372,District - Sambalpur,Urban,Illiterate,75299,31221,44078,14914,8459,6455,4497,1513,2984,1738,661,1077,55888,21249,34639,1912,443,1469
B0103,21,372,District - Sambalpur,Urban,Literate,232794,126964,105830,83151,70816,12335,12736,7797,4939,6203,4123,2080,136907,48351,88556,21651,9830,11821
B0103,21,372,District - Sambalpur,Urban,Literate but below matric/secondary,120769,62448,58321,34199,28866,5333,7689,4627,3062,3569,2378,1191,78881,28955,49926,7239,3127,4112
B0103,21,372,District - Sambalpur,Urban,Matric/secondary but below graduate,64363,35463,28900,23963,21137,2826,2960,1905,1055,1599,1098,501,37440,12421,25019,8352,3899,4453
B0103,21,372,District - Sambalpur,Urban,Technical diploma or certificate not equal to degree,3415,2713,702,1812,1519,293,122,100,22,80,64,16,1481,1094,387,743,575,168
B0103,21,372,District - Sambalpur,Urban,Graduate and above other than technical degree,31121,18903,12218,17186,14668,2518,1183,750,433,588,354,234,12752,3485,9267,3813,1437,2376
B0103,21,372,District - Sambalpur,Urban,Technical degree or diploma equal to degree or post-graduate degree,6005,3964,2041,3327,2522,805,215,127,88,122,74,48,2463,1315,1148,880,521,359
B0103,21,373,District - Debagarh,Total,Total,312520,158230,154290,83408,59636,23772,82027,32748,49279,47667,23411,24256,147085,65846,81239,15718,6784,8934
B0103,21,373,District - Debagarh,Total,Illiterate,114701,45581,69120,22026,11745,10281,30458,7514,22944,17052,5237,11815,62217,26322,35895,2508,488,2020
B0103,21,373,District - Debagarh,Total,Literate,197819,112649,85170,61382,47891,13491,51569,25234,26335,30615,18174,12441,84868,39524,45344,13210,6296,6914
B0103,21,373,District - Debagarh,Total,Literate but below matric/secondary,148794,81977,66817,41362,31545,9817,40051,18998,21053,23143,13394,9749,67381,31434,35947,6682,2883,3799
B0103,21,373,District - Debagarh,Total,Matric/secondary but below graduate,34596,21005,13591,12844,10407,2437,8628,4683,3945,5631,3602,2029,13124,5915,7209,4719,2430,2289
B0103,21,373,District - Debagarh,Total,Technical diploma or certificate not equal to degree,1058,866,192,417,349,68,147,125,22,111,101,10,494,392,102,292,235,57
B0103,21,373,District - Debagarh,Total,Graduate and above other than technical degree,7666,5321,2345,4410,3745,665,1254,781,473,893,632,261,2002,795,1207,1103,516,587
B0103,21,373,District - Debagarh,Total,Technical degree or diploma equal to degree or post-graduate degree,1885,1455,430,1047,891,156,317,169,148,186,115,71,521,395,126,168,119,49
B0103,21,373,District - Debagarh,Rural,Total,290130,146666,143464,76904,54371,22533,80486,31929,48557,46556,22806,23750,132740,60366,72374,13391,5857,7534
B0103,21,373,District - Debagarh,Rural,Illiterate,108830,43130,65700,21063,11171,9892,29856,7299,22557,16617,5069,11548,57911,24660,33251,2280,447,1833
B0103,21,373,District - Debagarh,Rural,Literate,181300,103536,77764,55841,43200,12641,50630,24630,26000,29939,17737,12202,74829,35706,39123,11111,5410,5701
B0103,21,373,District - Debagarh,Rural,Literate but below matric/secondary,139795,77345,62450,39299,29780,9519,39425,18598,20827,22698,13098,9600,61071,28967,32104,5992,2595,3397
B0103,21,373,District - Debagarh,Rural,Matric/secondary but below graduate,30296,18614,11682,11228,9011,2217,8419,4547,3872,5471,3504,1967,10649,5056,5593,3915,2101,1814
B0103,21,373,District - Debagarh,Rural,Technical diploma or certificate not equal to degree,867,720,147,332,281,51,138,118,20,108,98,10,397,321,76,237,194,43
B0103,21,373,District - Debagarh,Rural,Graduate and above other than technical degree,5329,3796,1533,2974,2537,437,1189,737,452,847,602,245,1166,522,644,665,338,327
B0103,21,373,District - Debagarh,Rural,Technical degree or diploma equal to degree or post-graduate degree,1538,1216,322,827,733,94,312,166,146,183,114,69,399,317,82,113,89,24
B0103,21,373,District - Debagarh,Urban,Total,22390,11564,10826,6504,5265,1239,1541,819,722,1111,605,506,14345,5480,8865,2327,927,1400
B0103,21,373,District - Debagarh,Urban,Illiterate,5871,2451,3420,963,574,389,602,215,387,435,168,267,4306,1662,2644,228,41,187
B0103,21,373,District - Debagarh,Urban,Literate,16519,9113,7406,5541,4691,850,939,604,335,676,437,239,10039,3818,6221,2099,886,1213
B0103,21,373,District - Debagarh,Urban,Literate but below matric/secondary,8999,4632,4367,2063,1765,298,626,400,226,445,296,149,6310,2467,3843,690,288,402
B0103,21,373,District - Debagarh,Urban,Matric/secondary but below graduate,4300,2391,1909,1616,1396,220,209,136,73,160,98,62,2475,859,1616,804,329,475
B0103,21,373,District - Debagarh,Urban,Technical diploma or certificate not equal to degree,191,146,45,85,68,17,9,7,2,3,3,0,97,71,26,55,41,14
B0103,21,373,District - Debagarh,Urban,Graduate and above other than technical degree,2337,1525,812,1436,1208,228,65,44,21,46,30,16,836,273,563,438,178,260
B0103,21,373,District - Debagarh,Urban,Technical degree or diploma equal to degree or post-graduate degree,347,239,108,220,158,62,5,3,2,3,1,2,122,78,44,55,30,25
B0103,21,374,District - Sundargarh,Total,Total,2093437,1061147,1032290,535112,430698,104414,338115,153989,184126,176309,93520,82789,1220210,476460,743750,128050,55549,72501
B0103,21,374,District - Sundargarh,Total,Illiterate,751115,311000,440115,133985,88773,45212,144284,45028,99256,66510,24768,41742,472846,177199,295647,22122,4513,17609
B0103,21,374,District - Sundargarh,Total,Literate,1342322,750147,592175,401127,341925,59202,193831,108961,84870,109799,68752,41047,747364,299261,448103,105928,51036,54892
B0103,21,374,District - Sundargarh,Total,Literate but below matric/secondary,857266,465512,391754,206787,175971,30816,139394,76811,62583,76944,47561,29383,511085,212730,298355,43111,19316,23795
B0103,21,374,District - Sundargarh,Total,Matric/secondary but below graduate,319894,184134,135760,115868,100940,14928,38624,23203,15421,24017,15682,8335,165402,59991,105411,41660,20841,20819
B0103,21,374,District - Sundargarh,Total,Technical diploma or certificate not equal to degree,20744,17653,3091,10489,9515,974,1159,1002,157,857,756,101,9096,7136,1960,4654,3825,829
B0103,21,374,District - Sundargarh,Total,Graduate and above other than technical degree,82938,47344,35594,43070,35831,7239,4662,2780,1882,2912,1840,1072,35206,8733,26473,10629,3969,6660
B0103,21,374,District - Sundargarh,Total,Technical degree or diploma equal to degree or post-graduate degree,17785,12192,5593,9882,7596,2286,901,576,325,426,266,160,7002,4020,2982,2584,1588,996
B0103,21,374,District - Sundargarh,Rural,Total,1355340,676068,679272,315612,244799,70813,309890,135610,174280,163194,84288,78906,729838,295659,434179,78367,30204,48163
B0103,21,374,District - Sundargarh,Rural,Illiterate,573193,234575,338618,104151,69259,34892,136425,41403,95022,63346,23101,40245,332617,123913,208704,18151,3313,14838
B0103,21,374,District - Sundargarh,Rural,Literate,782147,441493,340654,211461,175540,35921,173465,94207,79258,99848,61187,38661,397221,171746,225475,60216,26891,33325
B0103,21,374,District - Sundargarh,Rural,Literate but below matric/secondary,580368,321662,258706,136932,114387,22545,128577,68892,59685,71922,43607,28315,314859,138383,176476,30272,12675,17597
B0103,21,374,District - Sundargarh,Rural,Matric/secondary but below graduate,145651,85929,59722,50912,42219,8693,32715,18831,13884,20960,13364,7596,62024,24879,37145,22575,10609,11966
B0103,21,374,District - Sundargarh,Rural,Technical diploma or certificate not equal to degree,4992,4034,958,1963,1628,335,566,466,100,457,388,69,2463,1940,523,1541,1223,318
B0103,21,374,District - Sundargarh,Rural,Graduate and above other than technical degree,18780,11707,7073,9933,8067,1866,2880,1698,1182,1985,1293,692,5967,1942,4025,3213,1220,1993
B0103,21,374,District - Sundargarh,Rural,Technical degree or diploma equal to degree or post-graduate degree,4258,2955,1303,2407,1887,520,534,342,192,244,157,87,1317,726,591,485,281,204
B0103,21,374,District - Sundargarh,Urban,Total,738097,385079,353018,219500,185899,33601,28225,18379,9846,13115,9232,3883,490372,180801,309571,49683,25345,24338
B0103,21,374,District - Sundargarh,Urban,Illiterate,177922,76425,101497,29834,19514,10320,7859,3625,4234,3164,1667,1497,140229,53286,86943,3971,1200,2771
B0103,21,374,District - Sundargarh,Urban,Literate,560175,308654,251521,189666,166385,23281,20366,14754,5612,9951,7565,2386,350143,127515,222628,45712,24145,21567
B0103,21,374,District - Sundargarh,Urban,Literate but below matric/secondary,276898,143850,133048,69855,61584,8271,10817,7919,2898,5022,3954,1068,196226,74347,121879,12839,6641,6198
B0103,21,374,District - Sundargarh,Urban,Matric/secondary but below graduate,174243,98205,76038,64956,58721,6235,5909,4372,1537,3057,2318,739,103378,35112,68266,19085,10232,8853
B0103,21,374,District - Sundargarh,Urban,Technical diploma or certificate not equal to degree,15752,13619,2133,8526,7887,639,593,536,57,400,368,32,6633,5196,1437,3113,2602,511
B0103,21,374,District - Sundargarh,Urban,Graduate and above other than technical degree,64158,35637,28521,33137,27764,5373,1782,1082,700,927,547,380,29239,6791,22448,7416,2749,4667
B0103,21,374,District - Sundargarh,Urban,Technical degree or diploma equal to degree or post-graduate degree,13527,9237,4290,7475,5709,1766,367,234,133,182,109,73,5685,3294,2391,2099,1307,792
B0103,21,375,District - Kendujhar,Total,Total,1801733,906487,895246,442497,362695,79802,324017,135382,188635,188574,95557,93017,1035219,408410,626809,105670,46584,59086
B0103,21,375,District - Kendujhar,Total,Illiterate,749215,301368,447847,126452,82222,44230,156435,41650,114785,85925,28377,57548,466328,177496,288832,20865,4030,16835
B0103,21,375,District - Kendujhar,Total,Literate,1052518,605119,447399,316045,280473,35572,167582,93732,73850,102649,67180,35469,568891,230914,337977,84805,42554,42251
B0103,21,375,District - Kendujhar,Total,Literate but below matric/secondary,759242,422396,336846,196420,174219,22201,129349,70236,59113,77841,49722,28119,433473,177941,255532,42610,19705,22905
B0103,21,375,District - Kendujhar,Total,Matric/secondary but below graduate,189246,114216,75030,69078,61815,7263,25266,15682,9584,16552,11702,4850,94902,36719,58183,28390,15287,13103
B0103,21,375,District - Kendujhar,Total,Technical diploma or certificate not equal to degree,7975,6881,1094,3697,3349,348,536,484,52,426,387,39,3742,3048,694,2292,1922,370
B0103,21,375,District - Kendujhar,Total,Graduate and above other than technical degree,52752,35469,17283,29909,26557,3352,4436,3221,1215,3274,2548,726,18407,5691,12716,7768,3588,4180
B0103,21,375,District - Kendujhar,Total,Technical degree or diploma equal to degree or post-graduate degree,11050,8099,2951,6257,5471,786,976,613,363,509,362,147,3817,2015,1802,1148,783,365
B0103,21,375,District - Kendujhar,Rural,Total,1548674,774667,774007,368952,299603,69349,313494,128442,185052,182809,91398,91411,866228,346622,519606,89147,38400,50747
B0103,21,375,District - Kendujhar,Rural,Illiterate,667985,267351,400634,112841,73400,39441,152362,39748,112614,83784,27218,56566,402782,154203,248579,18396,3287,15109
B0103,21,375,District - Kendujhar,Rural,Literate,880689,507316,373373,256111,226203,29908,161132,88694,72438,99025,64180,34845,463446,192419,271027,70751,35113,35638
B0103,21,375,District - Kendujhar,Rural,Literate but below matric/secondary,664287,370690,293597,171577,151415,20162,124939,66781,58158,75420,47684,27736,367771,152494,215277,37368,16855,20513
B0103,21,375,District - Kendujhar,Rural,Matric/secondary but below graduate,144546,88789,55757,51563,45678,5885,24045,14708,9337,15842,11112,4730,68938,28403,40535,23284,12550,10734
B0103,21,375,District - Kendujhar,Rural,Technical diploma or certificate not equal to degree,5293,4546,747,2126,1900,226,484,437,47,392,358,34,2683,2209,474,1775,1502,273
B0103,21,375,District - Kendujhar,Rural,Graduate and above other than technical degree,32717,23109,9608,18168,16316,1852,4027,2918,1109,2999,2345,654,10522,3875,6647,5465,2681,2784
B0103,21,375,District - Kendujhar,Rural,Technical degree or diploma equal to degree or post-graduate degree,7760,5710,2050,4209,3775,434,912,564,348,472,334,138,2639,1371,1268,737,512,225
B0103,21,375,District - Kendujhar,Urban,Total,253059,131820,121239,73545,63092,10453,10523,6940,3583,5765,4159,1606,168991,61788,107203,16523,8184,8339
B0103,21,375,District - Kendujhar,Urban,Illiterate,81230,34017,47213,13611,8822,4789,4073,1902,2171,2141,1159,982,63546,23293,40253,2469,743,1726
B0103,21,375,District - Kendujhar,Urban,Literate,171829,97803,74026,59934,54270,5664,6450,5038,1412,3624,3000,624,105445,38495,66950,14054,7441,6613
B0103,21,375,District - Kendujhar,Urban,Literate but below matric/secondary,94955,51706,43249,24843,22804,2039,4410,3455,955,2421,2038,383,65702,25447,40255,5242,2850,2392
B0103,21,375,District - Kendujhar,Urban,Matric/secondary but below graduate,44700,25427,19273,17515,16137,1378,1221,974,247,710,590,120,25964,8316,17648,5106,2737,2369
B0103,21,375,District - Kendujhar,Urban,Technical diploma or certificate not equal to degree,2682,2335,347,1571,1449,122,52,47,5,34,29,5,1059,839,220,517,420,97
B0103,21,375,District - Kendujhar,Urban,Graduate and above other than technical degree,20035,12360,7675,11741,10241,1500,409,303,106,275,203,72,7885,1816,6069,2303,907,1396
B0103,21,375,District - Kendujhar,Urban,Technical degree or diploma equal to degree or post-graduate degree,3290,2389,901,2048,1696,352,64,49,15,37,28,9,1178,644,534,411,271,140
B0103,21,376,District - Mayurbhanj,Total,Total,2519738,1256213,1263525,548390,407902,140488,675144,289880,385264,413737,205165,208572,1296204,558431,737773,139977,58034,81943
B0103,21,376,District - Mayurbhanj,Total,Illiterate,1150341,462042,688299,203037,119513,83524,350157,100762,249395,200427,67341,133086,597147,241767,355380,29456,5748,23708
B0103,21,376,District - Mayurbhanj,Total,Literate,1369397,794171,575226,345353,288389,56964,324987,189118,135869,213310,137824,75486,699057,316664,382393,110521,52286,58235
B0103,21,376,District - Mayurbhanj,Total,Literate but below matric/secondary,994369,556046,438323,209537,173772,35765,242709,135781,106928,155941,97248,58693,542123,246493,295630,53999,22511,31488
B0103,21,376,District - Mayurbhanj,Total,Matric/secondary but below graduate,227507,143323,84184,74079,63502,10577,49405,33232,16173,35212,25650,9562,104023,46589,57434,37169,19459,17710
B0103,21,376,District - Mayurbhanj,Total,Technical diploma or certificate not equal to degree,11374,9951,1423,3935,3437,498,1542,1407,135,1288,1196,92,5897,5107,790,3716,3285,431
B0103,21,376,District - Mayurbhanj,Total,Graduate and above other than technical degree,59879,40731,19148,32449,27546,4903,8729,6502,2227,6671,5149,1522,18701,6683,12018,8972,3891,5081
B0103,21,376,District - Mayurbhanj,Total,Technical degree or diploma equal to degree or post-graduate degree,12897,9228,3669,6811,5505,1306,1782,1152,630,1068,742,326,4304,2571,1733,1508,991,517
B0103,21,376,District - Mayurbhanj,Rural,Total,2326842,1157576,1169266,493359,362839,130520,662964,282917,380047,407822,201447,206375,1170519,511820,658699,123354,50494,72860
B0103,21,376,District - Mayurbhanj,Rural,Illiterate,1106414,443663,662751,195560,115092,80468,346145,99353,246792,198680,66620,132060,564709,229218,335491,28415,5507,22908
B0103,21,376,District - Mayurbhanj,Rural,Literate,1220428,713913,506515,297799,247747,50052,316819,183564,133255,209142,134827,74315,605810,282602,323208,94939,44987,49952
B0103,21,376,District - Mayurbhanj,Rural,Literate but below matric/secondary,922369,520123,402246,193063,159304,33759,237963,132598,105365,153648,95577,58071,491343,228221,263122,49626,20715,28911
B0103,21,376,District - Mayurbhanj,Rural,Matric/secondary but below graduate,184440,120039,64401,60741,51855,8886,47460,31888,15572,34163,24894,9269,76239,36296,39943,30865,16341,14524
B0103,21,376,District - Mayurbhanj,Rural,Technical diploma or certificate not equal to degree,8745,7735,1010,2836,2478,358,1445,1320,125,1215,1129,86,4464,3937,527,3016,2708,308
B0103,21,376,District - Mayurbhanj,Rural,Graduate and above other than technical degree,38401,27438,10963,20233,17405,2828,7864,5886,1978,6192,4830,1362,10304,4147,6157,6006,2732,3274
B0103,21,376,District - Mayurbhanj,Rural,Technical degree or diploma equal to degree or post-graduate degree,8832,6420,2412,4432,3688,744,1687,1081,606,1008,699,309,2713,1651,1062,911,606,305
B0103,21,376,District - Mayurbhanj,Urban,Total,192896,98637,94259,55031,45063,9968,12180,6963,5217,5915,3718,2197,125685,46611,79074,16623,7540,9083
B0103,21,376,District - Mayurbhanj,Urban,Illiterate,43927,18379,25548,7477,4421,3056,4012,1409,2603,1747,721,1026,32438,12549,19889,1041,241,800
B0103,21,376,District - Mayurbhanj,Urban,Literate,148969,80258,68711,47554,40642,6912,8168,5554,2614,4168,2997,1171,93247,34062,59185,15582,7299,8283
B0103,21,376,District - Mayurbhanj,Urban,Literate but below matric/secondary,72000,35923,36077,16474,14468,2006,4746,3183,1563,2293,1671,622,50780,18272,32508,4373,1796,2577
B0103,21,376,District - Mayurbhanj,Urban,Matric/secondary but below graduate,43067,23284,19783,13338,11647,1691,1945,1344,601,1049,756,293,27784,10293,17491,6304,3118,3186
B0103,21,376,District - Mayurbhanj,Urban,Technical diploma or certificate not equal to degree,2629,2216,413,1099,959,140,97,87,10,73,67,6,1433,1170,263,700,577,123
B0103,21,376,District - Mayurbhanj,Urban,Graduate and above other than technical degree,21478,13293,8185,12216,10141,2075,865,616,249,479,319,160,8397,2536,5861,2966,1159,1807
B0103,21,376,District - Mayurbhanj,Urban,Technical degree or diploma equal to degree or post-graduate degree,4065,2808,1257,2379,1817,562,95,71,24,60,43,17,1591,920,671,597,385,212
B0103,21,377,District - Baleshwar,Total,Total,2320529,1185787,1134742,618064,540777,77287,314643,143243,171400,130319,83317,47002,1387822,501767,886055,135279,52720,82559
B0103,21,377,District - Baleshwar,Total,Illiterate,699297,283428,415869,112312,78972,33340,85197,21076,64121,27601,10173,17428,501788,183380,318408,15975,2791,13184
B0103,21,377,District - Baleshwar,Total,Literate,1621232,902359,718873,505752,461805,43947,229446,122167,107279,102718,73144,29574,886034,318387,567647,119304,49929,69375
B0103,21,377,District - Baleshwar,Total,Literate but below matric/secondary,1135950,608449,527501,311607,287324,24283,165478,82748,82730,67232,46408,20824,658865,238377,420488,53960,18601,35359
B0103,21,377,District - Baleshwar,Total,Matric/secondary but below graduate,300390,177397,122993,107219,98241,8978,41494,25533,15961,23251,17441,5810,151677,53623,98054,42313,19710,22603
B0103,21,377,District - Baleshwar,Total,Technical diploma or certificate not equal to degree,12083,10587,1496,4760,4261,499,1195,1098,97,931,874,57,6128,5228,900,3527,3090,437
B0103,21,377,District - Baleshwar,Total,Graduate and above other than technical degree,94551,62645,31906,51633,45694,5939,9850,6906,2944,6353,4970,1383,33068,10045,23023,12663,5368,7295
B0103,21,377,District - Baleshwar,Total,Technical degree or diploma equal to degree or post-graduate degree,21803,15287,6516,12135,10347,1788,2063,1298,765,1082,830,252,7605,3642,3963,2471,1445,1026
B0103,21,377,District - Baleshwar,Rural,Total,2067236,1056466,1010770,544455,476709,67746,302716,135589,167127,125347,79855,45492,1220065,444168,775897,117635,44987,72648
B0103,21,377,District - Baleshwar,Rural,Illiterate,636895,256584,380311,101892,71504,30388,82152,19711,62441,26481,9617,16864,452851,165369,287482,14115,2295,11820
B0103,21,377,District - Baleshwar,Rural,Literate,1430341,799882,630459,442563,405205,37358,220564,115878,104686,98866,70238,28628,767214,278799,488415,103520,42692,60828
B0103,21,377,District - Baleshwar,Rural,Literate but below matric/secondary,1035938,556699,479239,285383,263004,22379,160631,79262,81369,65182,44772,20410,589924,214433,375491,48989,16552,32437
B0103,21,377,District - Baleshwar,Rural,Matric/secondary but below graduate,252045,152223,99822,91511,84009,7502,39421,24081,15340,22245,16712,5533,121113,44133,76980,36348,16923,19425
B0103,21,377,District - Baleshwar,Rural,Technical diploma or certificate not equal to degree,9386,8313,1073,3525,3150,375,1071,994,77,855,810,45,4790,4169,621,2890,2560,330
B0103,21,377,District - Baleshwar,Rural,Graduate and above other than technical degree,68096,46789,21307,37396,33494,3902,8692,6102,2590,5895,4662,1233,22008,7193,14815,9869,4276,5593
B0103,21,377,District - Baleshwar,Rural,Technical degree or diploma equal to degree or post-graduate degree,16401,11555,4846,9007,7875,1132,1833,1146,687,1010,785,225,5561,2534,3027,1777,997,780
B0103,21,377,District - Baleshwar,Urban,Total,253293,129321,123972,73609,64068,9541,11927,7654,4273,4972,3462,1510,167757,57599,110158,17644,7733,9911
B0103,21,377,District - Baleshwar,Urban,Illiterate,62402,26844,35558,10420,7468,2952,3045,1365,1680,1120,556,564,48937,18011,30926,1860,496,1364
B0103,21,377,District - Baleshwar,Urban,Literate,190891,102477,88414,63189,56600,6589,8882,6289,2593,3852,2906,946,118820,39588,79232,15784,7237,8547
B0103,21,377,District - Baleshwar,Urban,Literate but below matric/secondary,100012,51750,48262,26224,24320,1904,4847,3486,1361,2050,1636,414,68941,23944,44997,4971,2049,2922
B0103,21,377,District - Baleshwar,Urban,Matric/secondary but below graduate,48345,25174,23171,15708,14232,1476,2073,1452,621,1006,729,277,30564,9490,21074,5965,2787,3178
B0103,21,377,District - Baleshwar,Urban,Technical diploma or certificate not equal to degree,2697,2274,423,1235,1111,124,124,104,20,76,64,12,1338,1059,279,637,530,107
B0103,21,377,District - Baleshwar,Urban,Graduate and above other than technical degree,26455,15856,10599,14237,12200,2037,1158,804,354,458,308,150,11060,2852,8208,2794,1092,1702
B0103,21,377,District - Baleshwar,Urban,Technical degree or diploma equal to degree or post-graduate degree,5402,3732,1670,3128,2472,656,230,152,78,72,45,27,2044,1108,936,694,448,246
B0103,21,378,District - Bhadrak,Total,Total,1506337,760260,746077,328097,302986,25111,140502,106573,33929,76012,65028,10984,1037738,350701,687037,112736,46833,65903
B0103,21,378,District - Bhadrak,Total,Illiterate,412197,163991,248206,41679,34693,6986,25704,13156,12548,10499,6794,3705,344814,116142,228672,10988,2102,8886
B0103,21,378,District - Bhadrak,Total,Literate,1094140,596269,497871,286418,268293,18125,114798,93417,21381,65513,58234,7279,692924,234559,458365,101748,44731,57017
B0103,21,378,District - Bhadrak,Total,Literate but below matric/secondary,780725,407845,372880,179194,170625,8569,80108,64430,15678,43198,38508,4690,521423,172790,348633,46694,17737,28957
B0103,21,378,District - Bhadrak,Total,Matric/secondary but below graduate,213160,123741,89419,64154,59443,4711,23969,20187,3782,15537,13731,1806,125037,44111,80926,38468,18105,20363
B0103,21,378,District - Bhadrak,Total,Technical diploma or certificate not equal to degree,7151,6176,975,2353,2020,333,649,607,42,504,478,26,4149,3549,600,2556,2212,344
B0103,21,378,District - Bhadrak,Total,Graduate and above other than technical degree,56822,38280,18542,28313,25267,3046,5831,4987,844,4085,3630,455,22678,8026,14652,10342,4816,5526
B0103,21,378,District - Bhadrak,Total,Technical degree or diploma equal to degree or post-graduate degree,13185,8568,4617,6097,5271,826,1188,942,246,603,549,54,5900,2355,3545,1538,937,601
B0103,21,378,District - Bhadrak,Rural,Total,1320499,665255,655244,282414,262216,20198,128740,97672,31068,70482,60443,10039,909345,305367,603978,97727,39834,57893
B0103,21,378,District - Bhadrak,Rural,Illiterate,355786,139536,216250,33062,27666,5396,22635,11195,11440,9282,5892,3390,300089,100675,199414,9152,1503,7649
B0103,21,378,District - Bhadrak,Rural,Literate,964713,525719,438994,249352,234550,14802,106105,86477,19628,61200,54551,6649,609256,204692,404564,88575,38331,50244
B0103,21,378,District - Bhadrak,Rural,Literate but below matric/secondary,702538,366809,335729,161558,153939,7619,74448,59828,14620,40585,36208,4377,466532,153042,313490,41492,15304,26188
B0103,21,378,District - Bhadrak,Rural,Matric/secondary but below graduate,183783,107882,75901,55496,51584,3912,22104,18745,3359,14463,12856,1607,106183,37553,68630,33698,15710,17988
B0103,21,378,District - Bhadrak,Rural,Technical diploma or certificate not equal to degree,5838,5115,723,1763,1532,231,586,552,34,460,438,22,3489,3031,458,2209,1931,278
B0103,21,378,District - Bhadrak,Rural,Graduate and above other than technical degree,42627,29433,13194,20821,18792,2029,5085,4419,666,3661,3293,368,16721,6222,10499,8251,3946,4305
B0103,21,378,District - Bhadrak,Rural,Technical degree or diploma equal to degree or post-graduate degree,10164,6586,3578,4448,3956,492,1074,848,226,544,499,45,4642,1782,2860,1106,683,423
B0103,21,378,District - Bhadrak,Urban,Total,185838,95005,90833,45683,40770,4913,11762,8901,2861,5530,4585,945,128393,45334,83059,15009,6999,8010
B0103,21,378,District - Bhadrak,Urban,Illiterate,56411,24455,31956,8617,7027,1590,3069,1961,1108,1217,902,315,44725,15467,29258,1836,599,1237
B0103,21,378,District - Bhadrak,Urban,Literate,129427,70550,58877,37066,33743,3323,8693,6940,1753,4313,3683,630,83668,29867,53801,13173,6400,6773
B0103,21,378,District - Bhadrak,Urban,Literate but below matric/secondary,78187,41036,37151,17636,16686,950,5660,4602,1058,2613,2300,313,54891,19748,35143,5202,2433,2769
B0103,21,378,District - Bhadrak,Urban,Matric/secondary but below graduate,29377,15859,13518,8658,7859,799,1865,1442,423,1074,875,199,18854,6558,12296,4770,2395,2375
B0103,21,378,District - Bhadrak,Urban,Technical diploma or certificate not equal to degree,1313,1061,252,590,488,102,63,55,8,44,40,4,660,518,142,347,281,66
B0103,21,378,District - Bhadrak,Urban,Graduate and above other than technical degree,14195,8847,5348,7492,6475,1017,746,568,178,424,337,87,5957,1804,4153,2091,870,1221
B0103,21,378,District - Bhadrak,Urban,Technical degree or diploma equal to degree or post-graduate degree,3021,1982,1039,1649,1315,334,114,94,20,59,50,9,1258,573,685,432,254,178
B0103,21,379,District - Kendrapara ,Total,Total,1440361,717814,722547,322265,295890,26375,144625,90492,54133,68727,54975,13752,973471,331432,642039,104829,44019,60810
B0103,21,379,District - Kendrapara ,Total,Illiterate,351096,137844,213252,32484,26716,5768,26676,9233,17443,8399,4615,3784,291936,101895,190041,7436,1349,6087
B0103,21,379,District - Kendrapara ,Total,Literate,1089265,579970,509295,289781,269174,20607,117949,81259,36690,60328,50360,9968,681535,229537,451998,97393,42670,54723
B0103,21,379,District - Kendrapara ,Total,Literate but below matric/secondary,747831,382797,365034,173587,163825,9762,81031,53990,27041,38383,31980,6403,493213,164982,328231,43344,16908,26436
B0103,21,379,District - Kendrapara ,Total,Matric/secondary but below graduate,229865,129961,99904,71122,65655,5467,24585,18496,6089,14871,12493,2378,134158,45810,88348,36577,17026,19551
B0103,21,379,District - Kendrapara ,Total,Technical diploma or certificate not equal to degree,5893,4911,982,1998,1661,337,447,398,49,351,318,33,3448,2852,596,1965,1681,284
B0103,21,379,District - Kendrapara ,Total,Graduate and above other than technical degree,56126,36602,19524,27019,23986,3033,5686,4584,1102,3921,3356,565,23421,8032,15389,10737,4860,5877
B0103,21,379,District - Kendrapara ,Total,Technical degree or diploma equal to degree or post-graduate degree,10948,7328,3620,5454,4501,953,944,615,329,431,343,88,4550,2212,2338,1355,820,535
B0103,21,379,District - Kendrapara ,Rural,Total,1356827,675053,681774,299189,275110,24079,140509,88247,52262,66909,53550,13359,917129,311696,605433,99446,41514,57932
B0103,21,379,District - Kendrapara ,Rural,Illiterate,333342,130294,203048,30435,25095,5340,25799,9016,16783,8178,4498,3680,277108,96183,180925,7131,1265,5866
B0103,21,379,District - Kendrapara ,Rural,Literate,1023485,544759,478726,268754,250015,18739,114710,79231,35479,58731,49052,9679,640021,215513,424508,92315,40249,52066
B0103,21,379,District - Kendrapara ,Rural,Literate but below matric/secondary,709660,363229,346431,163725,154559,9166,78966,52731,26235,37468,31208,6260,466969,155939,311030,41603,16090,25513
B0103,21,379,District - Kendrapara ,Rural,Matric/secondary but below graduate,213335,121026,92309,65574,60554,5020,23921,18032,5889,14483,12180,2303,123840,42440,81400,34658,16071,18587
B0103,21,379,District - Kendrapara ,Rural,Technical diploma or certificate not equal to degree,5459,4580,879,1799,1511,288,428,383,45,337,308,29,3232,2686,546,1865,1597,268
B0103,21,379,District - Kendrapara ,Rural,Graduate and above other than technical degree,49373,32350,17023,23176,20666,2510,5451,4424,1027,3752,3232,520,20746,7260,13486,9792,4481,5311
B0103,21,379,District - Kendrapara ,Rural,Technical degree or diploma equal to degree or post-graduate degree,9862,6626,3236,4840,4051,789,927,602,325,419,334,85,4095,1973,2122,1179,721,458
B0103,21,379,District - Kendrapara ,Urban,Total,83534,42761,40773,23076,20780,2296,4116,2245,1871,1818,1425,393,56342,19736,36606,5383,2505,2878
B0103,21,379,District - Kendrapara ,Urban,Illiterate,17754,7550,10204,2049,1621,428,877,217,660,221,117,104,14828,5712,9116,305,84,221
B0103,21,379,District - Kendrapara ,Urban,Literate,65780,35211,30569,21027,19159,1868,3239,2028,1211,1597,1308,289,41514,14024,27490,5078,2421,2657
B0103,21,379,District - Kendrapara ,Urban,Literate but below matric/secondary,38171,19568,18603,9862,9266,596,2065,1259,806,915,772,143,26244,9043,17201,1741,818,923
B0103,21,379,District - Kendrapara ,Urban,Matric/secondary but below graduate,16530,8935,7595,5548,5101,447,664,464,200,388,313,75,10318,3370,6948,1919,955,964
B0103,21,379,District - Kendrapara ,Urban,Technical diploma or certificate not equal to degree,434,331,103,199,150,49,19,15,4,14,10,4,216,166,50,100,84,16
B0103,21,379,District - Kendrapara ,Urban,Graduate and above other than technical degree,6753,4252,2501,3843,3320,523,235,160,75,169,124,45,2675,772,1903,945,379,566
B0103,21,379,District - Kendrapara ,Urban,Technical degree or diploma equal to degree or post-graduate degree,1086,702,384,614,450,164,17,13,4,12,9,3,455,239,216,176,99,77
B0103,21,380,District - Jagatsinghapur ,Total,Total,1136971,577865,559106,290170,256080,34090,113479,69509,43970,51877,39477,12400,733322,252276,481046,92115,41997,50118
B0103,21,380,District - Jagatsinghapur ,Total,Illiterate,247944,96816,151128,29533,20113,9420,19468,6351,13117,5712,2643,3069,198943,70352,128591,4400,927,3473
B0103,21,380,District - Jagatsinghapur ,Total,Literate,889027,481049,407978,260637,235967,24670,94011,63158,30853,46165,36834,9331,534379,181924,352455,87715,41070,46645
B0103,21,380,District - Jagatsinghapur ,Total,Literate but below matric/secondary,571215,294179,277036,145554,132682,12872,61656,39230,22426,27609,21585,6024,364005,122267,241738,35674,15491,20183
B0103,21,380,District - Jagatsinghapur ,Total,Matric/secondary but below graduate,226531,130256,96275,75022,68719,6303,23718,17858,5860,13878,11524,2354,127791,43679,84112,37215,17893,19322
B0103,21,380,District - Jagatsinghapur ,Total,Technical diploma or certificate not equal to degree,6832,5672,1160,2645,2275,370,464,411,53,321,291,30,3723,2986,737,2116,1738,378
B0103,21,380,District - Jagatsinghapur ,Total,Graduate and above other than technical degree,52505,34015,18490,26366,23175,3191,4428,3448,980,2819,2292,527,21711,7392,14319,9524,4296,5228
B0103,21,380,District - Jagatsinghapur ,Total,Technical degree or diploma equal to degree or post-graduate degree,9475,6337,3138,4785,3827,958,662,473,189,320,258,62,4028,2037,1991,1305,795,510
B0103,21,380,District - Jagatsinghapur ,Rural,Total,1020991,516813,504178,255228,225044,30184,109149,66858,42291,49898,37929,11969,656614,224911,431703,83034,37205,45829
B0103,21,380,District - Jagatsinghapur ,Rural,Illiterate,222789,85854,136935,25064,16945,8119,18511,5972,12539,5451,2486,2965,179214,62937,116277,3937,798,3139
B0103,21,380,District - Jagatsinghapur ,Rural,Literate,798202,430959,367243,230164,208099,22065,90638,60886,29752,44447,35443,9004,477400,161974,315426,79097,36407,42690
B0103,21,380,District - Jagatsinghapur ,Rural,Literate but below matric/secondary,520402,267730,252672,131405,119508,11897,59756,37983,21773,26723,20854,5869,329241,110239,219002,32981,14063,18918
B0103,21,380,District - Jagatsinghapur ,Rural,Matric/secondary but below graduate,200617,115406,85211,65815,60108,5707,22708,17151,5557,13316,11079,2237,112094,38147,73947,33425,15800,17625
B0103,21,380,District - Jagatsinghapur ,Rural,Technical diploma or certificate not equal to degree,5504,4524,980,1962,1654,308,432,382,50,295,267,28,3110,2488,622,1807,1477,330
B0103,21,380,District - Jagatsinghapur ,Rural,Graduate and above other than technical degree,43578,28578,15000,21601,19058,2543,4169,3268,901,2662,2170,492,17808,6252,11556,8179,3695,4484
B0103,21,380,District - Jagatsinghapur ,Rural,Technical degree or diploma equal to degree or post-graduate degree,7664,5090,2574,3767,3037,730,607,433,174,283,227,56,3290,1620,1670,1004,603,401
B0103,21,380,District - Jagatsinghapur ,Urban,Total,115980,61052,54928,34942,31036,3906,4330,2651,1679,1979,1548,431,76708,27365,49343,9081,4792,4289
B0103,21,380,District - Jagatsinghapur ,Urban,Illiterate,25155,10962,14193,4469,3168,1301,957,379,578,261,157,104,19729,7415,12314,463,129,334
B0103,21,380,District - Jagatsinghapur ,Urban,Literate,90825,50090,40735,30473,27868,2605,3373,2272,1101,1718,1391,327,56979,19950,37029,8618,4663,3955
B0103,21,380,District - Jagatsinghapur ,Urban,Literate but below matric/secondary,50813,26449,24364,14149,13174,975,1900,1247,653,886,731,155,34764,12028,22736,2693,1428,1265
B0103,21,380,District - Jagatsinghapur ,Urban,Matric/secondary but below graduate,25914,14850,11064,9207,8611,596,1010,707,303,562,445,117,15697,5532,10165,3790,2093,1697
B0103,21,380,District - Jagatsinghapur ,Urban,Technical diploma or certificate not equal to degree,1328,1148,180,683,621,62,32,29,3,26,24,2,613,498,115,309,261,48
B0103,21,380,District - Jagatsinghapur ,Urban,Graduate and above other than technical degree,8927,5437,3490,4765,4117,648,259,180,79,157,122,35,3903,1140,2763,1345,601,744
B0103,21,380,District - Jagatsinghapur ,Urban,Technical degree or diploma equal to degree or post-graduate degree,1811,1247,564,1018,790,228,55,40,15,37,31,6,738,417,321,301,192,109
B0103,21,381,District - Cuttack,Total,Total,2624470,1352760,1271710,696274,615670,80604,240091,146206,93885,114380,85869,28511,1688105,590884,1097221,193843,89242,104601
B0103,21,381,District - Cuttack,Total,Illiterate,613001,249727,363274,78389,56845,21544,49698,17709,31989,17831,8879,8952,484914,175173,309741,14255,3014,11241
B0103,21,381,District - Cuttack,Total,Literate,2011469,1103033,908436,617885,558825,59060,190393,128497,61896,96549,76990,19559,1203191,415711,787480,179588,86228,93360
B0103,21,381,District - Cuttack,Total,Literate but below matric/secondary,1268649,669120,599529,335364,309697,25667,130205,86269,43936,63338,50885,12453,803080,273154,529926,79089,33565,45524
B0103,21,381,District - Cuttack,Total,Matric/secondary but below graduate,442275,252924,189351,145804,132921,12883,36094,25867,10227,20226,16177,4049,260377,94136,166241,60590,31535,29055
B0103,21,381,District - Cuttack,Total,Technical diploma or certificate not equal to degree,15285,11972,3313,6080,4869,1211,993,839,154,735,626,109,8212,6264,1948,4341,3415,926
B0103,21,381,District - Cuttack,Total,Graduate and above other than technical degree,175193,110129,65064,91624,78869,12755,11959,8703,3256,7013,5449,1564,71610,22557,49053,23038,11342,11696
B0103,21,381,District - Cuttack,Total,Technical degree or diploma equal to degree or post-graduate degree,33995,22783,11212,16476,12855,3621,2211,1462,749,1258,852,406,15308,8466,6842,5422,3532,1890
B0103,21,381,District - Cuttack,Rural,Total,1888423,970885,917538,478649,429679,48970,205250,124139,81111,99610,75630,23980,1204524,417067,787457,137848,61043,76805
B0103,21,381,District - Cuttack,Rural,Illiterate,480445,190863,289582,60145,44475,15670,45135,15590,29545,16340,8101,8239,375165,130798,244367,11240,1992,9248
B0103,21,381,District - Cuttack,Rural,Literate,1407978,780022,627956,418504,385204,33300,160115,108549,51566,83270,67529,15741,829359,286269,543090,126608,59051,67557
B0103,21,381,District - Cuttack,Rural,Literate but below matric/secondary,989617,526574,463043,261112,242782,18330,116434,76923,39511,57888,46732,11156,612071,206869,405202,63581,26352,37229
B0103,21,381,District - Cuttack,Rural,Matric/secondary but below graduate,269591,160961,108630,91966,84891,7075,27691,20479,7212,16334,13508,2826,149934,55591,94343,41413,21395,20018
B0103,21,381,District - Cuttack,Rural,Technical diploma or certificate not equal to degree,8349,6945,1404,3187,2695,492,589,516,73,435,384,51,4573,3734,839,2545,2131,414
B0103,21,381,District - Cuttack,Rural,Graduate and above other than technical degree,74440,50208,24232,39078,34721,4357,6922,5383,1539,4600,3774,826,28440,10104,18336,12513,6120,6393
B0103,21,381,District - Cuttack,Rural,Technical degree or diploma equal to degree or post-graduate degree,12856,8860,3996,6701,5536,1165,1016,713,303,567,439,128,5139,2611,2528,1728,1049,679
B0103,21,381,District - Cuttack,Urban,Total,736047,381875,354172,217625,185991,31634,34841,22067,12774,14770,10239,4531,483581,173817,309764,55995,28199,27796
B0103,21,381,District - Cuttack,Urban,Illiterate,132556,58864,73692,18244,12370,5874,4563,2119,2444,1491,778,713,109749,44375,65374,3015,1022,1993
B0103,21,381,District - Cuttack,Urban,Literate,603491,323011,280480,199381,173621,25760,30278,19948,10330,13279,9461,3818,373832,129442,244390,52980,27177,25803
B0103,21,381,District - Cuttack,Urban,Literate but below matric/secondary,279032,142546,136486,74252,66915,7337,13771,9346,4425,5450,4153,1297,191009,66285,124724,15508,7213,8295
B0103,21,381,District - Cuttack,Urban,Matric/secondary but below graduate,172684,91963,80721,53838,48030,5808,8403,5388,3015,3892,2669,1223,110443,38545,71898,19177,10140,9037
B0103,21,381,District - Cuttack,Urban,Technical diploma or certificate not equal to degree,6936,5027,1909,2893,2174,719,404,323,81,300,242,58,3639,2530,1109,1796,1284,512
B0103,21,381,District - Cuttack,Urban,Graduate and above other than technical degree,100753,59921,40832,52546,44148,8398,5037,3320,1717,2413,1675,738,43170,12453,30717,10525,5222,5303
B0103,21,381,District - Cuttack,Urban,Technical degree or diploma equal to degree or post-graduate degree,21139,13923,7216,9775,7319,2456,1195,749,446,691,413,278,10169,5855,4314,3694,2483,1211
B0103,21,382,District - Jajapur  ,Total,Total,1827192,926034,901158,407564,375457,32107,144670,110634,34036,78552,66238,12314,1274958,439943,835015,145658,68983,76675
B0103,21,382,District - Jajapur  ,Total,Illiterate,536737,219638,317099,64834,54157,10677,37736,19990,17746,16629,10732,5897,434167,145491,288676,16722,3918,12804
B0103,21,382,District - Jajapur  ,Total,Literate,1290455,706396,584059,342730,321300,21430,106934,90644,16290,61923,55506,6417,840791,294452,546339,128936,65065,63871
B0103,21,382,District - Jajapur  ,Total,Literate but below matric/secondary,872750,460352,412398,203253,193690,9563,71082,59940,11142,38487,34684,3803,598415,206722,391693,53906,25795,28111
B0103,21,382,District - Jajapur  ,Total,Matric/secondary but below graduate,288899,164030,124869,84146,78300,5846,25263,21838,3425,16699,14933,1766,179490,63892,115598,53689,27526,26163
B0103,21,382,District - Jajapur  ,Total,Technical diploma or certificate not equal to degree,9657,8142,1515,3546,3054,492,621,574,47,483,453,30,5490,4514,976,3374,2863,511
B0103,21,382,District - Jajapur  ,Total,Graduate and above other than technical degree,70608,46310,24298,35065,31435,3630,5435,4720,715,3846,3391,455,30108,10155,19953,12860,6154,6706
B0103,21,382,District - Jajapur  ,Total,Technical degree or diploma equal to degree or post-graduate degree,13430,9410,4020,6812,5823,989,787,653,134,476,404,72,5831,2934,2897,1852,1117,735
B0103,21,382,District - Jajapur  ,Rural,Total,1692095,856539,835556,372543,343855,28688,139062,106503,32559,75884,64000,11884,1180490,406181,774309,136572,64214,72358
B0103,21,382,District - Jajapur  ,Rural,Illiterate,503612,205386,298226,60746,51072,9674,36377,19247,17130,16108,10348,5760,406489,135067,271422,16087,3715,12372
B0103,21,382,District - Jajapur  ,Rural,Literate,1188483,651153,537330,311797,292783,19014,102685,87256,15429,59776,53652,6124,774001,271114,502887,120485,60499,59986
B0103,21,382,District - Jajapur  ,Rural,Literate but below matric/secondary,816807,431657,385150,190355,181490,8865,68574,57922,10652,37333,33650,3683,557878,192245,365633,51238,24369,26869
B0103,21,382,District - Jajapur  ,Rural,Matric/secondary but below graduate,261894,149487,112407,75708,70454,5254,24160,20962,3198,16076,14411,1665,162026,58071,103955,50342,25669,24673
B0103,21,382,District - Jajapur  ,Rural,Technical diploma or certificate not equal to degree,7942,6660,1282,2630,2210,420,566,521,45,444,415,29,4746,3929,817,3033,2577,456
B0103,21,382,District - Jajapur  ,Rural,Graduate and above other than technical degree,58543,39051,19492,28782,25877,2905,5084,4464,620,3629,3232,397,24677,8710,15967,11314,5473,5841
B0103,21,382,District - Jajapur  ,Rural,Technical degree or diploma equal to degree or post-graduate degree,11124,7775,3349,5459,4709,750,725,606,119,438,371,67,4940,2460,2480,1536,934,602
B0103,21,382,District - Jajapur  ,Urban,Total,135097,69495,65602,35021,31602,3419,5608,4131,1477,2668,2238,430,94468,33762,60706,9086,4769,4317
B0103,21,382,District - Jajapur  ,Urban,Illiterate,33125,14252,18873,4088,3085,1003,1359,743,616,521,384,137,27678,10424,17254,635,203,432
B0103,21,382,District - Jajapur  ,Urban,Literate,101972,55243,46729,30933,28517,2416,4249,3388,861,2147,1854,293,66790,23338,43452,8451,4566,3885
B0103,21,382,District - Jajapur  ,Urban,Literate but below matric/secondary,55943,28695,27248,12898,12200,698,2508,2018,490,1154,1034,120,40537,14477,26060,2668,1426,1242
B0103,21,382,District - Jajapur  ,Urban,Matric/secondary but below graduate,27005,14543,12462,8438,7846,592,1103,876,227,623,522,101,17464,5821,11643,3347,1857,1490
B0103,21,382,District - Jajapur  ,Urban,Technical diploma or certificate not equal to degree,1715,1482,233,916,844,72,55,53,2,39,38,1,744,585,159,341,286,55
B0103,21,382,District - Jajapur  ,Urban,Graduate and above other than technical degree,12065,7259,4806,6283,5558,725,351,256,95,217,159,58,5431,1445,3986,1546,681,865
B0103,21,382,District - Jajapur  ,Urban,Technical degree or diploma equal to degree or post-graduate degree,2306,1635,671,1353,1114,239,62,47,15,38,33,5,891,474,417,316,183,133
B0103,21,383,District - Dhenkanal,Total,Total,1192811,612593,580218,277338,245235,32103,158195,95317,62878,91079,62654,28425,757278,272041,485237,101013,41674,59339
B0103,21,383,District - Dhenkanal,Total,Illiterate,362901,148500,214401,48571,35903,12668,48912,18127,30785,24934,11055,13879,265418,94470,170948,12373,1922,10451
B0103,21,383,District - Dhenkanal,Total,Literate,829910,464093,365817,228767,209332,19435,109283,77190,32093,66145,51599,14546,491860,177571,314289,88640,39752,48888
B0103,21,383,District - Dhenkanal,Total,Literate but below matric/secondary,590265,321473,268792,147628,136905,10723,82723,57101,25622,48253,37124,11129,359914,127467,232447,42580,16256,26324
B0103,21,383,District - Dhenkanal,Total,Matric/secondary but below graduate,165037,94729,70308,48652,44127,4525,18618,14296,4322,12888,10481,2407,97767,36306,61461,33258,16533,16725
B0103,21,383,District - Dhenkanal,Total,Technical diploma or certificate not equal to degree,6725,5783,942,2514,2250,264,525,484,41,398,373,25,3686,3049,637,2278,1938,340
B0103,21,383,District - Dhenkanal,Total,Graduate and above other than technical degree,38598,25579,13019,20129,17627,2502,3118,2574,544,2219,1922,297,15351,5378,9973,7102,3402,3700
B0103,21,383,District - Dhenkanal,Total,Technical degree or diploma equal to degree or post-graduate degree,7027,5050,1977,3594,2949,645,417,305,112,246,189,57,3016,1796,1220,1097,679,418
B0103,21,383,District - Dhenkanal,Rural,Total,1075305,551326,523979,245779,217374,28405,152607,91463,61144,88084,60459,27625,676919,242489,434430,88747,35836,52911
B0103,21,383,District - Dhenkanal,Rural,Illiterate,339782,138559,201223,45991,33958,12033,47870,17729,30141,24499,10863,13636,245921,86872,159049,11714,1737,9977
B0103,21,383,District - Dhenkanal,Rural,Literate,735523,412767,322756,199788,183416,16372,104737,73734,31003,63585,49596,13989,430998,155617,275381,77033,34099,42934
B0103,21,383,District - Dhenkanal,Rural,Literate but below matric/secondary,541174,296133,245041,135486,125562,9924,79956,55001,24955,46743,35916,10827,325732,115570,210162,39051,14691,24360
B0103,21,383,District - Dhenkanal,Rural,Matric/secondary but below graduate,138777,80757,58020,41390,37576,3814,17529,13447,4082,12229,9974,2255,79858,29734,50124,28454,14134,14320
B0103,21,383,District - Dhenkanal,Rural,Technical diploma or certificate not equal to degree,5172,4540,632,1843,1673,170,441,410,31,353,335,18,2888,2457,431,1833,1597,236
B0103,21,383,District - Dhenkanal,Rural,Graduate and above other than technical degree,25368,17391,7977,13062,11597,1465,2665,2225,440,1937,1707,230,9641,3569,6072,4869,2412,2457
B0103,21,383,District - Dhenkanal,Rural,Technical degree or diploma equal to degree or post-graduate degree,4513,3322,1191,2314,1995,319,359,269,90,218,176,42,1840,1058,782,697,422,275
B0103,21,383,District - Dhenkanal,Urban,Total,117506,61267,56239,31559,27861,3698,5588,3854,1734,2995,2195,800,80359,29552,50807,12266,5838,6428
B0103,21,383,District - Dhenkanal,Urban,Illiterate,23119,9941,13178,2580,1945,635,1042,398,644,435,192,243,19497,7598,11899,659,185,474
B0103,21,383,District - Dhenkanal,Urban,Literate,94387,51326,43061,28979,25916,3063,4546,3456,1090,2560,2003,557,60862,21954,38908,11607,5653,5954
B0103,21,383,District - Dhenkanal,Urban,Literate but below matric/secondary,49091,25340,23751,12142,11343,799,2767,2100,667,1510,1208,302,34182,11897,22285,3529,1565,1964
B0103,21,383,District - Dhenkanal,Urban,Matric/secondary but below graduate,26260,13972,12288,7262,6551,711,1089,849,240,659,507,152,17909,6572,11337,4804,2399,2405
B0103,21,383,District - Dhenkanal,Urban,Technical diploma or certificate not equal to degree,1553,1243,310,671,577,94,84,74,10,45,38,7,798,592,206,445,341,104
B0103,21,383,District - Dhenkanal,Urban,Graduate and above other than technical degree,13230,8188,5042,7067,6030,1037,453,349,104,282,215,67,5710,1809,3901,2233,990,1243
B0103,21,383,District - Dhenkanal,Urban,Technical degree or diploma equal to degree or post-graduate degree,2514,1728,786,1280,954,326,58,36,22,28,13,15,1176,738,438,400,257,143
B0103,21,384,District - Anugul  ,Total,Total,1273821,655718,618103,317547,257720,59827,208973,103227,105746,119492,70895,48597,747301,294771,452530,91677,43256,48421
B0103,21,384,District - Anugul  ,Total,Illiterate,404365,161293,243072,62401,37467,24934,68327,21372,46955,35685,13898,21787,273637,102454,171183,12969,2417,10552
B0103,21,384,District - Anugul  ,Total,Literate,869456,494425,375031,255146,220253,34893,140646,81855,58791,83807,56997,26810,473664,192317,281347,78708,40839,37869
B0103,21,384,District - Anugul  ,Total,Literate but below matric/secondary,612088,337317,274771,157870,135029,22841,107698,60805,46893,62561,41560,21001,346520,141483,205037,38597,18165,20432
B0103,21,384,District - Anugul  ,Total,Matric/secondary but below graduate,166819,98722,68097,55124,49061,6063,21597,14113,7484,14150,10461,3689,90098,35548,54550,27329,15087,12242
B0103,21,384,District - Anugul  ,Total,Technical diploma or certificate not equal to degree,11795,10700,1095,5519,5171,348,881,817,64,711,666,45,5395,4712,683,3309,2978,331
B0103,21,384,District - Anugul  ,Total,Graduate and above other than technical degree,42915,26827,16088,22893,19810,3083,3395,2433,962,2408,1867,541,16627,4584,12043,6085,2740,3345
B0103,21,384,District - Anugul  ,Total,Technical degree or diploma equal to degree or post-graduate degree,9390,7042,2348,5727,4829,898,507,306,201,272,194,78,3156,1907,1249,1184,813,371
B0103,21,384,District - Anugul  ,Rural,Total,1067275,546385,520890,257456,205727,51729,198171,96266,101905,113179,66456,46723,611648,244392,367256,73232,34325,38907
B0103,21,384,District - Anugul  ,Rural,Illiterate,358206,141613,216593,56100,33649,22451,65375,20002,45373,34090,13070,21020,236731,87962,148769,11406,2100,9306
B0103,21,384,District - Anugul  ,Rural,Literate,709069,404772,304297,201356,172078,29278,132796,76264,56532,79089,53386,25703,374917,156430,218487,61826,32225,29601
B0103,21,384,District - Anugul  ,Rural,Literate but below matric/secondary,529041,293135,235906,136986,116116,20870,102868,57344,45524,59721,39346,20375,289187,119675,169512,32630,15309,17321
B0103,21,384,District - Anugul  ,Rural,Matric/secondary but below graduate,120077,72718,47359,38709,33991,4718,19694,12767,6927,12984,9594,3390,61674,25960,35714,20652,11666,8986
B0103,21,384,District - Anugul  ,Rural,Technical diploma or certificate not equal to degree,7343,6674,669,2935,2731,204,713,663,50,580,546,34,3695,3280,415,2341,2126,215
B0103,21,384,District - Anugul  ,Rural,Graduate and above other than technical degree,24095,16108,7987,12801,11216,1585,2841,2078,763,2060,1629,431,8453,2814,5639,3759,1802,1957
B0103,21,384,District - Anugul  ,Rural,Technical degree or diploma equal to degree or post-graduate degree,5256,3937,1319,3034,2567,467,387,225,162,185,133,52,1835,1145,690,604,425,179
B0103,21,384,District - Anugul  ,Urban,Total,206546,109333,97213,60091,51993,8098,10802,6961,3841,6313,4439,1874,135653,50379,85274,18445,8931,9514
B0103,21,384,District - Anugul  ,Urban,Illiterate,46159,19680,26479,6301,3818,2483,2952,1370,1582,1595,828,767,36906,14492,22414,1563,317,1246
B0103,21,384,District - Anugul  ,Urban,Literate,160387,89653,70734,53790,48175,5615,7850,5591,2259,4718,3611,1107,98747,35887,62860,16882,8614,8268
B0103,21,384,District - Anugul  ,Urban,Literate but below matric/secondary,83047,44182,38865,20884,18913,1971,4830,3461,1369,2840,2214,626,57333,21808,35525,5967,2856,3111
B0103,21,384,District - Anugul  ,Urban,Matric/secondary but below graduate,46742,26004,20738,16415,15070,1345,1903,1346,557,1166,867,299,28424,9588,18836,6677,3421,3256
B0103,21,384,District - Anugul  ,Urban,Technical diploma or certificate not equal to degree,4452,4026,426,2584,2440,144,168,154,14,131,120,11,1700,1432,268,968,852,116
B0103,21,384,District - Anugul  ,Urban,Graduate and above other than technical degree,18820,10719,8101,10092,8594,1498,554,355,199,348,238,110,8174,1770,6404,2326,938,1388
B0103,21,384,District - Anugul  ,Urban,Technical degree or diploma equal to degree or post-graduate degree,4134,3105,1029,2693,2262,431,120,81,39,87,61,26,1321,762,559,580,388,192
B0103,21,385,District - Nayagarh  ,Total,Total,962789,502636,460153,229076,207430,21646,114557,77161,37396,65897,49662,16235,619156,218045,401111,80164,30300,49864
B0103,21,385,District - Nayagarh  ,Total,Illiterate,274427,110303,164124,33154,26021,7133,27316,10835,16481,13211,6358,6853,213957,73447,140510,10264,1312,8952
B0103,21,385,District - Nayagarh  ,Total,Literate,688362,392333,296029,195922,181409,14513,87241,66326,20915,52686,43304,9382,405199,144598,260601,69900,28988,40912
B0103,21,385,District - Nayagarh  ,Total,Literate but below matric/secondary,532764,294273,238491,139851,131025,8826,70509,52838,17671,41842,33977,7865,322404,110410,211994,42444,14111,28333
B0103,21,385,District - Nayagarh  ,Total,Matric/secondary but below graduate,100030,61889,38141,31832,29234,2598,10414,8809,1605,6953,6119,834,57784,23846,33938,18590,9977,8613
B0103,21,385,District - Nayagarh  ,Total,Technical diploma or certificate not equal to degree,2919,2344,575,1148,913,235,185,169,16,149,138,11,1586,1262,324,940,745,195
B0103,21,385,District - Nayagarh  ,Total,Graduate and above other than technical degree,26300,18955,7345,14251,12650,1601,2344,2059,285,1643,1491,152,9705,4246,5459,4953,2797,2156
B0103,21,385,District - Nayagarh  ,Total,Technical degree or diploma equal to degree or post-graduate degree,5887,4307,1580,3026,2574,452,452,348,104,284,245,39,2409,1385,1024,889,562,327
B0103,21,385,District - Nayagarh  ,Rural,Total,883051,461019,422032,208001,188741,19260,110228,73962,36266,63368,47637,15731,564822,198316,366506,71742,26401,45341
B0103,21,385,District - Nayagarh  ,Rural,Illiterate,257706,103332,154374,31484,24769,6715,26652,10484,16168,12908,6152,6756,199570,68079,131491,9686,1190,8496
B0103,21,385,District - Nayagarh  ,Rural,Literate,625345,357687,267658,176517,163972,12545,83576,63478,20098,50460,41485,8975,365252,130237,235015,62056,25211,36845
B0103,21,385,District - Nayagarh  ,Rural,Literate but below matric/secondary,496069,275299,220770,130943,122704,8239,68162,51016,17146,40439,32808,7631,296964,101579,195385,39330,12764,26566
B0103,21,385,District - Nayagarh  ,Rural,Matric/secondary but below graduate,84812,53367,31445,26848,24758,2090,9690,8242,1448,6512,5764,748,48274,20367,27907,15783,8567,7216
B0103,21,385,District - Nayagarh  ,Rural,Technical diploma or certificate not equal to degree,2264,1853,411,825,670,155,167,153,14,136,126,10,1272,1030,242,769,613,156
B0103,21,385,District - Nayagarh  ,Rural,Graduate and above other than technical degree,19336,14314,5022,10357,9302,1055,1987,1774,213,1415,1307,108,6992,3238,3754,3716,2186,1530
B0103,21,385,District - Nayagarh  ,Rural,Technical degree or diploma equal to degree or post-graduate degree,4416,3305,1111,2244,1976,268,396,308,88,252,221,31,1776,1021,755,666,425,241
B0103,21,385,District - Nayagarh  ,Urban,Total,79738,41617,38121,21075,18689,2386,4329,3199,1130,2529,2025,504,54334,19729,34605,8422,3899,4523
B0103,21,385,District - Nayagarh  ,Urban,Illiterate,16721,6971,9750,1670,1252,418,664,351,313,303,206,97,14387,5368,9019,578,122,456
B0103,21,385,District - Nayagarh  ,Urban,Literate,63017,34646,28371,19405,17437,1968,3665,2848,817,2226,1819,407,39947,14361,25586,7844,3777,4067
B0103,21,385,District - Nayagarh  ,Urban,Literate but below matric/secondary,36695,18974,17721,8908,8321,587,2347,1822,525,1403,1169,234,25440,8831,16609,3114,1347,1767
B0103,21,385,District - Nayagarh  ,Urban,Matric/secondary but below graduate,15218,8522,6696,4984,4476,508,724,567,157,441,355,86,9510,3479,6031,2807,1410,1397
B0103,21,385,District - Nayagarh  ,Urban,Technical diploma or certificate not equal to degree,655,491,164,323,243,80,18,16,2,13,12,1,314,232,82,171,132,39
B0103,21,385,District - Nayagarh  ,Urban,Graduate and above other than technical degree,6964,4641,2323,3894,3348,546,357,285,72,228,184,44,2713,1008,1705,1237,611,626
B0103,21,385,District - Nayagarh  ,Urban,Technical degree or diploma equal to degree or post-graduate degree,1471,1002,469,782,598,184,56,40,16,32,24,8,633,364,269,223,137,86
B0103,21,386,District - Khordha ,Total,Total,2251673,1167137,1084536,632625,543178,89447,159568,102702,56866,82553,59603,22950,1459480,521257,938223,192374,80728,111646
B0103,21,386,District - Khordha ,Total,Illiterate,501737,209622,292115,69108,46242,22866,31273,12519,18754,13635,6407,7228,401356,150861,250495,15084,2683,12401
B0103,21,386,District - Khordha ,Total,Literate,1749936,957515,792421,563517,496936,66581,128295,90183,38112,68918,53196,15722,1058124,370396,687728,177290,78045,99245
B0103,21,386,District - Khordha ,Total,Literate but below matric/secondary,1022308,533256,489052,269181,244609,24572,84736,60158,24578,45283,35841,9442,668391,228489,439902,78535,28541,49994
B0103,21,386,District - Khordha ,Total,Matric/secondary but below graduate,390686,217637,173049,123585,111192,12393,24542,17442,7100,13999,10565,3434,242559,89003,153556,59216,29692,29524
B0103,21,386,District - Khordha ,Total,Technical diploma or certificate not equal to degree,14321,11342,2979,6899,5881,1018,715,588,127,474,396,78,6707,4873,1834,2788,2146,642
B0103,21,386,District - Khordha ,Total,Graduate and above other than technical degree,218877,133195,85682,117478,98450,19028,11042,7303,3739,5692,3953,1739,90357,27442,62915,25235,11254,13981
B0103,21,386,District - Khordha ,Total,Technical degree or diploma equal to degree or post-graduate degree,54495,37175,17320,30293,23723,6570,2386,1657,729,1190,823,367,21816,11795,10021,7136,4479,2657
B0103,21,386,District - Khordha ,Rural,Total,1167357,595809,571548,291625,261347,30278,108017,71179,36838,60178,44838,15340,767715,263283,504432,110098,41496,68602
B0103,21,386,District - Khordha ,Rural,Illiterate,307677,124120,183557,39439,28953,10486,23491,9329,14162,10879,5157,5722,244747,85838,158909,11176,1619,9557
B0103,21,386,District - Khordha ,Rural,Literate,859680,471689,387991,252186,232394,19792,84526,61850,22676,49299,39681,9618,522968,177445,345523,98922,39877,59045
B0103,21,386,District - Khordha ,Rural,Literate but below matric/secondary,636995,335989,301006,169743,158050,11693,64263,46297,17966,36509,29256,7253,402989,131642,271347,58581,19649,38932
B0103,21,386,District - Khordha ,Rural,Matric/secondary but below graduate,144069,85684,58385,46707,43032,3675,13042,10210,2832,8399,6941,1458,84320,32442,51878,27633,13694,13939
B0103,21,386,District - Khordha ,Rural,Technical diploma or certificate not equal to degree,3604,2903,701,1422,1181,241,233,203,30,171,149,22,1949,1519,430,1125,883,242
B0103,21,386,District - Khordha ,Rural,Graduate and above other than technical degree,43490,29896,13594,23286,20659,2627,3569,2883,686,2435,2041,394,16635,6354,10281,8200,4086,4114
B0103,21,386,District - Khordha ,Rural,Technical degree or diploma equal to degree or post-graduate degree,8296,5588,2708,4204,3533,671,548,406,142,258,192,66,3544,1649,1895,1125,658,467
B0103,21,386,District - Khordha ,Urban,Total,1084316,571328,512988,341000,281831,59169,51551,31523,20028,22375,14765,7610,691765,257974,433791,82276,39232,43044
B0103,21,386,District - Khordha ,Urban,Illiterate,194060,85502,108558,29669,17289,12380,7782,3190,4592,2756,1250,1506,156609,65023,91586,3908,1064,2844
B0103,21,386,District - Khordha ,Urban,Literate,890256,485826,404430,311331,264542,46789,43769,28333,15436,19619,13515,6104,535156,192951,342205,78368,38168,40200
B0103,21,386,District - Khordha ,Urban,Literate but below matric/secondary,385313,197267,188046,99438,86559,12879,20473,13861,6612,8774,6585,2189,265402,96847,168555,19954,8892,11062
B0103,21,386,District - Khordha ,Urban,Matric/secondary but below graduate,246617,131953,114664,76878,68160,8718,11500,7232,4268,5600,3624,1976,158239,56561,101678,31583,15998,15585
B0103,21,386,District - Khordha ,Urban,Technical diploma or certificate not equal to degree,10717,8439,2278,5477,4700,777,482,385,97,303,247,56,4758,3354,1404,1663,1263,400
B0103,21,386,District - Khordha ,Urban,Graduate and above other than technical degree,175387,103299,72088,94192,77791,16401,7473,4420,3053,3257,1912,1345,73722,21088,52634,17035,7168,9867
B0103,21,386,District - Khordha ,Urban,Technical degree or diploma equal to degree or post-graduate degree,46199,31587,14612,26089,20190,5899,1838,1251,587,932,631,301,18272,10146,8126,6011,3821,2190
B0103,21,387,District - Puri,Total,Total,1698730,865380,833350,450536,399235,51301,171140,99226,71914,92356,65606,26750,1077054,366919,710135,154327,55812,98515
B0103,21,387,District - Puri,Total,Illiterate,406791,160523,246268,51887,37238,14649,34173,10537,23636,13607,5716,7891,320731,112748,207983,13446,1778,11668
B0103,21,387,District - Puri,Total,Literate,1291939,704857,587082,398649,361997,36652,136967,88689,48278,78749,59890,18859,756323,254171,502152,140881,54034,86847
B0103,21,387,District - Puri,Total,Literate but below matric/secondary,937278,494025,443253,264310,243254,21056,104034,65538,38496,57384,43137,14247,568934,185233,383701,78583,25094,53489
B0103,21,387,District - Puri,Total,Matric/secondary but below graduate,221082,128186,92896,72208,65422,6786,20421,14541,5880,13492,10654,2838,128453,48223,80230,41137,19192,21945
B0103,21,387,District - Puri,Total,Technical diploma or certificate not equal to degree,5538,4394,1144,2174,1774,400,359,300,59,272,238,34,3005,2320,685,1777,1398,379
B0103,21,387,District - Puri,Total,Graduate and above other than technical degree,76931,50221,26710,40804,35284,5520,6079,4675,1404,4398,3564,834,30048,10262,19786,13681,5931,7750
B0103,21,387,District - Puri,Total,Technical degree or diploma equal to degree or post-graduate degree,13350,9071,4279,7019,5686,1333,855,631,224,463,370,93,5476,2754,2722,1850,1081,769
B0103,21,387,District - Puri,Rural,Total,1433800,728213,705587,366582,328271,38311,161345,93372,67973,87768,62576,25192,905873,306570,599303,132009,46554,85455
B0103,21,387,District - Puri,Rural,Illiterate,351598,136363,215235,41050,30047,11003,32251,9794,22457,12879,5357,7522,278297,96522,181775,11903,1316,10587
B0103,21,387,District - Puri,Rural,Literate,1082202,591850,490352,325532,298224,27308,129094,83578,45516,74889,57219,17670,627576,210048,417528,120106,45238,74868
B0103,21,387,District - Puri,Rural,Literate but below matric/secondary,821434,435183,386251,230636,213555,17081,99300,62411,36889,55217,41602,13615,491498,159217,332281,70566,21990,48576
B0103,21,387,District - Puri,Rural,Matric/secondary but below graduate,166207,98092,68115,53219,48378,4841,18584,13406,5178,12554,10013,2541,94404,36308,58096,33788,15863,17925
B0103,21,387,District - Puri,Rural,Technical diploma or certificate not equal to degree,4180,3334,846,1517,1216,301,322,273,49,245,218,27,2341,1845,496,1466,1168,298
B0103,21,387,District - Puri,Rural,Graduate and above other than technical degree,48833,32749,16084,25232,22106,3126,5253,4134,1119,3897,3248,649,18348,6509,11839,9700,4361,5339
B0103,21,387,District - Puri,Rural,Technical degree or diploma equal to degree or post-graduate degree,8845,6059,2786,4523,3795,728,751,572,179,402,333,69,3571,1692,1879,1220,719,501
B0103,21,387,District - Puri,Urban,Total,264930,137167,127763,83954,70964,12990,9795,5854,3941,4588,3030,1558,171181,60349,110832,22318,9258,13060
B0103,21,387,District - Puri,Urban,Illiterate,55193,24160,31033,10837,7191,3646,1922,743,1179,728,359,369,42434,16226,26208,1543,462,1081
B0103,21,387,District - Puri,Urban,Literate,209737,113007,96730,73117,63773,9344,7873,5111,2762,3860,2671,1189,128747,44123,84624,20775,8796,11979
B0103,21,387,District - Puri,Urban,Literate but below matric/secondary,115844,58842,57002,33674,29699,3975,4734,3127,1607,2167,1535,632,77436,26016,51420,8017,3104,4913
B0103,21,387,District - Puri,Urban,Matric/secondary but below graduate,54875,30094,24781,18989,17044,1945,1837,1135,702,938,641,297,34049,11915,22134,7349,3329,4020
B0103,21,387,District - Puri,Urban,Technical diploma or certificate not equal to degree,1358,1060,298,657,558,99,37,27,10,27,20,7,664,475,189,311,230,81
B0103,21,387,District - Puri,Urban,Graduate and above other than technical degree,28098,17472,10626,15572,13178,2394,826,541,285,501,316,185,11700,3753,7947,3981,1570,2411
B0103,21,387,District - Puri,Urban,Technical degree or diploma equal to degree or post-graduate degree,4505,3012,1493,2496,1891,605,104,59,45,61,37,24,1905,1062,843,630,362,268
B0103,21,388,District - Ganjam,Total,Total,3529031,1779218,1749813,900744,718163,182581,601028,271864,329164,331087,184623,146464,2027259,789191,1238068,211752,90083,121669
B0103,21,388,District - Ganjam,Total,Illiterate,1318981,516566,802415,256441,155355,101086,263194,66267,196927,128673,42336,86337,799346,294944,504402,37492,6637,30855
B0103,21,388,District - Ganjam,Total,Literate,2210050,1262652,947398,644303,562808,81495,337834,205597,132237,202414,142287,60127,1227913,494247,733666,174260,83446,90814
B0103,21,388,District - Ganjam,Total,Literate but below matric/secondary,1662447,916006,746441,433252,378500,54752,281307,166246,115061,166591,114826,51765,947888,371260,576628,94317,37478,56839
B0103,21,388,District - Ganjam,Total,Matric/secondary but below graduate,353376,221104,132272,119534,107751,11783,34693,26106,8587,22766,18504,4262,199149,87247,111902,55136,31589,23547
B0103,21,388,District - Ganjam,Total,Technical diploma or certificate not equal to degree,13549,11303,2246,6134,5302,832,756,673,83,585,525,60,6659,5328,1331,3227,2634,593
B0103,21,388,District - Ganjam,Total,Graduate and above other than technical degree,89485,60677,28808,49855,42747,7108,5282,4202,1080,3550,2910,640,34348,13728,20620,12795,6886,5909
B0103,21,388,District - Ganjam,Total,Technical degree or diploma equal to degree or post-graduate degree,23422,17160,6262,12836,10256,2580,1000,744,256,666,521,145,9586,6160,3426,4093,2797,1296
B0103,21,388,District - Ganjam,Rural,Total,2761030,1383636,1377394,676888,533112,143776,555034,246266,308768,308343,169859,138484,1529108,604258,924850,152497,60918,91579
B0103,21,388,District - Ganjam,Rural,Illiterate,1125880,437924,687956,220499,133695,86804,247996,61594,186402,122496,39883,82613,657385,242635,414750,31671,5179,26492
B0103,21,388,District - Ganjam,Rural,Literate,1635150,945712,689438,456389,399417,56972,307038,184672,122366,185847,129976,55871,871723,361623,510100,120826,55739,65087
B0103,21,388,District - Ganjam,Rural,Literate but below matric/secondary,1341821,753122,588699,348341,304239,44102,260475,152363,108112,155780,106762,49018,733005,296520,436485,75803,29259,46544
B0103,21,388,District - Ganjam,Rural,Matric/secondary but below graduate,198229,131183,67046,68109,61407,6702,28459,21570,6889,19083,15717,3366,101661,48206,53455,33319,19460,13859
B0103,21,388,District - Ganjam,Rural,Technical diploma or certificate not equal to degree,5998,5316,682,2585,2333,252,499,464,35,397,374,23,2914,2519,395,1693,1475,218
B0103,21,388,District - Ganjam,Rural,Graduate and above other than technical degree,30145,22430,7715,16550,14519,2031,3436,2881,555,2492,2167,325,10159,5030,5129,5374,3215,2159
B0103,21,388,District - Ganjam,Rural,Technical degree or diploma equal to degree or post-graduate degree,6660,5359,1301,3660,3191,469,578,442,136,411,327,84,2422,1726,696,1175,907,268
B0103,21,388,District - Ganjam,Urban,Total,768001,395582,372419,223856,185051,38805,45994,25598,20396,22744,14764,7980,498151,184933,313218,59255,29165,30090
B0103,21,388,District - Ganjam,Urban,Illiterate,193101,78642,114459,35942,21660,14282,15198,4673,10525,6177,2453,3724,141961,52309,89652,5821,1458,4363
B0103,21,388,District - Ganjam,Urban,Literate,574900,316940,257960,187914,163391,24523,30796,20925,9871,16567,12311,4256,356190,132624,223566,53434,27707,25727
B0103,21,388,District - Ganjam,Urban,Literate but below matric/secondary,320626,162884,157742,84911,74261,10650,20832,13883,6949,10811,8064,2747,214883,74740,140143,18514,8219,10295
B0103,21,388,District - Ganjam,Urban,Matric/secondary but below graduate,155147,89921,65226,51425,46344,5081,6234,4536,1698,3683,2787,896,97488,39041,58447,21817,12129,9688
B0103,21,388,District - Ganjam,Urban,Technical diploma or certificate not equal to degree,7551,5987,1564,3549,2969,580,257,209,48,188,151,37,3745,2809,936,1534,1159,375
B0103,21,388,District - Ganjam,Urban,Graduate and above other than technical degree,59340,38247,21093,33305,28228,5077,1846,1321,525,1058,743,315,24189,8698,15491,7421,3671,3750
B0103,21,388,District - Ganjam,Urban,Technical degree or diploma equal to degree or post-graduate degree,16762,11801,4961,9176,7065,2111,422,302,120,255,194,61,7164,4434,2730,2918,1890,1028
B0103,21,389,District - Gajapati,Total,Total,577817,282882,294935,170371,111464,58907,123562,44443,79119,70303,28433,41870,283884,126975,156909,20614,9610,11004
B0103,21,389,District - Gajapati,Total,Illiterate,315280,129219,186061,92549,49076,43473,76294,18740,57554,41907,11543,30364,146437,61403,85034,4635,1144,3491
B0103,21,389,District - Gajapati,Total,Literate,262537,153663,108874,77822,62388,15434,47268,25703,21565,28396,16890,11506,137447,65572,71875,15979,8466,7513
B0103,21,389,District - Gajapati,Total,Literate but below matric/secondary,199587,112500,87087,51885,41279,10606,36955,19340,17615,21652,12333,9319,110747,51881,58866,7314,3332,3982
B0103,21,389,District - Gajapati,Total,Matric/secondary but below graduate,39821,26092,13729,14238,11890,2348,6058,4064,1994,4040,2949,1091,19525,10138,9387,6369,3823,2546
B0103,21,389,District - Gajapati,Total,Technical diploma or certificate not equal to degree,835,668,167,367,291,76,72,59,13,55,47,8,396,318,78,247,195,52
B0103,21,389,District - Gajapati,Total,Graduate and above other than technical degree,8279,5829,2450,4910,4078,832,665,523,142,490,393,97,2704,1228,1476,1276,678,598
B0103,21,389,District - Gajapati,Total,Technical degree or diploma equal to degree or post-graduate degree,2192,1596,596,1236,976,260,160,113,47,113,84,29,796,507,289,362,224,138
B0103,21,389,District - Gajapati,Rural,Total,507151,247655,259496,149121,95194,53927,118144,41685,76459,68096,27110,40986,239886,110776,129110,14929,7059,7870
B0103,21,389,District - Gajapati,Rural,Illiterate,293991,120721,173270,87259,46096,41163,74214,18132,56082,41351,11346,30005,132518,56493,76025,4145,1047,3098
B0103,21,389,District - Gajapati,Rural,Literate,213160,126934,86226,61862,49098,12764,43930,23553,20377,26745,15764,10981,107368,54283,53085,10784,6012,4772
B0103,21,389,District - Gajapati,Rural,Literate but below matric/secondary,170974,98429,72545,44884,35395,9489,34752,18001,16751,20646,11688,8958,91338,45033,46305,5685,2701,2984
B0103,21,389,District - Gajapati,Rural,Matric/secondary but below graduate,26715,18360,8355,9580,7905,1675,5301,3511,1790,3601,2618,983,11834,6944,4890,4039,2619,1420
B0103,21,389,District - Gajapati,Rural,Technical diploma or certificate not equal to degree,432,357,75,176,142,34,55,44,11,41,35,6,201,171,30,133,111,22
B0103,21,389,District - Gajapati,Rural,Graduate and above other than technical degree,3520,2741,779,2071,1769,302,464,364,100,361,294,67,985,608,377,501,341,160
B0103,21,389,District - Gajapati,Rural,Technical degree or diploma equal to degree or post-graduate degree,1036,806,230,523,451,72,126,93,33,93,71,22,387,262,125,124,81,43
B0103,21,389,District - Gajapati,Urban,Total,70666,35227,35439,21250,16270,4980,5418,2758,2660,2207,1323,884,43998,16199,27799,5685,2551,3134
B0103,21,389,District - Gajapati,Urban,Illiterate,21289,8498,12791,5290,2980,2310,2080,608,1472,556,197,359,13919,4910,9009,490,97,393
B0103,21,389,District - Gajapati,Urban,Literate,49377,26729,22648,15960,13290,2670,3338,2150,1188,1651,1126,525,30079,11289,18790,5195,2454,2741
B0103,21,389,District - Gajapati,Urban,Literate but below matric/secondary,28613,14071,14542,7001,5884,1117,2203,1339,864,1006,645,361,19409,6848,12561,1629,631,998
B0103,21,389,District - Gajapati,Urban,Matric/secondary but below graduate,13106,7732,5374,4658,3985,673,757,553,204,439,331,108,7691,3194,4497,2330,1204,1126
B0103,21,389,District - Gajapati,Urban,Technical diploma or certificate not equal to degree,403,311,92,191,149,42,17,15,2,14,12,2,195,147,48,114,84,30
B0103,21,389,District - Gajapati,Urban,Graduate and above other than technical degree,4759,3088,1671,2839,2309,530,201,159,42,129,99,30,1719,620,1099,775,337,438
B0103,21,389,District - Gajapati,Urban,Technical degree or diploma equal to degree or post-graduate degree,1156,790,366,713,525,188,34,20,14,20,13,7,409,245,164,238,143,95
B0103,21,390,District - Kandhamal,Total,Total,733110,359945,373165,167112,123078,44034,188237,70437,117800,115868,50999,64869,377761,166430,211331,30474,12444,18030
B0103,21,390,District - Kandhamal,Total,Illiterate,333324,126045,207279,58671,32943,25728,97332,20061,77271,54549,13550,40999,177321,73041,104280,6034,1030,5004
B0103,21,390,District - Kandhamal,Total,Literate,399786,233900,165886,108441,90135,18306,90905,50376,40529,61319,37449,23870,200440,93389,107051,24440,11414,13026
B0103,21,390,District - Kandhamal,Total,Literate but below matric/secondary,323309,185503,137806,77806,65122,12684,77873,42245,35628,52157,31250,20907,167630,78136,89494,13106,5419,7687
B0103,21,390,District - Kandhamal,Total,Matric/secondary but below graduate,50789,32098,18691,17711,14747,2964,8372,5655,2717,6064,4367,1697,24706,11696,13010,8312,4414,3898
B0103,21,390,District - Kandhamal,Total,Technical diploma or certificate not equal to degree,1367,917,450,717,513,204,74,57,17,60,45,15,576,347,229,288,177,111
B0103,21,390,District - Kandhamal,Total,Graduate and above other than technical degree,11757,8175,3582,7135,5883,1252,1051,783,268,810,620,190,3571,1509,2062,1899,978,921
B0103,21,390,District - Kandhamal,Total,Technical degree or diploma equal to degree or post-graduate degree,2222,1651,571,1538,1203,335,181,103,78,111,62,49,503,345,158,240,170,70
B0103,21,390,District - Kandhamal,Rural,Total,660831,323523,337308,145835,106439,39396,183842,68069,115773,113520,49582,63938,331154,149015,182139,24674,9766,14908
B0103,21,390,District - Kandhamal,Rural,Illiterate,316938,119726,197212,56160,31844,24316,96114,19748,76366,53892,13354,40538,164664,68134,96530,5654,947,4707
B0103,21,390,District - Kandhamal,Rural,Literate,343893,203797,140096,89675,74595,15080,87728,48321,39407,59628,36228,23400,166490,80881,85609,19020,8819,10201
B0103,21,390,District - Kandhamal,Rural,Literate but below matric/secondary,290900,169338,121562,69688,58309,11379,75699,40888,34811,51020,30432,20588,145513,70141,75372,11310,4663,6647
B0103,21,390,District - Kandhamal,Rural,Matric/secondary but below graduate,36366,23949,12417,12464,10307,2157,7751,5223,2528,5737,4123,1614,16151,8419,7732,5998,3236,2762
B0103,21,390,District - Kandhamal,Rural,Technical diploma or certificate not equal to degree,677,446,231,359,253,106,51,39,12,44,33,11,267,154,113,150,86,64
B0103,21,390,District - Kandhamal,Rural,Graduate and above other than technical degree,5828,4292,1536,3360,2801,559,855,642,213,695,536,159,1613,849,764,1017,566,451
B0103,21,390,District - Kandhamal,Rural,Technical degree or diploma equal to degree or post-graduate degree,1165,889,276,770,645,125,161,87,74,101,55,46,234,157,77,105,74,31
B0103,21,390,District - Kandhamal,Urban,Total,72279,36422,35857,21277,16639,4638,4395,2368,2027,2348,1417,931,46607,17415,29192,5800,2678,3122
B0103,21,390,District - Kandhamal,Urban,Illiterate,16386,6319,10067,2511,1099,1412,1218,313,905,657,196,461,12657,4907,7750,380,83,297
B0103,21,390,District - Kandhamal,Urban,Literate,55893,30103,25790,18766,15540,3226,3177,2055,1122,1691,1221,470,33950,12508,21442,5420,2595,2825
B0103,21,390,District - Kandhamal,Urban,Literate but below matric/secondary,32409,16165,16244,8118,6813,1305,2174,1357,817,1137,818,319,22117,7995,14122,1796,756,1040
B0103,21,390,District - Kandhamal,Urban,Matric/secondary but below graduate,14423,8149,6274,5247,4440,807,621,432,189,327,244,83,8555,3277,5278,2314,1178,1136
B0103,21,390,District - Kandhamal,Urban,Technical diploma or certificate not equal to degree,690,471,219,358,260,98,23,18,5,16,12,4,309,193,116,138,91,47
B0103,21,390,District - Kandhamal,Urban,Graduate and above other than technical degree,5929,3883,2046,3775,3082,693,196,141,55,115,84,31,1958,660,1298,882,412,470
B0103,21,390,District - Kandhamal,Urban,Technical degree or diploma equal to degree or post-graduate degree,1057,762,295,768,558,210,20,16,4,10,7,3,269,188,81,135,96,39
B0103,21,391,District - Baudh,Total,Total,441162,221625,219537,123724,92432,31292,95733,33195,62538,51314,21782,29532,221705,95998,125707,18873,8085,10788
B0103,21,391,District - Baudh,Total,Illiterate,169550,62977,106573,34424,18077,16347,38955,6493,32462,19417,4076,15341,96171,38407,57764,3427,486,2941
B0103,21,391,District - Baudh,Total,Literate,271612,158648,112964,89300,74355,14945,56778,26702,30076,31897,17706,14191,125534,57591,67943,15446,7599,7847
B0103,21,391,District - Baudh,Total,Literate but below matric/secondary,225602,128963,96639,70881,58822,12059,48689,22122,26567,27019,14548,12471,106032,48019,58013,9211,3928,5283
B0103,21,391,District - Baudh,Total,Matric/secondary but below graduate,29439,18968,10471,10329,8891,1438,4902,2992,1910,3077,2111,966,14208,7085,7123,4653,2738,1915
B0103,21,391,District - Baudh,Total,Technical diploma or certificate not equal to degree,536,407,129,265,197,68,48,40,8,37,33,4,223,170,53,137,102,35
B0103,21,391,District - Baudh,Total,Graduate and above other than technical degree,6082,4495,1587,3570,3137,433,651,493,158,460,371,89,1861,865,996,918,553,365
B0103,21,391,District - Baudh,Total,Technical degree or diploma equal to degree or post-graduate degree,1431,1111,320,967,797,170,104,57,47,48,31,17,360,257,103,116,87,29
B0103,21,391,District - Baudh,Rural,Total,420738,211133,209605,117656,87582,30074,94667,32609,62058,50896,21478,29418,208415,90942,117473,17276,7165,10111
B0103,21,391,District - Baudh,Rural,Illiterate,165022,61269,103753,33662,17735,15927,38695,6436,32259,19370,4057,15313,92665,37098,55567,3356,457,2899
B0103,21,391,District - Baudh,Rural,Literate,255716,149864,105852,83994,69847,14147,55972,26173,29799,31526,17421,14105,115750,53844,61906,13920,6708,7212
B0103,21,391,District - Baudh,Rural,Literate but below matric/secondary,216353,124118,92235,68476,56738,11738,48170,21815,26355,26834,14418,12416,99707,45565,54142,8686,3601,5085
B0103,21,391,District - Baudh,Rural,Matric/secondary but below graduate,25264,16609,8655,8874,7627,1247,4707,2841,1866,2943,2001,942,11683,6141,5542,3974,2354,1620
B0103,21,391,District - Baudh,Rural,Technical diploma or certificate not equal to degree,434,338,96,212,162,50,45,38,7,36,32,4,177,138,39,108,82,26
B0103,21,391,District - Baudh,Rural,Graduate and above other than technical degree,4385,3372,1013,2557,2284,273,577,434,143,415,332,83,1251,654,597,700,441,259
B0103,21,391,District - Baudh,Rural,Technical degree or diploma equal to degree or post-graduate degree,1059,860,199,699,608,91,99,54,45,44,28,16,261,198,63,76,59,17
B0103,21,391,District - Baudh,Urban,Total,20424,10492,9932,6068,4850,1218,1066,586,480,418,304,114,13290,5056,8234,1597,920,677
B0103,21,391,District - Baudh,Urban,Illiterate,4528,1708,2820,762,342,420,260,57,203,47,19,28,3506,1309,2197,71,29,42
B0103,21,391,District - Baudh,Urban,Literate,15896,8784,7112,5306,4508,798,806,529,277,371,285,86,9784,3747,6037,1526,891,635
B0103,21,391,District - Baudh,Urban,Literate but below matric/secondary,9249,4845,4404,2405,2084,321,519,307,212,185,130,55,6325,2454,3871,525,327,198
B0103,21,391,District - Baudh,Urban,Matric/secondary but below graduate,4175,2359,1816,1455,1264,191,195,151,44,134,110,24,2525,944,1581,679,384,295
B0103,21,391,District - Baudh,Urban,Technical diploma or certificate not equal to degree,102,69,33,53,35,18,3,2,1,1,1,0,46,32,14,29,20,9
B0103,21,391,District - Baudh,Urban,Graduate and above other than technical degree,1697,1123,574,1013,853,160,74,59,15,45,39,6,610,211,399,218,112,106
B0103,21,391,District - Baudh,Urban,Technical degree or diploma equal to degree or post-graduate degree,372,251,121,268,189,79,5,3,2,4,3,1,99,59,40,40,28,12
B0103,21,392,District - Subarnapur,Total,Total,610183,311312,298871,170218,136043,34175,116443,45552,70891,64610,30986,33624,323522,129717,193805,37641,16037,21604
B0103,21,392,District - Subarnapur,Total,Illiterate,211762,80919,130843,40151,24225,15926,42005,8069,33936,20614,4937,15677,129606,48625,80981,6051,911,5140
B0103,21,392,District - Subarnapur,Total,Literate,398421,230393,168028,130067,111818,18249,74438,37483,36955,43996,26049,17947,193916,81092,112824,31590,15126,16464
B0103,21,392,District - Subarnapur,Total,Literate but below matric/secondary,310632,175200,135432,96159,82562,13597,61398,29627,31771,35766,20437,15329,153075,63011,90064,17325,7160,10165
B0103,21,392,District - Subarnapur,Total,Matric/secondary but below graduate,61866,37990,23876,21099,18358,2741,8875,5539,3336,5766,4041,1725,31892,14093,17799,11037,6055,4982
B0103,21,392,District - Subarnapur,Total,Technical diploma or certificate not equal to degree,996,761,235,541,409,132,64,54,10,47,39,8,391,298,93,227,179,48
B0103,21,392,District - Subarnapur,Total,Graduate and above other than technical degree,12446,9225,3221,7280,6500,780,1236,943,293,874,709,165,3930,1782,2148,2089,1265,824
B0103,21,392,District - Subarnapur,Total,Technical degree or diploma equal to degree or post-graduate degree,2203,1778,425,1383,1189,194,142,82,60,71,46,25,678,507,171,259,200,59
B0103,21,392,District - Subarnapur,Rural,Total,560242,285634,274608,155169,123467,31702,113048,44028,69020,63285,30215,33070,292025,118139,173886,33992,14164,19828
B0103,21,392,District - Subarnapur,Rural,Illiterate,198744,75968,122776,38066,22983,15083,40877,7824,33053,20265,4842,15423,119801,45161,74640,5716,846,4870
B0103,21,392,District - Subarnapur,Rural,Literate,361498,209666,151832,117103,100484,16619,72171,36204,35967,43020,25373,17647,172224,72978,99246,28276,13318,14958
B0103,21,392,District - Subarnapur,Rural,Literate but below matric/secondary,287702,163010,124692,89320,76466,12854,59723,28756,30967,35136,20016,15120,138659,57788,80871,16033,6509,9524
B0103,21,392,District - Subarnapur,Rural,Matric/secondary but below graduate,53009,32783,20226,17898,15528,2370,8499,5272,3227,5556,3881,1675,26612,11983,14629,9711,5293,4418
B0103,21,392,District - Subarnapur,Rural,Technical diploma or certificate not equal to degree,753,596,157,404,323,81,55,49,6,40,36,4,294,224,70,171,139,32
B0103,21,392,District - Subarnapur,Rural,Graduate and above other than technical degree,9057,6923,2134,5200,4713,487,1105,850,255,778,640,138,2752,1360,1392,1609,1008,601
B0103,21,392,District - Subarnapur,Rural,Technical degree or diploma equal to degree or post-graduate degree,1606,1334,272,1015,912,103,129,70,59,63,39,24,462,352,110,171,134,37
B0103,21,392,District - Subarnapur,Urban,Total,49941,25678,24263,15049,12576,2473,3395,1524,1871,1325,771,554,31497,11578,19919,3649,1873,1776
B0103,21,392,District - Subarnapur,Urban,Illiterate,13018,4951,8067,2085,1242,843,1128,245,883,349,95,254,9805,3464,6341,335,65,270
B0103,21,392,District - Subarnapur,Urban,Literate,36923,20727,16196,12964,11334,1630,2267,1279,988,976,676,300,21692,8114,13578,3314,1808,1506
B0103,21,392,District - Subarnapur,Urban,Literate but below matric/secondary,22930,12190,10740,6839,6096,743,1675,871,804,630,421,209,14416,5223,9193,1292,651,641
B0103,21,392,District - Subarnapur,Urban,Matric/secondary but below graduate,8857,5207,3650,3201,2830,371,376,267,109,210,160,50,5280,2110,3170,1326,762,564
B0103,21,392,District - Subarnapur,Urban,Technical diploma or certificate not equal to degree,243,165,78,137,86,51,9,5,4,7,3,4,97,74,23,56,40,16
B0103,21,392,District - Subarnapur,Urban,Graduate and above other than technical degree,3389,2302,1087,2080,1787,293,131,93,38,96,69,27,1178,422,756,480,257,223
B0103,21,392,District - Subarnapur,Urban,Technical degree or diploma equal to degree or post-graduate degree,597,444,153,368,277,91,13,12,1,8,7,1,216,155,61,88,66,22
B0103,21,393,District - Balangir,Total,Total,1648997,830097,818900,402227,332355,69872,318374,137601,180773,180213,92056,88157,928396,360141,568255,107764,42861,64903
B0103,21,393,District - Balangir,Total,Illiterate,721737,284425,437312,131229,91014,40215,158621,43219,115402,83366,27451,55915,431887,150192,281695,27496,4129,23367
B0103,21,393,District - Balangir,Total,Literate,927260,545672,381588,270998,241341,29657,159753,94382,65371,96847,64605,32242,496509,209949,286560,80268,38732,41536
B0103,21,393,District - Balangir,Total,Literate but below matric/secondary,692358,395378,296980,182712,163790,18922,125201,71397,53804,74405,48305,26100,384445,160191,224254,42402,17531,24871
B0103,21,393,District - Balangir,Total,Matric/secondary but below graduate,151658,96388,55270,50435,45074,5361,20852,14805,6047,14191,10808,3383,80371,36509,43862,27559,15547,12012
B0103,21,393,District - Balangir,Total,Technical diploma or certificate not equal to degree,3671,2958,713,1853,1535,318,228,190,38,177,152,25,1590,1233,357,923,724,199
B0103,21,393,District - Balangir,Total,Graduate and above other than technical degree,36571,25539,11032,20224,17757,2467,3278,2567,711,2238,1821,417,13069,5215,7854,5898,3184,2714
B0103,21,393,District - Balangir,Total,Technical degree or diploma equal to degree or post-graduate degree,6327,4787,1540,3718,3044,674,446,339,107,273,218,55,2163,1404,759,836,573,263
B0103,21,393,District - Balangir,Rural,Total,1451616,728770,722846,346025,285198,60827,307264,130465,176799,174796,88360,86436,798327,313107,485220,90087,34972,55115
B0103,21,393,District - Balangir,Rural,Illiterate,670959,263888,407071,123141,85880,37261,155821,41946,113875,82129,26842,55287,391997,136062,255935,25638,3711,21927
B0103,21,393,District - Balangir,Rural,Literate,780657,464882,315775,222884,199318,23566,151443,88519,62924,92667,61518,31149,406330,177045,229285,64449,31261,33188
B0103,21,393,District - Balangir,Rural,Literate but below matric/secondary,617212,356758,260454,164569,147542,17027,120933,68374,52559,72401,46775,25626,331710,140842,190868,37023,15228,21795
B0103,21,393,District - Balangir,Rural,Matric/secondary but below graduate,109906,72885,37021,36098,32384,3714,18448,13101,5347,12905,9868,3037,55360,27400,27960,21162,12340,8822
B0103,21,393,District - Balangir,Rural,Technical diploma or certificate not equal to degree,1910,1570,340,847,693,154,137,114,23,110,94,16,926,763,163,565,467,98
B0103,21,393,District - Balangir,Rural,Graduate and above other than technical degree,16928,13108,3820,9282,8373,909,2254,1847,407,1678,1438,240,5392,2888,2504,3198,2036,1162
B0103,21,393,District - Balangir,Rural,Technical degree or diploma equal to degree or post-graduate degree,2833,2358,475,1657,1491,166,308,239,69,195,161,34,868,628,240,319,234,85
B0103,21,393,District - Balangir,Urban,Total,197381,101327,96054,56202,47157,9045,11110,7136,3974,5417,3696,1721,130069,47034,83035,17677,7889,9788
B0103,21,393,District - Balangir,Urban,Illiterate,50778,20537,30241,8088,5134,2954,2800,1273,1527,1237,609,628,39890,14130,25760,1858,418,1440
B0103,21,393,District - Balangir,Urban,Literate,146603,80790,65813,48114,42023,6091,8310,5863,2447,4180,3087,1093,90179,32904,57275,15819,7471,8348
B0103,21,393,District - Balangir,Urban,Literate but below matric/secondary,75146,38620,36526,18143,16248,1895,4268,3023,1245,2004,1530,474,52735,19349,33386,5379,2303,3076
B0103,21,393,District - Balangir,Urban,Matric/secondary but below graduate,41752,23503,18249,14337,12690,1647,2404,1704,700,1286,940,346,25011,9109,15902,6397,3207,3190
B0103,21,393,District - Balangir,Urban,Technical diploma or certificate not equal to degree,1761,1388,373,1006,842,164,91,76,15,67,58,9,664,470,194,358,257,101
B0103,21,393,District - Balangir,Urban,Graduate and above other than technical degree,19643,12431,7212,10942,9384,1558,1024,720,304,560,383,177,7677,2327,5350,2700,1148,1552
B0103,21,393,District - Balangir,Urban,Technical degree or diploma equal to degree or post-graduate degree,3494,2429,1065,2061,1553,508,138,100,38,78,57,21,1295,776,519,517,339,178
B0103,21,394,District - Nuapada,Total,Total,610382,301962,308420,151694,116827,34867,153744,51328,102416,90187,34163,56024,304944,133807,171137,29207,13274,15933
B0103,21,394,District - Nuapada,Total,Illiterate,310999,121059,189940,63672,40704,22968,90669,17921,72748,51170,11400,39770,156658,62434,94224,8843,2397,6446
B0103,21,394,District - Nuapada,Total,Literate,299383,180903,118480,88022,76123,11899,63075,33407,29668,39017,22763,16254,148286,71373,76913,20364,10877,9487
B0103,21,394,District - Nuapada,Total,Literate but below matric/secondary,225969,132058,93911,58256,50580,7676,47947,23910,24037,28814,15812,13002,119766,57568,62198,9936,4939,4997
B0103,21,394,District - Nuapada,Total,Matric/secondary but below graduate,50264,33670,16594,18735,16303,2432,10432,6896,3536,7309,5174,2135,21097,10471,10626,8046,4648,3398
B0103,21,394,District - Nuapada,Total,Technical diploma or certificate not equal to degree,899,661,238,486,350,136,91,79,12,68,60,8,322,232,90,192,140,52
B0103,21,394,District - Nuapada,Total,Graduate and above other than technical degree,8090,5701,2389,4723,4079,644,872,673,199,608,501,107,2495,949,1546,1200,627,573
B0103,21,394,District - Nuapada,Total,Technical degree or diploma equal to degree or post-graduate degree,1510,1216,294,956,824,132,149,121,28,84,69,15,405,271,134,175,118,57
B0103,21,394,District - Nuapada,Rural,Total,576328,284792,291536,141621,108658,32963,151261,50020,101241,89028,33457,55571,283446,126114,157332,26492,12117,14375
B0103,21,394,District - Nuapada,Rural,Illiterate,300464,116855,183609,61709,39534,22175,89773,17622,72151,50823,11285,39538,148982,59699,89283,8455,2321,6134
B0103,21,394,District - Nuapada,Rural,Literate,275864,167937,107927,79912,69124,10788,61488,32398,29090,38205,22172,16033,134464,66415,68049,18037,9796,8241
B0103,21,394,District - Nuapada,Rural,Literate but below matric/secondary,212683,125091,87592,54806,47535,7271,46953,23287,23666,28336,15455,12881,110924,54269,56655,9055,4570,4485
B0103,21,394,District - Nuapada,Rural,Matric/secondary but below graduate,43530,29777,13753,15991,13929,2062,10005,6607,3398,7057,4990,2067,17534,9241,8293,7090,4160,2930
B0103,21,394,District - Nuapada,Rural,Technical diploma or certificate not equal to degree,700,522,178,370,273,97,79,70,9,61,55,6,251,179,72,156,112,44
B0103,21,394,District - Nuapada,Rural,Graduate and above other than technical degree,5771,4284,1487,3362,2919,443,782,626,156,558,472,86,1627,739,888,894,501,393
B0103,21,394,District - Nuapada,Rural,Technical degree or diploma equal to degree or post-graduate degree,1111,939,172,706,625,81,138,113,25,78,65,13,267,201,66,114,84,30
B0103,21,394,District - Nuapada,Urban,Total,34054,17170,16884,10073,8169,1904,2483,1308,1175,1159,706,453,21498,7693,13805,2715,1157,1558
B0103,21,394,District - Nuapada,Urban,Illiterate,10535,4204,6331,1963,1170,793,896,299,597,347,115,232,7676,2735,4941,388,76,312
B0103,21,394,District - Nuapada,Urban,Literate,23519,12966,10553,8110,6999,1111,1587,1009,578,812,591,221,13822,4958,8864,2327,1081,1246
B0103,21,394,District - Nuapada,Urban,Literate but below matric/secondary,13286,6967,6319,3450,3045,405,994,623,371,478,357,121,8842,3299,5543,881,369,512
B0103,21,394,District - Nuapada,Urban,Matric/secondary but below graduate,6734,3893,2841,2744,2374,370,427,289,138,252,184,68,3563,1230,2333,956,488,468
B0103,21,394,District - Nuapada,Urban,Technical diploma or certificate not equal to degree,199,139,60,116,77,39,12,9,3,7,5,2,71,53,18,36,28,8
B0103,21,394,District - Nuapada,Urban,Graduate and above other than technical degree,2319,1417,902,1361,1160,201,90,47,43,50,29,21,868,210,658,306,126,180
B0103,21,394,District - Nuapada,Urban,Technical degree or diploma equal to degree or post-graduate degree,399,277,122,250,199,51,11,8,3,6,4,2,138,70,68,61,34,27
B0103,21,395,District - Kalahandi,Total,Total,1576869,787101,789768,376757,299835,76922,375173,147455,227718,235473,109467,126006,824939,339811,485128,81176,31682,49494
B0103,21,395,District - Kalahandi,Total,Illiterate,774833,302924,471909,148619,96415,52204,218578,55685,162893,130546,40003,90543,407636,150824,256812,22335,3279,19056
B0103,21,395,District - Kalahandi,Total,Literate,802036,484177,317859,228138,203420,24718,156595,91770,64825,104927,69464,35463,417303,188987,228316,58841,28403,30438
B0103,21,395,District - Kalahandi,Total,Literate but below matric/secondary,614316,359282,255034,154729,138494,16235,123070,69547,53523,81137,52036,29101,336517,151241,185276,29584,11900,17684
B0103,21,395,District - Kalahandi,Total,Matric/secondary but below graduate,125112,83893,41219,44493,40106,4387,20473,14951,5522,15215,11990,3225,60146,28836,31310,22395,12768,9627
B0103,21,395,District - Kalahandi,Total,Technical diploma or certificate not equal to degree,2196,1732,464,1153,934,219,144,120,24,125,110,15,899,678,221,523,397,126
B0103,21,395,District - Kalahandi,Total,Graduate and above other than technical degree,23921,17345,6576,13865,12283,1582,2137,1682,455,1641,1390,251,7919,3380,4539,4009,2227,1782
B0103,21,395,District - Kalahandi,Total,Technical degree or diploma equal to degree or post-graduate degree,4860,3772,1088,3052,2599,453,468,299,169,265,178,87,1340,874,466,478,339,139
B0103,21,395,District - Kalahandi,Rural,Total,1454882,724646,730236,341282,270438,70844,367994,143448,224546,231250,106834,124416,745606,310760,434846,70016,26771,43245
B0103,21,395,District - Kalahandi,Rural,Illiterate,741120,289316,451804,142306,92485,49821,216106,54836,161270,129113,39429,89684,382708,141995,240713,21058,3051,18007
B0103,21,395,District - Kalahandi,Rural,Literate,713762,435330,278432,198976,177953,21023,151888,88612,63276,102137,67405,34732,362898,168765,194133,48958,23720,25238
B0103,21,395,District - Kalahandi,Rural,Literate but below matric/secondary,566153,334336,231817,143284,128279,15005,120404,67768,52636,79630,50903,28727,302465,138289,164176,25985,10265,15720
B0103,21,395,District - Kalahandi,Rural,Matric/secondary but below graduate,99868,69511,30357,35124,31819,3305,19147,14034,5113,14376,11372,3004,45597,23658,21939,18241,10768,7473
B0103,21,395,District - Kalahandi,Rural,Technical diploma or certificate not equal to degree,1350,1107,243,678,570,108,117,101,16,103,93,10,555,436,119,370,288,82
B0103,21,395,District - Kalahandi,Rural,Graduate and above other than technical degree,13950,10800,3150,7967,7227,740,1710,1406,304,1371,1196,175,4273,2167,2106,2493,1526,967
B0103,21,395,District - Kalahandi,Rural,Technical degree or diploma equal to degree or post-graduate degree,3143,2601,542,1970,1793,177,392,244,148,218,144,74,781,564,217,273,209,64
B0103,21,395,District - Kalahandi,Urban,Total,121987,62455,59532,35475,29397,6078,7179,4007,3172,4223,2633,1590,79333,29051,50282,11160,4911,6249
B0103,21,395,District - Kalahandi,Urban,Illiterate,33713,13608,20105,6313,3930,2383,2472,849,1623,1433,574,859,24928,8829,16099,1277,228,1049
B0103,21,395,District - Kalahandi,Urban,Literate,88274,48847,39427,29162,25467,3695,4707,3158,1549,2790,2059,731,54405,20222,34183,9883,4683,5200
B0103,21,395,District - Kalahandi,Urban,Literate but below matric/secondary,48163,24946,23217,11445,10215,1230,2666,1779,887,1507,1133,374,34052,12952,21100,3599,1635,1964
B0103,21,395,District - Kalahandi,Urban,Matric/secondary but below graduate,25244,14382,10862,9369,8287,1082,1326,917,409,839,618,221,14549,5178,9371,4154,2000,2154
B0103,21,395,District - Kalahandi,Urban,Technical diploma or certificate not equal to degree,846,625,221,475,364,111,27,19,8,22,17,5,344,242,102,153,109,44
B0103,21,395,District - Kalahandi,Urban,Graduate and above other than technical degree,9971,6545,3426,5898,5056,842,427,276,151,270,194,76,3646,1213,2433,1516,701,815
B0103,21,395,District - Kalahandi,Urban,Technical degree or diploma equal to degree or post-graduate degree,1717,1171,546,1082,806,276,76,55,21,47,34,13,559,310,249,205,130,75
B0103,21,396,District - Rayagada  ,Total,Total,967911,471960,495951,227815,164965,62850,239307,93067,146240,144144,63947,80197,500789,213928,286861,40058,17128,22930
B0103,21,396,District - Rayagada  ,Total,Illiterate,560176,230001,330175,117637,71699,45938,170415,50111,120304,99598,33968,65630,272124,108191,163933,13206,3038,10168
B0103,21,396,District - Rayagada  ,Total,Literate,407735,241959,165776,110178,93266,16912,68892,42956,25936,44546,29979,14567,228665,105737,122928,26852,14090,12762
B0103,21,396,District - Rayagada  ,Total,Literate but below matric/secondary,298843,171825,127018,66440,56016,10424,52455,32038,20417,34282,22872,11410,179948,83771,96177,12894,6012,6882
B0103,21,396,District - Rayagada  ,Total,Matric/secondary but below graduate,63553,40654,22899,23371,20367,3004,7588,5640,1948,4596,3511,1085,32594,14647,17947,9395,5392,4003
B0103,21,396,District - Rayagada  ,Total,Technical diploma or certificate not equal to degree,2544,2108,436,1181,1009,172,149,133,16,107,94,13,1214,966,248,612,526,86
B0103,21,396,District - Rayagada  ,Total,Graduate and above other than technical degree,15983,10729,5254,9334,7953,1381,1016,762,254,578,432,146,5633,2014,3619,2173,1133,1040
B0103,21,396,District - Rayagada  ,Total,Technical degree or diploma equal to degree or post-graduate degree,4064,3083,981,2462,2025,437,237,172,65,158,119,39,1365,886,479,605,427,178
B0103,21,396,District - Rayagada  ,Rural,Total,820945,397774,423171,183867,129598,54269,229832,88198,141634,139798,61501,78297,407246,179978,227268,29164,11916,17248
B0103,21,396,District - Rayagada  ,Rural,Illiterate,515187,212144,303043,108220,66025,42195,166195,48549,117646,97791,33220,64571,240772,97570,143202,11851,2759,9092
B0103,21,396,District - Rayagada  ,Rural,Literate,305758,185630,120128,75647,63573,12074,63637,39649,23988,42007,28281,13726,166474,82408,84066,17313,9157,8156
B0103,21,396,District - Rayagada  ,Rural,Literate but below matric/secondary,245478,145084,100394,53146,44671,8475,49543,30314,19229,32952,22023,10929,142789,70099,72690,9982,4767,5215
B0103,21,396,District - Rayagada  ,Rural,Matric/secondary but below graduate,33372,23107,10265,12046,10348,1698,6160,4662,1498,3880,3005,875,15166,8097,7069,5250,3172,2078
B0103,21,396,District - Rayagada  ,Rural,Technical diploma or certificate not equal to degree,1057,905,152,477,405,72,76,67,9,58,50,8,504,433,71,288,250,38
B0103,21,396,District - Rayagada  ,Rural,Graduate and above other than technical degree,5073,3651,1422,2990,2543,447,566,465,101,328,267,61,1517,643,874,745,404,341
B0103,21,396,District - Rayagada  ,Rural,Technical degree or diploma equal to degree or post-graduate degree,1207,950,257,744,628,116,141,107,34,98,78,20,322,215,107,146,98,48
B0103,21,396,District - Rayagada  ,Urban,Total,146966,74186,72780,43948,35367,8581,9475,4869,4606,4346,2446,1900,93543,33950,59593,10894,5212,5682
B0103,21,396,District - Rayagada  ,Urban,Illiterate,44989,17857,27132,9417,5674,3743,4220,1562,2658,1807,748,1059,31352,10621,20731,1355,279,1076
B0103,21,396,District - Rayagada  ,Urban,Literate,101977,56329,45648,34531,29693,4838,5255,3307,1948,2539,1698,841,62191,23329,38862,9539,4933,4606
B0103,21,396,District - Rayagada  ,Urban,Literate but below matric/secondary,53365,26741,26624,13294,11345,1949,2912,1724,1188,1330,849,481,37159,13672,23487,2912,1245,1667
B0103,21,396,District - Rayagada  ,Urban,Matric/secondary but below graduate,30181,17547,12634,11325,10019,1306,1428,978,450,716,506,210,17428,6550,10878,4145,2220,1925
B0103,21,396,District - Rayagada  ,Urban,Technical diploma or certificate not equal to degree,1487,1203,284,704,604,100,73,66,7,49,44,5,710,533,177,324,276,48
B0103,21,396,District - Rayagada  ,Urban,Graduate and above other than technical degree,10910,7078,3832,6344,5410,934,450,297,153,250,165,85,4116,1371,2745,1428,729,699
B0103,21,396,District - Rayagada  ,Urban,Technical degree or diploma equal to degree or post-graduate degree,2857,2133,724,1718,1397,321,96,65,31,60,41,19,1043,671,372,459,329,130
B0103,21,397,District - Nabarangapur ,Total,Total,1220946,604812,616134,279115,227544,51571,331791,115097,216694,178304,75391,102913,610040,262171,347869,42547,15077,27470
B0103,21,397,District - Nabarangapur ,Total,Illiterate,750567,317828,432739,149775,112198,37577,234271,58813,175458,120842,37818,83024,366521,146817,219704,18286,3363,14923
B0103,21,397,District - Nabarangapur ,Total,Literate,470379,286984,183395,129340,115346,13994,97520,56284,41236,57462,37573,19889,243519,115354,128165,24261,11714,12547
B0103,21,397,District - Nabarangapur ,Total,Literate but below matric/secondary,390164,234519,155645,95531,86599,8932,82118,47160,34958,48182,31388,16794,212515,100760,111755,14941,6644,8297
B0103,21,397,District - Nabarangapur ,Total,Matric/secondary but below graduate,44699,29296,15403,17480,14911,2569,6825,4553,2272,4444,3242,1202,20394,9832,10562,6759,3794,2965
B0103,21,397,District - Nabarangapur ,Total,Technical diploma or certificate not equal to degree,1325,943,382,848,614,234,78,55,23,56,39,17,399,274,125,236,159,77
B0103,21,397,District - Nabarangapur ,Total,Graduate and above other than technical degree,8550,5873,2677,5417,4502,915,674,481,193,442,332,110,2459,890,1569,1179,534,645
B0103,21,397,District - Nabarangapur ,Total,Technical degree or diploma equal to degree or post-graduate degree,1958,1455,503,1295,1059,236,225,141,84,149,99,50,438,255,183,185,121,64
B0103,21,397,District - Nabarangapur ,Rural,Total,1133321,560771,572550,254500,207976,46524,322672,110456,212216,174361,73175,101186,556149,242339,313810,35779,12420,23359
B0103,21,397,District - Nabarangapur ,Rural,Illiterate,722786,306550,416236,144933,109167,35766,230340,57359,172981,119204,37152,82052,347513,140024,207489,17289,3173,14116
B0103,21,397,District - Nabarangapur ,Rural,Literate,410535,254221,156314,109567,98809,10758,92332,53097,39235,55157,36023,19134,208636,102315,106321,18490,9247,9243
B0103,21,397,District - Nabarangapur ,Rural,Literate but below matric/secondary,354119,215818,138301,86823,79083,7740,78511,44916,33595,46672,30337,16335,188785,91819,96966,12663,5805,6858
B0103,21,397,District - Nabarangapur ,Rural,Matric/secondary but below graduate,29815,20760,9055,11530,9942,1588,5879,3978,1901,3957,2925,1032,12406,6840,5566,4420,2686,1734
B0103,21,397,District - Nabarangapur ,Rural,Technical diploma or certificate not equal to degree,637,498,139,427,340,87,48,35,13,34,25,9,162,123,39,103,75,28
B0103,21,397,District - Nabarangapur ,Rural,Graduate and above other than technical degree,3400,2561,839,2150,1833,317,408,319,89,291,245,46,842,409,433,461,259,202
B0103,21,397,District - Nabarangapur ,Rural,Technical degree or diploma equal to degree or post-graduate degree,926,720,206,610,541,69,184,110,74,123,81,42,132,69,63,46,31,15
B0103,21,397,District - Nabarangapur ,Urban,Total,87625,44041,43584,24615,19568,5047,9119,4641,4478,3943,2216,1727,53891,19832,34059,6768,2657,4111
B0103,21,397,District - Nabarangapur ,Urban,Illiterate,27781,11278,16503,4842,3031,1811,3931,1454,2477,1638,666,972,19008,6793,12215,997,190,807
B0103,21,397,District - Nabarangapur ,Urban,Literate,59844,32763,27081,19773,16537,3236,5188,3187,2001,2305,1550,755,34883,13039,21844,5771,2467,3304
B0103,21,397,District - Nabarangapur ,Urban,Literate but below matric/secondary,36045,18701,17344,8708,7516,1192,3607,2244,1363,1510,1051,459,23730,8941,14789,2278,839,1439
B0103,21,397,District - Nabarangapur ,Urban,Matric/secondary but below graduate,14884,8536,6348,5950,4969,981,946,575,371,487,317,170,7988,2992,4996,2339,1108,1231
B0103,21,397,District - Nabarangapur ,Urban,Technical diploma or certificate not equal to degree,688,445,243,421,274,147,30,20,10,22,14,8,237,151,86,133,84,49
B0103,21,397,District - Nabarangapur ,Urban,Graduate and above other than technical degree,5150,3312,1838,3267,2669,598,266,162,104,151,87,64,1617,481,1136,718,275,443
B0103,21,397,District - Nabarangapur ,Urban,Technical degree or diploma equal to degree or post-graduate degree,1032,735,297,685,518,167,41,31,10,26,18,8,306,186,120,139,90,49
B0103,21,398,District - Koraput,Total,Total,1379647,678809,700838,396460,286001,110459,296946,98052,198894,160387,64035,96352,686241,294756,391485,50067,20424,29643
B0103,21,398,District - Koraput,Total,Illiterate,811557,337966,473591,212227,128332,83895,217158,51717,165441,113188,33187,80001,382172,157917,224255,15636,3466,12170
B0103,21,398,District - Koraput,Total,Literate,568090,340843,227247,184233,157669,26564,79788,46335,33453,47199,30848,16351,304069,136839,167230,34431,16958,17473
B0103,21,398,District - Koraput,Total,Literate but below matric/secondary,421854,248680,173174,116533,100547,15986,64852,37540,27312,38053,24796,13257,240469,110593,129876,16026,7530,8496
B0103,21,398,District - Koraput,Total,Matric/secondary but below graduate,81637,50665,30972,33949,29507,4442,6134,4129,2005,3959,2930,1029,41554,17029,24525,11690,6100,5590
B0103,21,398,District - Koraput,Total,Technical diploma or certificate not equal to degree,6027,4988,1039,3783,3251,532,201,172,29,148,129,19,2043,1565,478,1115,863,252
B0103,21,398,District - Koraput,Total,Graduate and above other than technical degree,24695,15171,9524,14870,12145,2725,948,582,366,565,373,192,8877,2444,6433,3569,1339,2230
B0103,21,398,District - Koraput,Total,Technical degree or diploma equal to degree or post-graduate degree,5262,3768,1494,3545,2770,775,192,130,62,94,72,22,1525,868,657,716,453,263
B0103,21,398,District - Koraput,Rural,Total,1153478,563771,589707,323033,228025,95008,287580,93365,194215,156254,61521,94733,542865,242381,300484,33457,13183,20274
B0103,21,398,District - Koraput,Rural,Illiterate,749053,312845,436208,198301,120986,77315,213454,50523,162931,111845,32606,79239,337298,141336,195962,13970,3109,10861
B0103,21,398,District - Koraput,Rural,Literate,404425,250926,153499,124732,107039,17693,74126,42842,31284,44409,28915,15494,205567,101045,104522,19487,10074,9413
B0103,21,398,District - Koraput,Rural,Literate but below matric/secondary,336023,205072,130951,93757,81019,12738,61526,35528,25998,36514,23707,12807,180740,88525,92215,11713,5633,6080
B0103,21,398,District - Koraput,Rural,Matric/secondary but below graduate,35609,24443,11166,15927,13612,2315,4751,3231,1520,3232,2428,804,14931,7600,7331,5517,3167,2350
B0103,21,398,District - Koraput,Rural,Technical diploma or certificate not equal to degree,1348,1091,257,699,559,140,101,85,16,75,66,9,548,447,101,303,258,45
B0103,21,398,District - Koraput,Rural,Graduate and above other than technical degree,5761,4043,1718,3735,3123,612,431,288,143,272,206,66,1595,632,963,874,433,441
B0103,21,398,District - Koraput,Rural,Technical degree or diploma equal to degree or post-graduate degree,1150,877,273,777,651,126,103,67,36,44,33,11,270,159,111,117,82,35
B0103,21,398,District - Koraput,Urban,Total,226169,115038,111131,73427,57976,15451,9366,4687,4679,4133,2514,1619,143376,52375,91001,16610,7241,9369
B0103,21,398,District - Koraput,Urban,Illiterate,62504,25121,37383,13926,7346,6580,3704,1194,2510,1343,581,762,44874,16581,28293,1666,357,1309
B0103,21,398,District - Koraput,Urban,Literate,163665,89917,73748,59501,50630,8871,5662,3493,2169,2790,1933,857,98502,35794,62708,14944,6884,8060
B0103,21,398,District - Koraput,Urban,Literate but below matric/secondary,85831,43608,42223,22776,19528,3248,3326,2012,1314,1539,1089,450,59729,22068,37661,4313,1897,2416
B0103,21,398,District - Koraput,Urban,Matric/secondary but below graduate,46028,26222,19806,18022,15895,2127,1383,898,485,727,502,225,26623,9429,17194,6173,2933,3240
B0103,21,398,District - Koraput,Urban,Technical diploma or certificate not equal to degree,4679,3897,782,3084,2692,392,100,87,13,73,63,10,1495,1118,377,812,605,207
B0103,21,398,District - Koraput,Urban,Graduate and above other than technical degree,18934,11128,7806,11135,9022,2113,517,294,223,293,167,126,7282,1812,5470,2695,906,1789
B0103,21,398,District - Koraput,Urban,Technical degree or diploma equal to degree or post-graduate degree,4112,2891,1221,2768,2119,649,89,63,26,50,39,11,1255,709,546,599,371,228
B0103,21,399,District - Malkangiri  ,Total,Total,613192,303624,309568,179030,131904,47126,131636,38591,93045,56968,22469,34499,302526,133129,169397,14203,5544,8659
B0103,21,399,District - Malkangiri  ,Total,Illiterate,368486,156623,211863,100864,64423,36441,90990,18717,72273,37889,10686,27203,176632,73483,103149,4802,981,3821
B0103,21,399,District - Malkangiri  ,Total,Literate,244706,147001,97705,78166,67481,10685,40646,19874,20772,19079,11783,7296,125894,59646,66248,9401,4563,4838
B0103,21,399,District - Malkangiri  ,Total,Literate but below matric/secondary,205657,120533,85124,57759,50152,7607,35798,17150,18648,16554,10123,6431,112100,53231,58869,5530,2533,2997
B0103,21,399,District - Malkangiri  ,Total,Matric/secondary but below graduate,22825,15843,6982,11457,9997,1460,2191,1506,685,1340,1024,316,9177,4340,4837,2830,1516,1314
B0103,21,399,District - Malkangiri  ,Total,Technical diploma or certificate not equal to degree,858,618,240,595,439,156,30,24,6,23,21,2,233,155,78,140,91,49
B0103,21,399,District - Malkangiri  ,Total,Graduate and above other than technical degree,4608,3259,1349,3215,2709,506,242,159,83,159,112,47,1151,391,760,579,252,327
B0103,21,399,District - Malkangiri  ,Total,Technical degree or diploma equal to degree or post-graduate degree,1118,843,275,840,716,124,76,32,44,40,19,21,202,95,107,81,51,30
B0103,21,399,District - Malkangiri  ,Rural,Total,563664,277901,285763,163217,119220,43997,128255,37007,91248,55732,21702,34030,272192,121674,150518,11299,4336,6963
B0103,21,399,District - Malkangiri  ,Rural,Illiterate,350783,149428,201355,97161,62206,34955,89339,18241,71098,37404,10472,26932,164283,68981,95302,4397,903,3494
B0103,21,399,District - Malkangiri  ,Rural,Literate,212881,128473,84408,66056,57014,9042,38916,18766,20150,18328,11230,7098,107909,52693,55216,6902,3433,3469
B0103,21,399,District - Malkangiri  ,Rural,Literate but below matric/secondary,185554,109638,75916,52273,45330,6943,34606,16402,18204,16105,9786,6319,98675,47906,50769,4455,2065,2390
B0103,21,399,District - Malkangiri  ,Rural,Matric/secondary but below graduate,14994,10817,4177,7419,6464,955,1833,1253,580,1140,868,272,5742,3100,2642,1846,1055,791
B0103,21,399,District - Malkangiri  ,Rural,Technical diploma or certificate not equal to degree,470,340,130,340,252,88,18,13,5,12,10,2,112,75,37,68,43,25
B0103,21,399,District - Malkangiri  ,Rural,Graduate and above other than technical degree,2198,1653,545,1554,1330,224,147,99,48,101,79,22,497,224,273,281,141,140
B0103,21,399,District - Malkangiri  ,Rural,Technical degree or diploma equal to degree or post-graduate degree,667,500,167,482,417,65,60,26,34,30,16,14,125,57,68,43,29,14
B0103,21,399,District - Malkangiri  ,Urban,Total,49528,25723,23805,15813,12684,3129,3381,1584,1797,1236,767,469,30334,11455,18879,2904,1208,1696
B0103,21,399,District - Malkangiri  ,Urban,Illiterate,17703,7195,10508,3703,2217,1486,1651,476,1175,485,214,271,12349,4502,7847,405,78,327
B0103,21,399,District - Malkangiri  ,Urban,Literate,31825,18528,13297,12110,10467,1643,1730,1108,622,751,553,198,17985,6953,11032,2499,1130,1369
B0103,21,399,District - Malkangiri  ,Urban,Literate but below matric/secondary,20103,10895,9208,5486,4822,664,1192,748,444,449,337,112,13425,5325,8100,1075,468,607
B0103,21,399,District - Malkangiri  ,Urban,Matric/secondary but below graduate,7831,5026,2805,4038,3533,505,358,253,105,200,156,44,3435,1240,2195,984,461,523
B0103,21,399,District - Malkangiri  ,Urban,Technical diploma or certificate not equal to degree,388,278,110,255,187,68,12,11,1,11,11,0,121,80,41,72,48,24
B0103,21,399,District - Malkangiri  ,Urban,Graduate and above other than technical degree,2410,1606,804,1661,1379,282,95,60,35,58,33,25,654,167,487,298,111,187
B0103,21,399,District - Malkangiri  ,Urban,Technical degree or diploma equal to degree or post-graduate degree,451,343,108,358,299,59,16,6,10,10,3,7,77,38,39,38,22,16
B0103,22,400,District - Koriya,Total,Total,658917,334737,324180,173057,129471,43586,134014,56012,78002,61584,33862,27722,351846,149254,202592,27066,13498,13568
B0103,22,400,District - Koriya,Total,Illiterate,261094,104814,156280,55334,31176,24158,57862,14741,43121,24619,8881,15738,147898,58897,89001,3238,653,2585
B0103,22,400,District - Koriya,Total,Literate,397823,229923,167900,117723,98295,19428,76152,41271,34881,36965,24981,11984,203948,90357,113591,23828,12845,10983
B0103,22,400,District - Koriya,Total,Literate but below matric/secondary,289674,163886,125788,75277,62402,12875,62241,32896,29345,29205,19452,9753,152156,68588,83568,9660,4908,4752
B0103,22,400,District - Koriya,Total,Matric/secondary but below graduate,68941,42037,26904,22363,19702,2661,7959,5414,2545,4548,3538,1010,38619,16921,21698,9545,5469,4076
B0103,22,400,District - Koriya,Total,Technical diploma or certificate not equal to degree,1197,1045,152,615,568,47,51,41,10,36,29,7,531,436,95,278,242,36
B0103,22,400,District - Koriya,Total,Graduate and above other than technical degree,22226,14265,7961,12909,10725,2184,1001,776,225,704,585,119,8316,2764,5552,3350,1672,1678
B0103,22,400,District - Koriya,Total,Technical degree or diploma equal to degree or post-graduate degree,2091,1543,548,1151,959,192,53,39,14,35,26,9,887,545,342,485,315,170
B0103,22,400,District - Koriya,Rural,Total,453618,228338,225280,120967,84359,36608,125007,50307,74700,55982,29674,26308,207644,93672,113972,7682,3035,4647
B0103,22,400,District - Koriya,Rural,Illiterate,204462,82487,121975,46513,24894,21619,54789,13483,41306,23062,8028,15034,103160,44110,59050,1647,265,1382
B0103,22,400,District - Koriya,Rural,Literate,249156,145851,103305,74454,59465,14989,70218,36824,33394,32920,21646,11274,104484,49562,54922,6035,2770,3265
B0103,22,400,District - Koriya,Rural,Literate but below matric/secondary,205063,117513,87550,55635,44405,11230,58051,29808,28243,26371,17122,9249,91377,43300,48077,3359,1367,1992
B0103,22,400,District - Koriya,Rural,Matric/secondary but below graduate,27044,17953,9091,9980,8300,1680,6835,4505,2330,3762,2862,900,10229,5148,5081,2033,1105,928
B0103,22,400,District - Koriya,Rural,Technical diploma or certificate not equal to degree,198,167,31,118,105,13,32,24,8,24,17,7,48,38,10,21,17,4
B0103,22,400,District - Koriya,Rural,Graduate and above other than technical degree,5736,4256,1480,4053,3343,710,645,498,147,451,380,71,1038,415,623,393,184,209
B0103,22,400,District - Koriya,Rural,Technical degree or diploma equal to degree or post-graduate degree,307,249,58,210,185,25,17,12,5,10,8,2,80,52,28,32,25,7
B0103,22,400,District - Koriya,Urban,Total,205299,106399,98900,52090,45112,6978,9007,5705,3302,5602,4188,1414,144202,55582,88620,19384,10463,8921
B0103,22,400,District - Koriya,Urban,Illiterate,56632,22327,34305,8821,6282,2539,3073,1258,1815,1557,853,704,44738,14787,29951,1591,388,1203
B0103,22,400,District - Koriya,Urban,Literate,148667,84072,64595,43269,38830,4439,5934,4447,1487,4045,3335,710,99464,40795,58669,17793,10075,7718
B0103,22,400,District - Koriya,Urban,Literate but below matric/secondary,84611,46373,38238,19642,17997,1645,4190,3088,1102,2834,2330,504,60779,25288,35491,6301,3541,2760
B0103,22,400,District - Koriya,Urban,Matric/secondary but below graduate,41897,24084,17813,12383,11402,981,1124,909,215,786,676,110,28390,11773,16617,7512,4364,3148
B0103,22,400,District - Koriya,Urban,Technical diploma or certificate not equal to degree,999,878,121,497,463,34,19,17,2,12,12,0,483,398,85,257,225,32
B0103,22,400,District - Koriya,Urban,Graduate and above other than technical degree,16490,10009,6481,8856,7382,1474,356,278,78,253,205,48,7278,2349,4929,2957,1488,1469
B0103,22,400,District - Koriya,Urban,Technical degree or diploma equal to degree or post-graduate degree,1784,1294,490,941,774,167,36,27,9,25,18,7,807,493,314,453,290,163
B0103,22,401,District - Surguja,Total,Total,2359886,1193129,1166757,622589,459988,162601,533218,189900,343318,210816,107274,103542,1204079,543241,660838,50978,21847,29131
B0103,22,401,District - Surguja,Total,Illiterate,1171945,498443,673502,278500,175319,103181,306821,74403,232418,109742,40479,69263,586624,248721,337903,12730,2691,10039
B0103,22,401,District - Surguja,Total,Literate,1187941,694686,493255,344089,284669,59420,226397,115497,110900,101074,66795,34279,617455,294520,322935,38248,19156,19092
B0103,22,401,District - Surguja,Total,Literate but below matric/secondary,907281,515367,391914,220304,182580,37724,180610,88644,91966,77409,49743,27666,506367,244143,262224,17689,8158,9531
B0103,22,401,District - Surguja,Total,Matric/secondary but below graduate,182997,117130,65867,68557,58394,10163,30635,19006,11629,16294,12124,4170,83805,39730,44075,14292,7928,6364
B0103,22,401,District - Surguja,Total,Technical diploma or certificate not equal to degree,1636,1253,383,935,800,135,77,58,19,44,35,9,624,395,229,195,146,49
B0103,22,401,District - Surguja,Total,Graduate and above other than technical degree,55230,36913,18317,36806,29173,7633,3718,2646,1072,2352,1856,496,14706,5094,9612,4482,2039,2443
B0103,22,401,District - Surguja,Total,Technical degree or diploma equal to degree or post-graduate degree,4563,3146,1417,2815,2162,653,114,86,28,70,56,14,1634,898,736,606,396,210
B0103,22,401,District - Surguja,Rural,Total,2116965,1067908,1049057,555416,404474,150942,524236,184910,339326,207196,104718,102478,1037313,478524,558789,37867,15647,22220
B0103,22,401,District - Surguja,Rural,Illiterate,1108567,471621,636946,269334,169017,100317,303537,73318,230219,108605,39923,68682,535696,229286,306410,11597,2430,9167
B0103,22,401,District - Surguja,Rural,Literate,1008398,596287,412111,286082,235457,50625,220699,111592,109107,98591,64795,33796,501617,249238,252379,26270,13217,13053
B0103,22,401,District - Surguja,Rural,Literate but below matric/secondary,817222,468879,348343,202170,166462,35708,177095,86323,90772,75936,48573,27363,437957,216094,221863,14520,6572,7948
B0103,22,401,District - Surguja,Rural,Matric/secondary but below graduate,130286,87471,42815,50688,42538,8150,29169,17936,11233,15633,11570,4063,50429,26997,23432,9069,5227,3842
B0103,22,401,District - Surguja,Rural,Technical diploma or certificate not equal to degree,437,356,81,210,186,24,63,48,15,39,32,7,164,122,42,64,52,12
B0103,22,401,District - Surguja,Rural,Graduate and above other than technical degree,26201,19489,6712,18772,15102,3670,3235,2287,948,2113,1662,451,4194,2100,2094,1645,850,795
B0103,22,401,District - Surguja,Rural,Technical degree or diploma equal to degree or post-graduate degree,1208,907,301,779,605,174,75,62,13,49,40,9,354,240,114,174,124,50
B0103,22,401,District - Surguja,Urban,Total,242921,125221,117700,67173,55514,11659,8982,4990,3992,3620,2556,1064,166766,64717,102049,13111,6200,6911
B0103,22,401,District - Surguja,Urban,Illiterate,63378,26822,36556,9166,6302,2864,3284,1085,2199,1137,556,581,50928,19435,31493,1133,261,872
B0103,22,401,District - Surguja,Urban,Literate,179543,98399,81144,58007,49212,8795,5698,3905,1793,2483,2000,483,115838,45282,70556,11978,5939,6039
B0103,22,401,District - Surguja,Urban,Literate but below matric/secondary,90059,46488,43571,18134,16118,2016,3515,2321,1194,1473,1170,303,68410,28049,40361,3169,1586,1583
B0103,22,401,District - Surguja,Urban,Matric/secondary but below graduate,52711,29659,23052,17869,15856,2013,1466,1070,396,661,554,107,33376,12733,20643,5223,2701,2522
B0103,22,401,District - Surguja,Urban,Technical diploma or certificate not equal to degree,1199,897,302,725,614,111,14,10,4,5,3,2,460,273,187,131,94,37
B0103,22,401,District - Surguja,Urban,Graduate and above other than technical degree,29029,17424,11605,18034,14071,3963,483,359,124,239,194,45,10512,2994,7518,2837,1189,1648
B0103,22,401,District - Surguja,Urban,Technical degree or diploma equal to degree or post-graduate degree,3355,2239,1116,2036,1557,479,39,24,15,21,16,5,1280,658,622,432,272,160
B0103,22,402,District - Jashpur ,Total,Total,851669,424747,426922,291349,199035,92314,196011,64610,131401,79587,33800,45787,364309,161102,203207,16071,6330,9741
B0103,22,402,District - Jashpur ,Total,Illiterate,356254,144091,212163,105101,56239,48862,76294,13613,62681,29787,7794,21993,174859,74239,100620,2383,410,1973
B0103,22,402,District - Jashpur ,Total,Literate,495415,280656,214759,186248,142796,43452,119717,50997,68720,49800,26006,23794,189450,86863,102587,13688,5920,7768
B0103,22,402,District - Jashpur ,Total,Literate but below matric/secondary,366063,201514,164549,121146,91696,29450,90546,37326,53220,34384,17394,16990,154371,72492,81879,6076,2478,3598
B0103,22,402,District - Jashpur ,Total,Matric/secondary but below graduate,86792,52181,34611,38862,31176,7686,21039,9902,11137,10858,6038,4820,26891,11103,15788,5446,2456,2990
B0103,22,402,District - Jashpur ,Total,Technical diploma or certificate not equal to degree,317,245,72,190,152,38,42,32,10,24,22,2,85,61,24,43,31,12
B0103,22,402,District - Jashpur ,Total,Graduate and above other than technical degree,22656,15373,7283,15801,12369,3432,2692,1558,1134,1865,1205,660,4163,1446,2717,1566,675,891
B0103,22,402,District - Jashpur ,Total,Technical degree or diploma equal to degree or post-graduate degree,1297,861,436,915,641,274,99,61,38,70,52,18,283,159,124,127,76,51
B0103,22,402,District - Jashpur ,Rural,Total,775677,386307,389370,270280,182042,88238,189863,61756,128107,76717,32221,44496,315534,142509,173025,11930,4795,7135
B0103,22,402,District - Jashpur ,Rural,Illiterate,335859,135690,200169,101880,54134,47746,74349,13058,61291,28864,7448,21416,159630,68498,91132,2050,361,1689
B0103,22,402,District - Jashpur ,Rural,Literate,439818,250617,189201,168400,127908,40492,115514,48698,66816,47853,24773,23080,155904,74011,81893,9880,4434,5446
B0103,22,402,District - Jashpur ,Rural,Literate but below matric/secondary,335051,185214,149837,114359,85831,28528,87878,35830,52048,33252,16619,16633,132814,63553,69261,5079,2099,2980
B0103,22,402,District - Jashpur ,Rural,Matric/secondary but below graduate,71100,43981,27119,33506,26618,6888,19825,9318,10507,10224,5715,4509,17769,8045,9724,3570,1735,1835
B0103,22,402,District - Jashpur ,Rural,Technical diploma or certificate not equal to degree,185,135,50,95,69,26,38,28,10,22,20,2,52,38,14,27,21,6
B0103,22,402,District - Jashpur ,Rural,Graduate and above other than technical degree,15436,10897,4539,10994,8629,2365,2472,1407,1065,1731,1109,622,1970,861,1109,785,364,421
B0103,22,402,District - Jashpur ,Rural,Technical degree or diploma equal to degree or post-graduate degree,756,471,285,537,344,193,88,52,36,62,44,18,131,75,56,52,32,20
B0103,22,402,District - Jashpur ,Urban,Total,75992,38440,37552,21069,16993,4076,6148,2854,3294,2870,1579,1291,48775,18593,30182,4141,1535,2606
B0103,22,402,District - Jashpur ,Urban,Illiterate,20395,8401,11994,3221,2105,1116,1945,555,1390,923,346,577,15229,5741,9488,333,49,284
B0103,22,402,District - Jashpur ,Urban,Literate,55597,30039,25558,17848,14888,2960,4203,2299,1904,1947,1233,714,33546,12852,20694,3808,1486,2322
B0103,22,402,District - Jashpur ,Urban,Literate but below matric/secondary,31012,16300,14712,6787,5865,922,2668,1496,1172,1132,775,357,21557,8939,12618,997,379,618
B0103,22,402,District - Jashpur ,Urban,Matric/secondary but below graduate,15692,8200,7492,5356,4558,798,1214,584,630,634,323,311,9122,3058,6064,1876,721,1155
B0103,22,402,District - Jashpur ,Urban,Technical diploma or certificate not equal to degree,132,110,22,95,83,12,4,4,0,2,2,0,33,23,10,16,10,6
B0103,22,402,District - Jashpur ,Urban,Graduate and above other than technical degree,7220,4476,2744,4807,3740,1067,220,151,69,134,96,38,2193,585,1608,781,311,470
B0103,22,402,District - Jashpur ,Urban,Technical degree or diploma equal to degree or post-graduate degree,541,390,151,378,297,81,11,9,2,8,8,0,152,84,68,75,44,31
B0103,22,403,District - Raigarh,Total,Total,1493984,750278,743706,484875,354032,130843,205292,75179,130113,87962,45705,42257,803817,321067,482750,46615,19305,27310
B0103,22,403,District - Raigarh,Total,Illiterate,542345,207522,334823,137293,68257,69036,85898,16975,68923,32549,9859,22690,319154,122290,196864,6683,944,5739
B0103,22,403,District - Raigarh,Total,Literate,951639,542756,408883,347582,285775,61807,119394,58204,61190,55413,35846,19567,484663,198777,285886,39932,18361,21571
B0103,22,403,District - Raigarh,Total,Literate but below matric/secondary,693921,380758,313163,228530,182140,46390,95291,43725,51566,42867,26548,16319,370100,154893,215207,18753,7204,11549
B0103,22,403,District - Raigarh,Total,Matric/secondary but below graduate,158074,98855,59219,62926,56644,6282,15014,9546,5468,8032,6145,1887,80134,32665,47469,13957,7511,6446
B0103,22,403,District - Raigarh,Total,Technical diploma or certificate not equal to degree,2653,2360,293,1746,1683,63,77,70,7,46,43,3,830,607,223,302,247,55
B0103,22,403,District - Raigarh,Total,Graduate and above other than technical degree,53571,36088,17483,33767,29043,4724,2440,1844,596,1564,1300,264,17364,5201,12163,4590,2202,2388
B0103,22,403,District - Raigarh,Total,Technical degree or diploma equal to degree or post-graduate degree,5606,4368,1238,3572,3102,470,115,94,21,74,59,15,1919,1172,747,712,480,232
B0103,22,403,District - Raigarh,Rural,Total,1247682,623817,623865,408594,290722,117872,196348,70144,126204,83434,42673,40761,642740,262951,379789,34892,14125,20767
B0103,22,403,District - Raigarh,Rural,Illiterate,479531,182486,297045,127215,62920,64295,82922,16084,66838,31194,9306,21888,269394,103482,165912,5500,726,4774
B0103,22,403,District - Raigarh,Rural,Literate,768151,441331,326820,281379,227802,53577,113426,54060,59366,52240,33367,18873,373346,159469,213877,29392,13399,15993
B0103,22,403,District - Raigarh,Rural,Literate but below matric/secondary,594779,328915,265864,201921,158978,42943,91319,41057,50262,40722,24907,15815,301539,128880,172659,14732,5407,9325
B0103,22,403,District - Raigarh,Rural,Matric/secondary but below graduate,110803,71815,38988,44427,39649,4778,13868,8675,5193,7397,5617,1780,52508,23491,29017,10277,5684,4593
B0103,22,403,District - Raigarh,Rural,Technical diploma or certificate not equal to degree,1237,1091,146,750,724,26,54,48,6,37,34,3,433,319,114,178,151,27
B0103,22,403,District - Raigarh,Rural,Graduate and above other than technical degree,27895,20530,7365,18285,16064,2221,1991,1516,475,1328,1118,210,7619,2950,4669,2665,1399,1266
B0103,22,403,District - Raigarh,Rural,Technical degree or diploma equal to degree or post-graduate degree,2567,2129,438,1702,1533,169,84,72,12,59,50,9,781,524,257,341,245,96
B0103,22,403,District - Raigarh,Urban,Total,246302,126461,119841,76281,63310,12971,8944,5035,3909,4528,3032,1496,161077,58116,102961,11723,5180,6543
B0103,22,403,District - Raigarh,Urban,Illiterate,62814,25036,37778,10078,5337,4741,2976,891,2085,1355,553,802,49760,18808,30952,1183,218,965
B0103,22,403,District - Raigarh,Urban,Literate,183488,101425,82063,66203,57973,8230,5968,4144,1824,3173,2479,694,111317,39308,72009,10540,4962,5578
B0103,22,403,District - Raigarh,Urban,Literate but below matric/secondary,99142,51843,47299,26609,23162,3447,3972,2668,1304,2145,1641,504,68561,26013,42548,4021,1797,2224
B0103,22,403,District - Raigarh,Urban,Matric/secondary but below graduate,47271,27040,20231,18499,16995,1504,1146,871,275,635,528,107,27626,9174,18452,3680,1827,1853
B0103,22,403,District - Raigarh,Urban,Technical diploma or certificate not equal to degree,1416,1269,147,996,959,37,23,22,1,9,9,0,397,288,109,124,96,28
B0103,22,403,District - Raigarh,Urban,Graduate and above other than technical degree,25676,15558,10118,15482,12979,2503,449,328,121,236,182,54,9745,2251,7494,1925,803,1122
B0103,22,403,District - Raigarh,Urban,Technical degree or diploma equal to degree or post-graduate degree,3039,2239,800,1870,1569,301,31,22,9,15,9,6,1138,648,490,371,235,136
B0103,22,404,District - Korba ,Total,Total,1206640,612915,593725,350314,260251,90063,170872,73078,97794,94478,50064,44414,685454,279586,405868,49244,21786,27458
B0103,22,404,District - Korba ,Total,Illiterate,457881,179524,278357,105632,53140,52492,79913,20240,59673,39923,13080,26843,272336,106144,166192,7912,1326,6586
B0103,22,404,District - Korba ,Total,Literate,748759,433391,315368,244682,207111,37571,90959,52838,38121,54555,36984,17571,413118,173442,239676,41332,20460,20872
B0103,22,404,District - Korba ,Total,Literate but below matric/secondary,517907,287329,230578,142373,116884,25489,73146,40625,32521,43143,28238,14905,302388,129820,172568,17732,7832,9900
B0103,22,404,District - Korba ,Total,Matric/secondary but below graduate,147456,92840,54616,56426,51827,4599,12102,8647,3455,7882,6227,1655,78928,32366,46562,14711,8056,6655
B0103,22,404,District - Korba ,Total,Technical diploma or certificate not equal to degree,5362,4873,489,3735,3559,176,122,114,8,87,85,2,1505,1200,305,590,496,94
B0103,22,404,District - Korba ,Total,Graduate and above other than technical degree,51593,32279,19314,29655,24867,4788,2123,1660,463,1523,1257,266,19815,5752,14063,6038,2770,3268
B0103,22,404,District - Korba ,Total,Technical degree or diploma equal to degree or post-graduate degree,8497,6312,2185,5078,4277,801,153,112,41,110,81,29,3266,1923,1343,1375,893,482
B0103,22,404,District - Korba ,Rural,Total,760350,381424,378926,220568,150950,69618,154081,62897,91184,85606,43890,41716,385701,167577,218124,24457,9778,14679
B0103,22,404,District - Korba ,Rural,Illiterate,337600,131560,206040,85893,41769,44124,74457,18421,56036,37620,12138,25482,177250,71370,105880,5831,892,4939
B0103,22,404,District - Korba ,Rural,Literate,422750,249864,172886,134675,109181,25494,79624,44476,35148,47986,31752,16234,208451,96207,112244,18626,8886,9740
B0103,22,404,District - Korba ,Rural,Literate but below matric/secondary,341616,194911,146705,98876,78349,20527,65872,35432,30440,39050,25033,14017,176868,81130,95738,10590,4341,6249
B0103,22,404,District - Korba ,Rural,Matric/secondary but below graduate,56912,38536,18376,22466,19908,2558,9479,6524,2955,6256,4849,1407,24967,12104,12863,6046,3419,2627
B0103,22,404,District - Korba ,Rural,Technical diploma or certificate not equal to degree,601,539,62,312,295,17,45,43,2,35,34,1,244,201,43,103,87,16
B0103,22,404,District - Korba ,Rural,Graduate and above other than technical degree,12633,9574,3059,8232,7118,1114,1305,1052,253,1012,866,146,3096,1404,1692,1334,747,587
B0103,22,404,District - Korba ,Rural,Technical degree or diploma equal to degree or post-graduate degree,845,666,179,506,432,74,35,27,8,30,24,6,304,207,97,142,108,34
B0103,22,404,District - Korba ,Urban,Total,446290,231491,214799,129746,109301,20445,16791,10181,6610,8872,6174,2698,299753,112009,187744,24787,12008,12779
B0103,22,404,District - Korba ,Urban,Illiterate,120281,47964,72317,19739,11371,8368,5456,1819,3637,2303,942,1361,95086,34774,60312,2081,434,1647
B0103,22,404,District - Korba ,Urban,Literate,326009,183527,142482,110007,97930,12077,11335,8362,2973,6569,5232,1337,204667,77235,127432,22706,11574,11132
B0103,22,404,District - Korba ,Urban,Literate but below matric/secondary,176291,92418,83873,43497,38535,4962,7274,5193,2081,4093,3205,888,125520,48690,76830,7142,3491,3651
B0103,22,404,District - Korba ,Urban,Matric/secondary but below graduate,90544,54304,36240,33960,31919,2041,2623,2123,500,1626,1378,248,53961,20262,33699,8665,4637,4028
B0103,22,404,District - Korba ,Urban,Technical diploma or certificate not equal to degree,4761,4334,427,3423,3264,159,77,71,6,52,51,1,1261,999,262,487,409,78
B0103,22,404,District - Korba ,Urban,Graduate and above other than technical degree,38960,22705,16255,21423,17749,3674,818,608,210,511,391,120,16719,4348,12371,4704,2023,2681
B0103,22,404,District - Korba ,Urban,Technical degree or diploma equal to degree or post-graduate degree,7652,5646,2006,4572,3845,727,118,85,33,80,57,23,2962,1716,1246,1233,785,448
B0103,22,405,District - Janjgir - Champa,Total,Total,1619707,815717,803990,461887,318536,143351,384579,159742,224837,180137,94711,85426,773241,337439,435802,46809,20100,26709
B0103,22,405,District - Janjgir - Champa,Total,Illiterate,600073,222038,378035,137570,57687,79883,132719,27517,105202,58397,16481,41916,329784,136834,192950,7152,1161,5991
B0103,22,405,District - Janjgir - Champa,Total,Literate,1019634,593679,425955,324317,260849,63468,251860,132225,119635,121740,78230,43510,443457,200605,242852,39657,18939,20718
B0103,22,405,District - Janjgir - Champa,Total,Literate but below matric/secondary,709949,385566,324383,187932,142778,45154,175422,84344,91078,78100,46206,31894,346595,158444,188151,17631,7183,10448
B0103,22,405,District - Janjgir - Champa,Total,Matric/secondary but below graduate,229844,152845,76999,92040,80700,11340,62126,38868,23258,35239,25810,9429,75678,33277,42401,16107,8540,7567
B0103,22,405,District - Janjgir - Champa,Total,Technical diploma or certificate not equal to degree,3051,2773,278,1273,1218,55,583,531,52,414,386,28,1195,1024,171,480,439,41
B0103,22,405,District - Janjgir - Champa,Total,Graduate and above other than technical degree,50118,36474,13644,31411,27173,4238,6532,4845,1687,4284,3547,737,12175,4456,7719,3925,1897,2028
B0103,22,405,District - Janjgir - Champa,Total,Technical degree or diploma equal to degree or post-graduate degree,4136,3332,804,2398,2073,325,338,280,58,217,182,35,1400,979,421,581,442,139
B0103,22,405,District - Janjgir - Champa,Rural,Total,1394646,701401,693245,392845,265423,127422,360298,149130,211168,169345,88737,80608,641503,286848,354655,36756,15826,20930
B0103,22,405,District - Janjgir - Champa,Rural,Illiterate,535246,197657,337589,125282,52401,72881,125178,25928,99250,55153,15547,39606,284786,119328,165458,6195,982,5213
B0103,22,405,District - Janjgir - Champa,Rural,Literate,859400,503744,355656,267563,213022,54541,235120,123202,111918,114192,73190,41002,356717,167520,189197,30561,14844,15717
B0103,22,405,District - Janjgir - Champa,Rural,Literate but below matric/secondary,617139,337063,280076,162700,122423,40277,164681,79006,85675,73549,43329,30220,289758,135634,154124,14472,5893,8579
B0103,22,405,District - Janjgir - Champa,Rural,Matric/secondary but below graduate,187757,127853,59904,75292,65732,9560,57767,36219,21548,33116,24279,8837,54698,25902,28796,12432,6806,5626
B0103,22,405,District - Janjgir - Champa,Rural,Technical diploma or certificate not equal to degree,2268,2080,188,827,795,32,536,491,45,386,363,23,905,794,111,364,341,23
B0103,22,405,District - Janjgir - Champa,Rural,Graduate and above other than technical degree,31184,24179,7005,19754,17261,2493,5564,4206,1358,3744,3144,600,5866,2712,3154,2247,1202,1045
B0103,22,405,District - Janjgir - Champa,Rural,Technical degree or diploma equal to degree or post-graduate degree,2215,1866,349,1249,1109,140,269,225,44,178,151,27,697,532,165,297,247,50
B0103,22,405,District - Janjgir - Champa,Urban,Total,225061,114316,110745,69042,53113,15929,24281,10612,13669,10792,5974,4818,131738,50591,81147,10053,4274,5779
B0103,22,405,District - Janjgir - Champa,Urban,Illiterate,64827,24381,40446,12288,5286,7002,7541,1589,5952,3244,934,2310,44998,17506,27492,957,179,778
B0103,22,405,District - Janjgir - Champa,Urban,Literate,160234,89935,70299,56754,47827,8927,16740,9023,7717,7548,5040,2508,86740,33085,53655,9096,4095,5001
B0103,22,405,District - Janjgir - Champa,Urban,Literate but below matric/secondary,92810,48503,44307,25232,20355,4877,10741,5338,5403,4551,2877,1674,56837,22810,34027,3159,1290,1869
B0103,22,405,District - Janjgir - Champa,Urban,Matric/secondary but below graduate,42087,24992,17095,16748,14968,1780,4359,2649,1710,2123,1531,592,20980,7375,13605,3675,1734,1941
B0103,22,405,District - Janjgir - Champa,Urban,Technical diploma or certificate not equal to degree,783,693,90,446,423,23,47,40,7,28,23,5,290,230,60,116,98,18
B0103,22,405,District - Janjgir - Champa,Urban,Graduate and above other than technical degree,18934,12295,6639,11657,9912,1745,968,639,329,540,403,137,6309,1744,4565,1678,695,983
B0103,22,405,District - Janjgir - Champa,Urban,Technical degree or diploma equal to degree or post-graduate degree,1921,1466,455,1149,964,185,69,55,14,39,31,8,703,447,256,284,195,89
B0103,22,406,District - Bilaspur,Total,Total,2663629,1351574,1312055,826568,558289,268279,376629,157178,219451,218187,106995,111192,1460432,636107,824325,83658,38620,45038
B0103,22,406,District - Bilaspur,Total,Illiterate,1067069,419100,647969,284771,122668,162103,175279,41802,133477,97064,28176,68888,607019,254630,352389,13529,2732,10797
B0103,22,406,District - Bilaspur,Total,Literate,1596560,932474,664086,541797,435621,106176,201350,115376,85974,121123,78819,42304,853413,381477,471936,70129,35888,34241
B0103,22,406,District - Bilaspur,Total,Literate but below matric/secondary,1140439,639551,500888,335107,258424,76683,158780,85011,73769,93909,57582,36327,646552,296116,350436,32394,14976,17418
B0103,22,406,District - Bilaspur,Total,Matric/secondary but below graduate,284860,184456,100404,110349,98726,11623,30209,22204,8005,19488,15627,3861,144302,63526,80776,23849,13798,10051
B0103,22,406,District - Bilaspur,Total,Technical diploma or certificate not equal to degree,3860,3348,512,2184,2063,121,159,138,21,117,105,12,1517,1147,370,475,380,95
B0103,22,406,District - Bilaspur,Total,Graduate and above other than technical degree,119742,76573,43169,71024,58930,12094,5792,4601,1191,3830,3243,587,42926,13042,29884,10118,4893,5225
B0103,22,406,District - Bilaspur,Total,Technical degree or diploma equal to degree or post-graduate degree,14619,10204,4415,8364,6621,1743,377,286,91,195,157,38,5878,3297,2581,1894,1207,687
B0103,22,406,District - Bilaspur,Rural,Total,1983759,1002520,981239,611203,389360,221843,352506,143674,208832,207810,100457,107353,1020050,469486,550564,52567,23775,28792
B0103,22,406,District - Bilaspur,Rural,Illiterate,888272,346255,542017,248386,105136,143250,167016,39312,127704,93965,27099,66866,472870,201807,271063,10991,2102,8889
B0103,22,406,District - Bilaspur,Rural,Literate,1095487,656265,439222,362817,284224,78593,185490,104362,81128,113845,73358,40487,547180,267679,279501,41576,21673,19903
B0103,22,406,District - Bilaspur,Rural,Literate but below matric/secondary,876996,500163,376833,263584,197852,65732,148734,78297,70437,89320,54219,35101,464678,224014,240664,23103,10359,12744
B0103,22,406,District - Bilaspur,Rural,Matric/secondary but below graduate,157007,112210,44797,63989,56995,6994,26814,19574,7240,17882,14320,3562,66204,35641,30563,13882,8571,5311
B0103,22,406,District - Bilaspur,Rural,Technical diploma or certificate not equal to degree,1161,1032,129,526,494,32,120,109,11,94,87,7,515,429,86,214,185,29
B0103,22,406,District - Bilaspur,Rural,Graduate and above other than technical degree,35892,28116,7776,23243,20439,2804,4215,3492,723,3112,2724,388,8434,4185,4249,3173,1916,1257
B0103,22,406,District - Bilaspur,Rural,Technical degree or diploma equal to degree or post-graduate degree,2544,2083,461,1441,1284,157,157,132,25,105,92,13,946,667,279,404,300,104
B0103,22,406,District - Bilaspur,Urban,Total,679870,349054,330816,215365,168929,46436,24123,13504,10619,10377,6538,3839,440382,166621,273761,31091,14845,16246
B0103,22,406,District - Bilaspur,Urban,Illiterate,178797,72845,105952,36385,17532,18853,8263,2490,5773,3099,1077,2022,134149,52823,81326,2538,630,1908
B0103,22,406,District - Bilaspur,Urban,Literate,501073,276209,224864,178980,151397,27583,15860,11014,4846,7278,5461,1817,306233,113798,192435,28553,14215,14338
B0103,22,406,District - Bilaspur,Urban,Literate but below matric/secondary,263443,139388,124055,71523,60572,10951,10046,6714,3332,4589,3363,1226,181874,72102,109772,9291,4617,4674
B0103,22,406,District - Bilaspur,Urban,Matric/secondary but below graduate,127853,72246,55607,46360,41731,4629,3395,2630,765,1606,1307,299,78098,27885,50213,9967,5227,4740
B0103,22,406,District - Bilaspur,Urban,Technical diploma or certificate not equal to degree,2699,2316,383,1658,1569,89,39,29,10,23,18,5,1002,718,284,261,195,66
B0103,22,406,District - Bilaspur,Urban,Graduate and above other than technical degree,83850,48457,35393,47781,38491,9290,1577,1109,468,718,519,199,34492,8857,25635,6945,2977,3968
B0103,22,406,District - Bilaspur,Urban,Technical degree or diploma equal to degree or post-graduate degree,12075,8121,3954,6923,5337,1586,220,154,66,90,65,25,4932,2630,2302,1490,907,583
B0103,22,407,District - Kabeerdham,Total,Total,822526,412058,410468,316976,183042,133934,87180,34031,53149,62933,28057,34876,418370,194985,223385,18333,8611,9722
B0103,22,407,District - Kabeerdham,Total,Illiterate,408359,163555,244804,155745,62096,93649,48684,12382,36302,34431,10139,24292,203930,89077,114853,3662,735,2927
B0103,22,407,District - Kabeerdham,Total,Literate,414167,248503,165664,161231,120946,40285,38496,21649,16847,28502,17918,10584,214440,105908,108532,14671,7876,6795
B0103,22,407,District - Kabeerdham,Total,Literate but below matric/secondary,340593,198153,142440,124262,90738,33524,32484,17557,14927,23921,14496,9425,183847,89858,93989,7097,3158,3939
B0103,22,407,District - Kabeerdham,Total,Matric/secondary but below graduate,49330,33979,15351,20612,17534,3078,4066,2951,1115,3078,2452,626,24652,13494,11158,5833,3709,2124
B0103,22,407,District - Kabeerdham,Total,Technical diploma or certificate not equal to degree,307,259,48,191,168,23,16,14,2,11,10,1,100,77,23,52,43,9
B0103,22,407,District - Kabeerdham,Total,Graduate and above other than technical degree,14063,10279,3784,10188,8501,1687,610,496,114,488,423,65,3265,1282,1983,1299,724,575
B0103,22,407,District - Kabeerdham,Total,Technical degree or diploma equal to degree or post-graduate degree,1011,807,204,644,536,108,21,14,7,15,10,5,346,257,89,156,130,26
B0103,22,407,District - Kabeerdham,Rural,Total,735131,367941,367190,288729,162231,126498,83471,32190,51281,60398,26635,33763,362931,173520,189411,13552,6704,6848
B0103,22,407,District - Kabeerdham,Rural,Illiterate,377830,150955,226875,147969,58337,89632,46812,11784,35028,33159,9660,23499,183049,80834,102215,2928,588,2340
B0103,22,407,District - Kabeerdham,Rural,Literate,357301,216986,140315,140760,103894,36866,36659,20406,16253,27239,16975,10264,179882,92686,87196,10624,6116,4508
B0103,22,407,District - Kabeerdham,Rural,Literate but below matric/secondary,304741,179342,125399,114066,82238,31828,31044,16608,14436,22915,13764,9151,159631,80496,79135,5515,2566,2949
B0103,22,407,District - Kabeerdham,Rural,Matric/secondary but below graduate,36490,26466,10024,15760,13274,2486,3816,2758,1058,2918,2318,600,16914,10434,6480,4145,2893,1252
B0103,22,407,District - Kabeerdham,Rural,Technical diploma or certificate not equal to degree,155,131,24,92,79,13,12,10,2,9,8,1,51,42,9,26,24,2
B0103,22,407,District - Kabeerdham,Rural,Graduate and above other than technical degree,7560,6163,1397,5698,4940,758,526,437,89,433,378,55,1336,786,550,683,481,202
B0103,22,407,District - Kabeerdham,Rural,Technical degree or diploma equal to degree or post-graduate degree,403,350,53,235,210,25,14,10,4,9,6,3,154,130,24,76,65,11
B0103,22,407,District - Kabeerdham,Urban,Total,87395,44117,43278,28247,20811,7436,3709,1841,1868,2535,1422,1113,55439,21465,33974,4781,1907,2874
B0103,22,407,District - Kabeerdham,Urban,Illiterate,30529,12600,17929,7776,3759,4017,1872,598,1274,1272,479,793,20881,8243,12638,734,147,587
B0103,22,407,District - Kabeerdham,Urban,Literate,56866,31517,25349,20471,17052,3419,1837,1243,594,1263,943,320,34558,13222,21336,4047,1760,2287
B0103,22,407,District - Kabeerdham,Urban,Literate but below matric/secondary,35852,18811,17041,10196,8500,1696,1440,949,491,1006,732,274,24216,9362,14854,1582,592,990
B0103,22,407,District - Kabeerdham,Urban,Matric/secondary but below graduate,12840,7513,5327,4852,4260,592,250,193,57,160,134,26,7738,3060,4678,1688,816,872
B0103,22,407,District - Kabeerdham,Urban,Technical diploma or certificate not equal to degree,152,128,24,99,89,10,4,4,0,2,2,0,49,35,14,26,19,7
B0103,22,407,District - Kabeerdham,Urban,Graduate and above other than technical degree,6503,4116,2387,4490,3561,929,84,59,25,55,45,10,1929,496,1433,616,243,373
B0103,22,407,District - Kabeerdham,Urban,Technical degree or diploma equal to degree or post-graduate degree,608,457,151,409,326,83,7,4,3,6,4,2,192,127,65,80,65,15
B0103,22,408,District - Rajnandgaon,Total,Total,1537133,762855,774278,595959,358946,237013,204133,77665,126468,113449,52857,60592,737041,326244,410797,35574,15711,19863
B0103,22,408,District - Rajnandgaon,Total,Illiterate,528754,201500,327254,164824,60812,104012,66695,13915,52780,32341,8645,23696,297235,126773,170462,3643,894,2749
B0103,22,408,District - Rajnandgaon,Total,Literate,1008379,561355,447024,431135,298134,133001,137438,63750,73688,81108,44212,36896,439806,199471,240335,31931,14817,17114
B0103,22,408,District - Rajnandgaon,Total,Literate but below matric/secondary,776764,417318,359446,313460,205299,108161,112358,49218,63140,65483,33827,31656,350946,162801,188145,14159,6030,8129
B0103,22,408,District - Rajnandgaon,Total,Matric/secondary but below graduate,155057,97785,57272,70404,57846,12558,18102,11159,6943,11400,7969,3431,66551,28780,37771,12392,6351,6041
B0103,22,408,District - Rajnandgaon,Total,Technical diploma or certificate not equal to degree,1288,1070,218,713,654,59,74,60,14,57,46,11,501,356,145,202,145,57
B0103,22,408,District - Rajnandgaon,Total,Graduate and above other than technical degree,45340,29931,15409,29923,24349,5574,2107,1552,555,1507,1188,319,13310,4030,9280,3751,1501,2250
B0103,22,408,District - Rajnandgaon,Total,Technical degree or diploma equal to degree or post-graduate degree,4019,2775,1244,2266,1753,513,107,75,32,67,50,17,1646,947,699,662,427,235
B0103,22,408,District - Rajnandgaon,Rural,Total,1264621,626212,638409,501981,289757,212224,194017,72929,121088,108097,49853,58244,568623,263526,305097,20941,9566,11375
B0103,22,408,District - Rajnandgaon,Rural,Illiterate,461695,174988,286707,150262,54620,95642,63599,13156,50443,30850,8157,22693,247834,107212,140622,2603,636,1967
B0103,22,408,District - Rajnandgaon,Rural,Literate,802926,451224,351702,351719,235137,116582,130418,59773,70645,77247,41696,35551,320789,156314,164475,18338,8930,9408
B0103,22,408,District - Rajnandgaon,Rural,Literate but below matric/secondary,658043,355489,302554,274289,175077,99212,107259,46443,60816,62712,32070,30642,276495,133969,142526,9266,3840,5426
B0103,22,408,District - Rajnandgaon,Rural,Matric/secondary but below graduate,103778,69774,34004,50871,41025,9846,16859,10349,6510,10684,7447,3237,36048,18400,17648,7148,4033,3115
B0103,22,408,District - Rajnandgaon,Rural,Technical diploma or certificate not equal to degree,577,490,87,271,240,31,68,55,13,54,44,10,238,195,43,96,77,19
B0103,22,408,District - Rajnandgaon,Rural,Graduate and above other than technical degree,18080,14215,3865,13305,11383,1922,1716,1299,417,1271,1026,245,3059,1533,1526,1218,642,576
B0103,22,408,District - Rajnandgaon,Rural,Technical degree or diploma equal to degree or post-graduate degree,1037,846,191,613,529,84,72,53,19,43,36,7,352,264,88,141,110,31
B0103,22,408,District - Rajnandgaon,Urban,Total,272512,136643,135869,93978,69189,24789,10116,4736,5380,5352,3004,2348,168418,62718,105700,14633,6145,8488
B0103,22,408,District - Rajnandgaon,Urban,Illiterate,67059,26512,40547,14562,6192,8370,3096,759,2337,1491,488,1003,49401,19561,29840,1040,258,782
B0103,22,408,District - Rajnandgaon,Urban,Literate,205453,110131,95322,79416,62997,16419,7020,3977,3043,3861,2516,1345,119017,43157,75860,13593,5887,7706
B0103,22,408,District - Rajnandgaon,Urban,Literate but below matric/secondary,118721,61829,56892,39171,30222,8949,5099,2775,2324,2771,1757,1014,74451,28832,45619,4893,2190,2703
B0103,22,408,District - Rajnandgaon,Urban,Matric/secondary but below graduate,51279,28011,23268,19533,16821,2712,1243,810,433,716,522,194,30503,10380,20123,5244,2318,2926
B0103,22,408,District - Rajnandgaon,Urban,Technical diploma or certificate not equal to degree,711,580,131,442,414,28,6,5,1,3,2,1,263,161,102,106,68,38
B0103,22,408,District - Rajnandgaon,Urban,Graduate and above other than technical degree,27260,15716,11544,16618,12966,3652,391,253,138,236,162,74,10251,2497,7754,2533,859,1674
B0103,22,408,District - Rajnandgaon,Urban,Technical degree or diploma equal to degree or post-graduate degree,2982,1929,1053,1653,1224,429,35,22,13,24,14,10,1294,683,611,521,317,204
B0103,22,409,District - Durg,Total,Total,3343872,1682101,1661771,1206793,803118,403675,290012,118611,171401,157057,78274,78783,1847067,760372,1086695,114462,54268,60194
B0103,22,409,District - Durg,Total,Illiterate,1040494,397489,643005,293144,113406,179738,92202,19661,72541,44366,11812,32554,655148,264422,390726,10170,2357,7813
B0103,22,409,District - Durg,Total,Literate,2303378,1284612,1018766,913649,689712,223937,197810,98950,98860,112691,66462,46229,1191919,495950,695969,104292,51911,52381
B0103,22,409,District - Durg,Total,Literate but below matric/secondary,1540166,817607,722559,555244,388552,166692,149028,68337,80691,82971,45245,37726,835894,360718,475176,41462,19214,22248
B0103,22,409,District - Durg,Total,Matric/secondary but below graduate,498272,309538,188734,209322,184613,24709,33867,22657,11210,20997,15860,5137,255083,102268,152815,39781,21822,17959
B0103,22,409,District - Durg,Total,Technical diploma or certificate not equal to degree,18495,16644,1851,12565,12038,527,514,462,52,383,349,34,5416,4144,1272,1886,1570,316
B0103,22,409,District - Durg,Total,Graduate and above other than technical degree,160689,92928,67761,90217,72891,17326,5080,3620,1460,3228,2485,743,65392,16417,48975,15148,5933,9215
B0103,22,409,District - Durg,Total,Technical degree or diploma equal to degree or post-graduate degree,27069,18666,8403,15245,11924,3321,450,316,134,278,201,77,11374,6426,4948,3713,2299,1414
B0103,22,409,District - Durg,Rural,Total,2059107,1026152,1032955,796644,475523,321121,253864,98453,155411,137862,66108,71754,1008599,452176,556423,51742,24194,27548
B0103,22,409,District - Durg,Rural,Illiterate,728954,273932,455022,231505,82736,148769,82265,16714,65551,39663,10138,29525,415184,174482,240702,5880,1228,4652
B0103,22,409,District - Durg,Rural,Literate,1330153,752220,577933,565139,392787,172352,171599,81739,89860,98199,55970,42229,593415,277694,315721,45862,22966,22896
B0103,22,409,District - Durg,Rural,Literate but below matric/secondary,1027076,551489,475587,410897,267957,142940,132122,57895,74227,73819,38902,34917,484057,225637,258420,22041,9554,12487
B0103,22,409,District - Durg,Rural,Matric/secondary but below graduate,222982,150230,72752,105212,88803,16409,27978,18107,9871,17535,13010,4525,89792,43320,46472,18467,10502,7965
B0103,22,409,District - Durg,Rural,Technical diploma or certificate not equal to degree,2847,2559,288,1534,1469,65,270,244,26,221,203,18,1043,846,197,466,403,63
B0103,22,409,District - Durg,Rural,Graduate and above other than technical degree,35353,26315,9038,23237,20083,3154,3224,2409,815,2211,1783,428,8892,3823,5069,3353,1674,1679
B0103,22,409,District - Durg,Rural,Technical degree or diploma equal to degree or post-graduate degree,2839,2297,542,1591,1385,206,135,115,20,93,80,13,1113,797,316,451,330,121
B0103,22,409,District - Durg,Urban,Total,1284765,655949,628816,410149,327595,82554,36148,20158,15990,19195,12166,7029,838468,308196,530272,62720,30074,32646
B0103,22,409,District - Durg,Urban,Illiterate,311540,123557,187983,61639,30670,30969,9937,2947,6990,4703,1674,3029,239964,89940,150024,4290,1129,3161
B0103,22,409,District - Durg,Urban,Literate,973225,532392,440833,348510,296925,51585,26211,17211,9000,14492,10492,4000,598504,218256,380248,58430,28945,29485
B0103,22,409,District - Durg,Urban,Literate but below matric/secondary,513090,266118,246972,144347,120595,23752,16906,10442,6464,9152,6343,2809,351837,135081,216756,19421,9660,9761
B0103,22,409,District - Durg,Urban,Matric/secondary but below graduate,275290,159308,115982,104110,95810,8300,5889,4550,1339,3462,2850,612,165291,58948,106343,21314,11320,9994
B0103,22,409,District - Durg,Urban,Technical diploma or certificate not equal to degree,15648,14085,1563,11031,10569,462,244,218,26,162,146,16,4373,3298,1075,1420,1167,253
B0103,22,409,District - Durg,Urban,Graduate and above other than technical degree,125336,66613,58723,66980,52808,14172,1856,1211,645,1017,702,315,56500,12594,43906,11795,4259,7536
B0103,22,409,District - Durg,Urban,Technical degree or diploma equal to degree or post-graduate degree,24230,16369,7861,13654,10539,3115,315,201,114,185,121,64,10261,5629,4632,3262,1969,1293
B0103,22,410,District - Raipur,Total,Total,4063872,2048186,2015686,1259138,879956,379182,498526,220008,278518,302569,153165,149404,2306208,948222,1357986,144423,61738,82685
B0103,22,410,District - Raipur,Total,Illiterate,1434123,555028,879095,337576,145622,191954,205143,51387,153756,118638,35152,83486,891404,358019,533385,24610,4466,20144
B0103,22,410,District - Raipur,Total,Literate,2629749,1493158,1136591,921562,734334,187228,293383,168621,124762,183931,118013,65918,1414804,590203,824601,119813,57272,62541
B0103,22,410,District - Raipur,Total,Literate but below matric/secondary,1825552,1000850,824702,555067,421678,133389,230931,126889,104042,145016,89307,55709,1039554,452283,587271,59980,26669,33311
B0103,22,410,District - Raipur,Total,Matric/secondary but below graduate,515418,314815,200603,202200,179003,23197,44131,30352,13779,28328,21459,6869,269087,105460,163627,41285,22078,19207
B0103,22,410,District - Raipur,Total,Technical diploma or certificate not equal to degree,8940,7617,1323,5361,5026,335,404,358,46,253,226,27,3175,2233,942,915,727,188
B0103,22,410,District - Raipur,Total,Graduate and above other than technical degree,197877,121284,76593,118418,98202,20216,7679,5519,2160,4292,3423,869,71780,17563,54217,12603,5185,7418
B0103,22,410,District - Raipur,Total,Technical degree or diploma equal to degree or post-graduate degree,27869,19113,8756,16380,12920,3460,755,511,244,337,237,100,10734,5682,5052,2927,1732,1195
B0103,22,410,District - Raipur,Rural,Total,2580583,1288567,1292016,772100,497062,275038,443593,189819,253774,276148,137184,138964,1364890,601686,763204,85190,36001,49189
B0103,22,410,District - Raipur,Rural,Illiterate,1034869,390269,644600,255763,104916,150847,189008,46233,142775,111050,32358,78692,590098,239120,350978,18382,2950,15432
B0103,22,410,District - Raipur,Rural,Literate,1545714,898298,647416,516337,392146,124191,254585,143586,110999,165098,104826,60272,774792,362566,412226,66808,33051,33757
B0103,22,410,District - Raipur,Rural,Literate but below matric/secondary,1227158,685668,541490,378996,275485,103511,206466,111367,95099,132743,80793,51950,641696,298816,342880,38739,17008,21731
B0103,22,410,District - Raipur,Rural,Matric/secondary but below graduate,237027,156355,80672,90966,78733,12233,35505,24386,11119,24142,18330,5812,110556,53236,57320,22422,12785,9637
B0103,22,410,District - Raipur,Rural,Technical diploma or certificate not equal to degree,3056,2777,279,1473,1401,72,249,233,16,181,171,10,1334,1143,191,504,447,57
B0103,22,410,District - Raipur,Rural,Graduate and above other than technical degree,44583,33590,10993,29169,25347,3822,4133,3325,808,2852,2467,385,11281,4918,6363,3645,2054,1591
B0103,22,410,District - Raipur,Rural,Technical degree or diploma equal to degree or post-graduate degree,3519,2865,654,2041,1791,250,161,131,30,96,84,12,1317,943,374,453,330,123
B0103,22,410,District - Raipur,Urban,Total,1483289,759619,723670,487038,382894,104144,54933,30189,24744,26421,15981,10440,941318,346536,594782,59233,25737,33496
B0103,22,410,District - Raipur,Urban,Illiterate,399254,164759,234495,81813,40706,41107,16135,5154,10981,7588,2794,4794,301306,118899,182407,6228,1516,4712
B0103,22,410,District - Raipur,Urban,Literate,1084035,594860,489175,405225,342188,63037,38798,25035,13763,18833,13187,5646,640012,227637,412375,53005,24221,28784
B0103,22,410,District - Raipur,Urban,Literate but below matric/secondary,598394,315182,283212,176071,146193,29878,24465,15522,8943,12273,8514,3759,397858,153467,244391,21241,9661,11580
B0103,22,410,District - Raipur,Urban,Matric/secondary but below graduate,278391,158460,119931,111234,100270,10964,8626,5966,2660,4186,3129,1057,158531,52224,106307,18863,9293,9570
B0103,22,410,District - Raipur,Urban,Technical diploma or certificate not equal to degree,5884,4840,1044,3888,3625,263,155,125,30,72,55,17,1841,1090,751,411,280,131
B0103,22,410,District - Raipur,Urban,Graduate and above other than technical degree,153294,87694,65600,89249,72855,16394,3546,2194,1352,1440,956,484,60499,12645,47854,8958,3131,5827
B0103,22,410,District - Raipur,Urban,Technical degree or diploma equal to degree or post-graduate degree,24350,16248,8102,14339,11129,3210,594,380,214,241,153,88,9417,4739,4678,2474,1402,1072
B0103,22,411,District - Mahasamund,Total,Total,1032754,511967,520787,340802,230609,110193,158458,61249,97209,77998,39570,38428,533494,220109,313385,25533,11218,14315
B0103,22,411,District - Mahasamund,Total,Illiterate,394791,147878,246913,109977,48869,61108,67177,14908,52269,30099,9121,20978,217637,84101,133536,4040,647,3393
B0103,22,411,District - Mahasamund,Total,Literate,637963,364089,273874,230825,181740,49085,91281,46341,44940,47899,30449,17450,315857,136008,179849,21493,10571,10922
B0103,22,411,District - Mahasamund,Total,Literate but below matric/secondary,484121,265723,218398,160983,122538,38445,73657,35251,38406,37932,23042,14890,249481,107934,141547,10557,4498,6059
B0103,22,411,District - Mahasamund,Total,Matric/secondary but below graduate,104748,66613,38135,41094,35973,5121,12048,8107,3941,7041,5515,1526,51606,22533,29073,7973,4498,3475
B0103,22,411,District - Mahasamund,Total,Technical diploma or certificate not equal to degree,651,528,123,311,282,29,44,37,7,25,24,1,296,209,87,95,72,23
B0103,22,411,District - Mahasamund,Total,Graduate and above other than technical degree,27022,19499,7523,18300,15594,2706,1490,1206,284,917,814,103,7232,2699,4533,1954,1014,940
B0103,22,411,District - Mahasamund,Total,Technical degree or diploma equal to degree or post-graduate degree,2053,1594,459,1215,1022,193,61,51,10,39,34,5,777,521,256,272,180,92
B0103,22,411,District - Mahasamund,Rural,Total,912602,451691,460911,301664,200341,101323,153724,58768,94956,75342,37999,37343,457214,192582,264632,20650,9106,11544
B0103,22,411,District - Mahasamund,Rural,Illiterate,360535,134520,226015,102494,45221,57273,65503,14448,51055,29191,8836,20355,192538,74851,117687,3409,529,2880
B0103,22,411,District - Mahasamund,Rural,Literate,552067,317171,234896,199170,155120,44050,88221,44320,43901,46151,29163,16988,264676,117731,146945,17241,8577,8664
B0103,22,411,District - Mahasamund,Rural,Literate but below matric/secondary,434066,239452,194614,146122,110052,36070,71521,33888,37633,36681,22145,14536,216423,95512,120911,8841,3709,5132
B0103,22,411,District - Mahasamund,Rural,Matric/secondary but below graduate,83980,55103,28877,33392,29120,4272,11514,7712,3802,6738,5261,1477,39074,18271,20803,6528,3764,2764
B0103,22,411,District - Mahasamund,Rural,Technical diploma or certificate not equal to degree,366,302,64,158,135,23,39,33,6,22,21,1,169,134,35,59,51,8
B0103,22,411,District - Mahasamund,Rural,Graduate and above other than technical degree,16161,12782,3379,11257,9969,1288,1280,1052,228,816,739,77,3624,1761,1863,1209,719,490
B0103,22,411,District - Mahasamund,Rural,Technical degree or diploma equal to degree or post-graduate degree,1023,857,166,613,540,73,37,31,6,25,22,3,373,286,87,138,103,35
B0103,22,411,District - Mahasamund,Urban,Total,120152,60276,59876,39138,30268,8870,4734,2481,2253,2656,1571,1085,76280,27527,48753,4883,2112,2771
B0103,22,411,District - Mahasamund,Urban,Illiterate,34256,13358,20898,7483,3648,3835,1674,460,1214,908,285,623,25099,9250,15849,631,118,513
B0103,22,411,District - Mahasamund,Urban,Literate,85896,46918,38978,31655,26620,5035,3060,2021,1039,1748,1286,462,51181,18277,32904,4252,1994,2258
B0103,22,411,District - Mahasamund,Urban,Literate but below matric/secondary,50055,26271,23784,14861,12486,2375,2136,1363,773,1251,897,354,33058,12422,20636,1716,789,927
B0103,22,411,District - Mahasamund,Urban,Matric/secondary but below graduate,20768,11510,9258,7702,6853,849,534,395,139,303,254,49,12532,4262,8270,1445,734,711
B0103,22,411,District - Mahasamund,Urban,Technical diploma or certificate not equal to degree,285,226,59,153,147,6,5,4,1,3,3,0,127,75,52,36,21,15
B0103,22,411,District - Mahasamund,Urban,Graduate and above other than technical degree,10861,6717,4144,7043,5625,1418,210,154,56,101,75,26,3608,938,2670,745,295,450
B0103,22,411,District - Mahasamund,Urban,Technical degree or diploma equal to degree or post-graduate degree,1030,737,293,602,482,120,24,20,4,14,12,2,404,235,169,134,77,57
B0103,22,412,District - Dhamtari ,Total,Total,799781,397897,401884,335368,202027,133341,67527,24355,43172,37055,16487,20568,396886,171515,225371,20637,9375,11262
B0103,22,412,District - Dhamtari ,Total,Illiterate,252948,93973,158975,83131,28934,54197,20587,3722,16865,9840,2260,7580,149230,61317,87913,1665,361,1304
B0103,22,412,District - Dhamtari ,Total,Literate,546833,303924,242909,252237,173093,79144,46940,20633,26307,27215,14227,12988,247656,110198,137458,18972,9014,9958
B0103,22,412,District - Dhamtari ,Total,Literate but below matric/secondary,407074,217179,189895,180420,116094,64326,36388,14761,21627,20698,10011,10687,190266,86324,103942,7470,3154,4316
B0103,22,412,District - Dhamtari ,Total,Matric/secondary but below graduate,96206,59096,37110,43529,35570,7959,7625,4374,3251,4810,3203,1607,45052,19152,25900,8521,4333,4188
B0103,22,412,District - Dhamtari ,Total,Technical diploma or certificate not equal to degree,1147,946,201,613,568,45,52,42,10,34,31,3,482,336,146,190,143,47
B0103,22,412,District - Dhamtari ,Total,Graduate and above other than technical degree,24889,17143,7746,17005,14196,2809,960,693,267,648,502,146,6924,2254,4670,1960,916,1044
B0103,22,412,District - Dhamtari ,Total,Technical degree or diploma equal to degree or post-graduate degree,2286,1671,615,1386,1129,257,47,41,6,32,29,3,853,501,352,354,212,142
B0103,22,412,District - Dhamtari ,Rural,Total,650586,323420,327166,282958,164782,118176,59595,20659,38936,32797,14240,18557,308033,137979,170054,15068,6832,8236
B0103,22,412,District - Dhamtari ,Rural,Illiterate,214761,79370,135391,74049,25344,48705,18224,3153,15071,8703,1936,6767,122488,50873,71615,1237,250,987
B0103,22,412,District - Dhamtari ,Rural,Literate,435825,244050,191775,208909,139438,69471,41371,17506,23865,24094,12304,11790,185545,87106,98439,13831,6582,7249
B0103,22,412,District - Dhamtari ,Rural,Literate but below matric/secondary,339969,182524,157445,157883,99631,58252,32231,12570,19661,18365,8660,9705,149855,70323,79532,5480,2225,3255
B0103,22,412,District - Dhamtari ,Rural,Matric/secondary but below graduate,69500,44235,25265,33150,26631,6519,6715,3744,2971,4292,2805,1487,29635,13860,15775,6589,3382,3207
B0103,22,412,District - Dhamtari ,Rural,Technical diploma or certificate not equal to degree,516,425,91,233,213,20,39,33,6,29,26,3,244,179,65,130,95,35
B0103,22,412,District - Dhamtari ,Rural,Graduate and above other than technical degree,12633,9771,2862,9266,7993,1273,729,525,204,531,410,121,2638,1253,1385,1127,590,537
B0103,22,412,District - Dhamtari ,Rural,Technical degree or diploma equal to degree or post-graduate degree,841,675,166,487,433,54,30,25,5,22,20,2,324,217,107,168,102,66
B0103,22,412,District - Dhamtari ,Urban,Total,149195,74477,74718,52410,37245,15165,7932,3696,4236,4258,2247,2011,88853,33536,55317,5569,2543,3026
B0103,22,412,District - Dhamtari ,Urban,Illiterate,38187,14603,23584,9082,3590,5492,2363,569,1794,1137,324,813,26742,10444,16298,428,111,317
B0103,22,412,District - Dhamtari ,Urban,Literate,111008,59874,51134,43328,33655,9673,5569,3127,2442,3121,1923,1198,62111,23092,39019,5141,2432,2709
B0103,22,412,District - Dhamtari ,Urban,Literate but below matric/secondary,67105,34655,32450,22537,16463,6074,4157,2191,1966,2333,1351,982,40411,16001,24410,1990,929,1061
B0103,22,412,District - Dhamtari ,Urban,Matric/secondary but below graduate,26706,14861,11845,10379,8939,1440,910,630,280,518,398,120,15417,5292,10125,1932,951,981
B0103,22,412,District - Dhamtari ,Urban,Technical diploma or certificate not equal to degree,631,521,110,380,355,25,13,9,4,5,5,0,238,157,81,60,48,12
B0103,22,412,District - Dhamtari ,Urban,Graduate and above other than technical degree,12256,7372,4884,7739,6203,1536,231,168,63,117,92,25,4286,1001,3285,833,326,507
B0103,22,412,District - Dhamtari ,Urban,Technical degree or diploma equal to degree or post-graduate degree,1445,996,449,899,696,203,17,16,1,10,9,1,529,284,245,186,110,76
B0103,22,413,District - Uttar Bastar Kanker,Total,Total,748941,373338,375603,285536,179902,105634,103823,37611,66212,57371,25423,31948,359582,155825,203757,20691,7027,13664
B0103,22,413,District - Uttar Bastar Kanker,Total,Illiterate,292899,115040,177859,100143,44962,55181,39905,8159,31746,18423,4870,13553,152851,61919,90932,3619,390,3229
B0103,22,413,District - Uttar Bastar Kanker,Total,Literate,456042,258298,197744,185393,134940,50453,63918,29452,34466,38948,20553,18395,206731,93906,112825,17072,6637,10435
B0103,22,413,District - Uttar Bastar Kanker,Total,Literate but below matric/secondary,337507,183239,154268,124305,86692,37613,48723,21033,27690,28656,14132,14524,164479,75514,88965,7739,2336,5403
B0103,22,413,District - Uttar Bastar Kanker,Total,Matric/secondary but below graduate,76653,49911,26742,34942,29295,5647,9573,5995,3578,6768,4621,2147,32138,14621,17517,6791,3267,3524
B0103,22,413,District - Uttar Bastar Kanker,Total,Technical diploma or certificate not equal to degree,469,363,106,267,235,32,46,31,15,35,25,10,156,97,59,62,42,20
B0103,22,413,District - Uttar Bastar Kanker,Total,Graduate and above other than technical degree,17706,12322,5384,12650,10062,2588,1108,794,314,834,628,206,3948,1466,2482,1545,619,926
B0103,22,413,District - Uttar Bastar Kanker,Total,Technical degree or diploma equal to degree or post-graduate degree,1162,881,281,763,619,144,24,19,5,17,13,4,375,243,132,183,118,65
B0103,22,413,District - Uttar Bastar Kanker,Rural,Total,672180,335149,337031,260375,161402,98973,99371,35184,64187,54682,23749,30933,312434,138563,173871,15413,5198,10215
B0103,22,413,District - Uttar Bastar Kanker,Rural,Illiterate,275321,108086,167235,96922,43549,53373,38710,7752,30958,17797,4608,13189,139689,56785,82904,3255,353,2902
B0103,22,413,District - Uttar Bastar Kanker,Rural,Literate,396859,227063,169796,163453,117853,45600,60661,27432,33229,36885,19141,17744,172745,81778,90967,12158,4845,7313
B0103,22,413,District - Uttar Bastar Kanker,Rural,Literate but below matric/secondary,306071,167762,138309,115779,80213,35566,46559,19733,26826,27319,13241,14078,143733,67816,75917,6156,1893,4263
B0103,22,413,District - Uttar Bastar Kanker,Rural,Matric/secondary but below graduate,59989,40614,19375,28469,23821,4648,8867,5497,3370,6284,4259,2025,22653,11296,11357,4627,2345,2282
B0103,22,413,District - Uttar Bastar Kanker,Rural,Technical diploma or certificate not equal to degree,269,201,68,135,117,18,42,28,14,32,22,10,92,56,36,36,22,14
B0103,22,413,District - Uttar Bastar Kanker,Rural,Graduate and above other than technical degree,10099,7707,2392,7407,6188,1219,957,696,261,731,556,175,1735,823,912,731,342,389
B0103,22,413,District - Uttar Bastar Kanker,Rural,Technical degree or diploma equal to degree or post-graduate degree,463,383,80,301,262,39,17,14,3,12,10,2,145,107,38,73,53,20
B0103,22,413,District - Uttar Bastar Kanker,Urban,Total,76761,38189,38572,25161,18500,6661,4452,2427,2025,2689,1674,1015,47148,17262,29886,5278,1829,3449
B0103,22,413,District - Uttar Bastar Kanker,Urban,Illiterate,17578,6954,10624,3221,1413,1808,1195,407,788,626,262,364,13162,5134,8028,364,37,327
B0103,22,413,District - Uttar Bastar Kanker,Urban,Literate,59183,31235,27948,21940,17087,4853,3257,2020,1237,2063,1412,651,33986,12128,21858,4914,1792,3122
B0103,22,413,District - Uttar Bastar Kanker,Urban,Literate but below matric/secondary,31436,15477,15959,8526,6479,2047,2164,1300,864,1337,891,446,20746,7698,13048,1583,443,1140
B0103,22,413,District - Uttar Bastar Kanker,Urban,Matric/secondary but below graduate,16664,9297,7367,6473,5474,999,706,498,208,484,362,122,9485,3325,6160,2164,922,1242
B0103,22,413,District - Uttar Bastar Kanker,Urban,Technical diploma or certificate not equal to degree,200,162,38,132,118,14,4,3,1,3,3,0,64,41,23,26,20,6
B0103,22,413,District - Uttar Bastar Kanker,Urban,Graduate and above other than technical degree,7607,4615,2992,5243,3874,1369,151,98,53,103,72,31,2213,643,1570,814,277,537
B0103,22,413,District - Uttar Bastar Kanker,Urban,Technical degree or diploma equal to degree or post-graduate degree,699,498,201,462,357,105,7,5,2,5,3,2,230,136,94,110,65,45
B0103,22,414,District - Bastar,Total,Total,1413199,698487,714712,394824,287983,106841,331707,116381,215326,177722,76282,101440,686668,294123,392545,38517,13529,24988
B0103,22,414,District - Bastar,Total,Illiterate,762336,316152,446184,197607,124413,73194,206647,49642,157005,102995,31501,71494,358082,142097,215985,11392,1641,9751
B0103,22,414,District - Bastar,Total,Literate,650863,382335,268528,197217,163570,33647,125060,66739,58321,74727,44781,29946,328586,152026,176560,27125,11888,15237
B0103,22,414,District - Bastar,Total,Literate but below matric/secondary,499001,286164,212837,126513,105884,20629,102824,52817,50007,59496,34404,25092,269664,127463,142201,13416,5384,8032
B0103,22,414,District - Bastar,Total,Matric/secondary but below graduate,95399,61056,34343,38454,32723,5731,14304,9584,4720,10149,7289,2860,42641,18749,23892,9818,4913,4905
B0103,22,414,District - Bastar,Total,Technical diploma or certificate not equal to degree,948,722,226,512,445,67,71,59,12,56,47,9,365,218,147,187,117,70
B0103,22,414,District - Bastar,Total,Graduate and above other than technical degree,28916,18385,10531,20220,15430,4790,1207,864,343,917,695,222,7489,2091,5398,2374,865,1509
B0103,22,414,District - Bastar,Total,Technical degree or diploma equal to degree or post-graduate degree,2685,1802,883,1692,1287,405,62,49,13,42,33,9,931,466,465,355,194,161
B0103,22,414,District - Bastar,Rural,Total,1219705,600652,619053,331587,239449,92138,320203,111190,209013,172147,73200,98947,567915,250013,317902,26519,9011,17508
B0103,22,414,District - Bastar,Rural,Illiterate,708648,294754,413894,186178,118101,68077,201968,48547,153421,101232,30900,70332,320502,128106,192396,10305,1490,8815
B0103,22,414,District - Bastar,Rural,Literate,511057,305898,205159,145409,121348,24061,118235,62643,55592,70915,42300,28615,247413,121907,125506,16214,7521,8693
B0103,22,414,District - Bastar,Rural,Literate but below matric/secondary,424347,246810,177537,106472,89043,17429,97998,50068,47930,56982,32822,24160,219877,107699,112178,9744,3966,5778
B0103,22,414,District - Bastar,Rural,Matric/secondary but below graduate,56524,39118,17406,22782,19426,3356,12985,8647,4338,9268,6656,2612,20757,11045,9712,5170,2939,2231
B0103,22,414,District - Bastar,Rural,Technical diploma or certificate not equal to degree,268,219,49,116,103,13,53,44,9,41,35,6,99,72,27,50,37,13
B0103,22,414,District - Bastar,Rural,Graduate and above other than technical degree,10049,7509,2540,7802,6218,1584,873,662,211,692,551,141,1374,629,745,560,278,282
B0103,22,414,District - Bastar,Rural,Technical degree or diploma equal to degree or post-graduate degree,492,372,120,338,279,59,27,22,5,21,17,4,127,71,56,52,26,26
B0103,22,414,District - Bastar,Urban,Total,193494,97835,95659,63237,48534,14703,11504,5191,6313,5575,3082,2493,118753,44110,74643,11998,4518,7480
B0103,22,414,District - Bastar,Urban,Illiterate,53688,21398,32290,11429,6312,5117,4679,1095,3584,1763,601,1162,37580,13991,23589,1087,151,936
B0103,22,414,District - Bastar,Urban,Literate,139806,76437,63369,51808,42222,9586,6825,4096,2729,3812,2481,1331,81173,30119,51054,10911,4367,6544
B0103,22,414,District - Bastar,Urban,Literate but below matric/secondary,74654,39354,35300,20041,16841,3200,4826,2749,2077,2514,1582,932,49787,19764,30023,3672,1418,2254
B0103,22,414,District - Bastar,Urban,Matric/secondary but below graduate,38875,21938,16937,15672,13297,2375,1319,937,382,881,633,248,21884,7704,14180,4648,1974,2674
B0103,22,414,District - Bastar,Urban,Technical diploma or certificate not equal to degree,680,503,177,396,342,54,18,15,3,15,12,3,266,146,120,137,80,57
B0103,22,414,District - Bastar,Urban,Graduate and above other than technical degree,18867,10876,7991,12418,9212,3206,334,202,132,225,144,81,6115,1462,4653,1814,587,1227
B0103,22,414,District - Bastar,Urban,Technical degree or diploma equal to degree or post-graduate degree,2193,1430,763,1354,1008,346,35,27,8,21,16,5,804,395,409,303,168,135
B0103,22,415,District - Narayanpur,Total,Total,139820,70104,69716,42056,27787,14269,29033,10399,18634,13883,5786,8097,68731,31918,36813,3110,1246,1864
B0103,22,415,District - Narayanpur,Total,Illiterate,83199,36655,46544,25337,14390,10947,20019,5499,14520,8840,2852,5988,37843,16766,21077,909,225,684
B0103,22,415,District - Narayanpur,Total,Literate,56621,33449,23172,16719,13397,3322,9014,4900,4114,5043,2934,2109,30888,15152,15736,2201,1021,1180
B0103,22,415,District - Narayanpur,Total,Literate but below matric/secondary,43028,24352,18676,9501,7485,2016,7370,3898,3472,4042,2277,1765,26157,12969,13188,1100,489,611
B0103,22,415,District - Narayanpur,Total,Matric/secondary but below graduate,8639,5912,2727,4204,3598,606,886,594,292,585,413,172,3549,1720,1829,802,422,380
B0103,22,415,District - Narayanpur,Total,Technical diploma or certificate not equal to degree,39,33,6,34,30,4,0,0,0,0,0,0,5,3,2,3,2,1
B0103,22,415,District - Narayanpur,Total,Graduate and above other than technical degree,2418,1728,690,1879,1501,378,103,78,25,62,49,13,436,149,287,191,64,127
B0103,22,415,District - Narayanpur,Total,Technical degree or diploma equal to degree or post-graduate degree,163,124,39,127,103,24,1,1,0,1,1,0,35,20,15,15,8,7
B0103,22,415,District - Narayanpur,Rural,Total,117714,58653,59061,35296,22667,12629,27334,9604,17730,12953,5338,7615,55084,26382,28702,2115,867,1248
B0103,22,415,District - Narayanpur,Rural,Illiterate,77247,34407,42840,24259,13866,10393,19379,5318,14061,8494,2749,5745,33609,15223,18386,835,214,621
B0103,22,415,District - Narayanpur,Rural,Literate,40467,24246,16221,11037,8801,2236,7955,4286,3669,4459,2589,1870,21475,11159,10316,1280,653,627
B0103,22,415,District - Narayanpur,Rural,Literate but below matric/secondary,33415,19135,14280,7127,5531,1596,6613,3488,3125,3621,2043,1578,19675,10116,9559,853,411,442
B0103,22,415,District - Narayanpur,Rural,Matric/secondary but below graduate,4346,3332,1014,2396,2107,289,692,457,235,474,335,139,1258,768,490,335,199,136
B0103,22,415,District - Narayanpur,Rural,Technical diploma or certificate not equal to degree,7,7,0,7,7,0,0,0,0,0,0,0,0,0,0,0,0,0
B0103,22,415,District - Narayanpur,Rural,Graduate and above other than technical degree,850,692,158,713,598,115,66,52,14,45,36,9,71,42,29,30,15,15
B0103,22,415,District - Narayanpur,Rural,Technical degree or diploma equal to degree or post-graduate degree,23,19,4,21,18,3,0,0,0,0,0,0,2,1,1,0,0,0
B0103,22,415,District - Narayanpur,Urban,Total,22106,11451,10655,6760,5120,1640,1699,795,904,930,448,482,13647,5536,8111,995,379,616
B0103,22,415,District - Narayanpur,Urban,Illiterate,5952,2248,3704,1078,524,554,640,181,459,346,103,243,4234,1543,2691,74,11,63
B0103,22,415,District - Narayanpur,Urban,Literate,16154,9203,6951,5682,4596,1086,1059,614,445,584,345,239,9413,3993,5420,921,368,553
B0103,22,415,District - Narayanpur,Urban,Literate but below matric/secondary,9613,5217,4396,2374,1954,420,757,410,347,421,234,187,6482,2853,3629,247,78,169
B0103,22,415,District - Narayanpur,Urban,Matric/secondary but below graduate,4293,2580,1713,1808,1491,317,194,137,57,111,78,33,2291,952,1339,467,223,244
B0103,22,415,District - Narayanpur,Urban,Technical diploma or certificate not equal to degree,32,26,6,27,23,4,0,0,0,0,0,0,5,3,2,3,2,1
B0103,22,415,District - Narayanpur,Urban,Graduate and above other than technical degree,1568,1036,532,1166,903,263,37,26,11,17,13,4,365,107,258,161,49,112
B0103,22,415,District - Narayanpur,Urban,Technical degree or diploma equal to degree or post-graduate degree,140,105,35,106,85,21,1,1,0,1,1,0,33,19,14,15,8,7
B0103,22,416,District - Dakshin Bastar Dantewada,Total,Total,533638,264142,269496,184285,119699,64586,102310,33595,68715,52864,21239,31625,247043,110848,136195,13242,5231,8011
B0103,22,416,District - Dakshin Bastar Dantewada,Total,Illiterate,342401,147613,194788,120899,67633,53266,79964,20756,59208,40147,13304,26843,141538,59224,82314,4562,1224,3338
B0103,22,416,District - Dakshin Bastar Dantewada,Total,Literate,191237,116529,74708,63386,52066,11320,22346,12839,9507,12717,7935,4782,105505,51624,53881,8680,4007,4673
B0103,22,416,District - Dakshin Bastar Dantewada,Total,Literate but below matric/secondary,138639,81850,56789,34299,27599,6700,17964,10092,7872,9959,6096,3863,86376,44159,42217,4078,1830,2248
B0103,22,416,District - Dakshin Bastar Dantewada,Total,Matric/secondary but below graduate,31299,21123,10176,16129,14296,1833,2083,1513,570,1348,1018,330,13087,5314,7773,2996,1483,1513
B0103,22,416,District - Dakshin Bastar Dantewada,Total,Technical diploma or certificate not equal to degree,1174,1038,136,806,747,59,38,33,5,23,20,3,330,258,72,158,141,17
B0103,22,416,District - Dakshin Bastar Dantewada,Total,Graduate and above other than technical degree,10537,6585,3952,7530,5818,1712,238,155,83,151,108,43,2769,612,2157,959,318,641
B0103,22,416,District - Dakshin Bastar Dantewada,Total,Technical degree or diploma equal to degree or post-graduate degree,1170,887,283,875,746,129,12,7,5,8,4,4,283,134,149,133,74,59
B0103,22,416,District - Dakshin Bastar Dantewada,Rural,Total,437405,213930,223475,153461,95386,58075,97667,31117,66550,50657,20060,30597,186277,87427,98850,7077,2535,4542
B0103,22,416,District - Dakshin Bastar Dantewada,Rural,Illiterate,312024,135165,176859,114837,64194,50643,77585,19876,57709,38983,12839,26144,119602,51095,68507,3267,704,2563
B0103,22,416,District - Dakshin Bastar Dantewada,Rural,Literate,125381,78765,46616,38624,31192,7432,20082,11241,8841,11674,7221,4453,66675,36332,30343,3810,1831,1979
B0103,22,416,District - Dakshin Bastar Dantewada,Rural,Literate but below matric/secondary,102319,62405,39914,25543,20284,5259,16357,9007,7350,9210,5613,3597,60419,33114,27305,2333,1102,1231
B0103,22,416,District - Dakshin Bastar Dantewada,Rural,Matric/secondary but below graduate,13432,10029,3403,7611,6661,950,1665,1174,491,1173,873,300,4156,2194,1962,1069,565,504
B0103,22,416,District - Dakshin Bastar Dantewada,Rural,Technical diploma or certificate not equal to degree,134,111,23,82,69,13,15,13,2,12,10,2,37,29,8,18,15,3
B0103,22,416,District - Dakshin Bastar Dantewada,Rural,Graduate and above other than technical degree,3137,2280,857,2584,2062,522,142,93,49,100,71,29,411,125,286,187,62,125
B0103,22,416,District - Dakshin Bastar Dantewada,Rural,Technical degree or diploma equal to degree or post-graduate degree,122,98,24,99,87,12,1,0,1,0,0,0,22,11,11,14,9,5
B0103,22,416,District - Dakshin Bastar Dantewada,Urban,Total,96233,50212,46021,30824,24313,6511,4643,2478,2165,2207,1179,1028,60766,23421,37345,6165,2696,3469
B0103,22,416,District - Dakshin Bastar Dantewada,Urban,Illiterate,30377,12448,17929,6062,3439,2623,2379,880,1499,1164,465,699,21936,8129,13807,1295,520,775
B0103,22,416,District - Dakshin Bastar Dantewada,Urban,Literate,65856,37764,28092,24762,20874,3888,2264,1598,666,1043,714,329,38830,15292,23538,4870,2176,2694
B0103,22,416,District - Dakshin Bastar Dantewada,Urban,Literate but below matric/secondary,36320,19445,16875,8756,7315,1441,1607,1085,522,749,483,266,25957,11045,14912,1745,728,1017
B0103,22,416,District - Dakshin Bastar Dantewada,Urban,Matric/secondary but below graduate,17867,11094,6773,8518,7635,883,418,339,79,175,145,30,8931,3120,5811,1927,918,1009
B0103,22,416,District - Dakshin Bastar Dantewada,Urban,Technical diploma or certificate not equal to degree,1040,927,113,724,678,46,23,20,3,11,10,1,293,229,64,140,126,14
B0103,22,416,District - Dakshin Bastar Dantewada,Urban,Graduate and above other than technical degree,7400,4305,3095,4946,3756,1190,96,62,34,51,37,14,2358,487,1871,772,256,516
B0103,22,416,District - Dakshin Bastar Dantewada,Urban,Technical degree or diploma equal to degree or post-graduate degree,1048,789,259,776,659,117,11,7,4,8,4,4,261,123,138,119,65,54
B0103,22,417,District - Bijapur,Total,Total,255230,128663,126567,69338,44783,24555,65187,26808,38379,28988,14091,14897,120705,57072,63633,5600,2058,3542
B0103,22,417,District - Bijapur,Total,Illiterate,168311,74587,93724,42728,23356,19372,50942,18319,32623,21184,8973,12211,74641,32912,41729,2197,565,1632
B0103,22,417,District - Bijapur,Total,Literate,86919,54076,32843,26610,21427,5183,14245,8489,5756,7804,5118,2686,46064,24160,21904,3403,1493,1910
B0103,22,417,District - Bijapur,Total,Literate but below matric/secondary,64238,38186,26052,14219,10952,3267,10640,6222,4418,5717,3670,2047,39379,21012,18367,1580,643,937
B0103,22,417,District - Bijapur,Total,Matric/secondary but below graduate,14751,10454,4297,7609,6657,952,2091,1383,708,1372,974,398,5051,2414,2637,1409,673,736
B0103,22,417,District - Bijapur,Total,Technical diploma or certificate not equal to degree,56,48,8,41,38,3,0,0,0,0,0,0,15,10,5,9,5,4
B0103,22,417,District - Bijapur,Total,Graduate and above other than technical degree,3842,2840,1002,3015,2440,575,240,170,70,164,122,42,587,230,357,292,119,173
B0103,22,417,District - Bijapur,Total,Technical degree or diploma equal to degree or post-graduate degree,122,106,16,101,91,10,1,1,0,0,0,0,20,14,6,13,10,3
B0103,22,417,District - Bijapur,Rural,Total,225630,113344,112286,60603,38101,22502,62665,25496,37169,27684,13293,14391,102362,49747,52615,3746,1438,2308
B0103,22,417,District - Bijapur,Rural,Illiterate,157584,70212,87372,41035,22376,18659,49465,17737,31728,20458,8609,11849,67084,30099,36985,1826,507,1319
B0103,22,417,District - Bijapur,Rural,Literate,68046,43132,24914,19568,15725,3843,13200,7759,5441,7226,4684,2542,35278,19648,15630,1920,931,989
B0103,22,417,District - Bijapur,Rural,Literate but below matric/secondary,52931,32275,20656,11629,8939,2690,9941,5752,4189,5342,3393,1949,31361,17584,13777,1025,467,558
B0103,22,417,District - Bijapur,Rural,Matric/secondary but below graduate,9650,7058,2592,4908,4329,579,1860,1203,657,1232,863,369,2882,1526,1356,713,374,339
B0103,22,417,District - Bijapur,Rural,Technical diploma or certificate not equal to degree,8,7,1,5,5,0,0,0,0,0,0,0,3,2,1,2,1,1
B0103,22,417,District - Bijapur,Rural,Graduate and above other than technical degree,2060,1631,429,1645,1390,255,177,122,55,126,95,31,238,119,119,113,58,55
B0103,22,417,District - Bijapur,Rural,Technical degree or diploma equal to degree or post-graduate degree,39,34,5,30,27,3,1,1,0,0,0,0,8,6,2,6,5,1
B0103,22,417,District - Bijapur,Urban,Total,29600,15319,14281,8735,6682,2053,2522,1312,1210,1304,798,506,18343,7325,11018,1854,620,1234
B0103,22,417,District - Bijapur,Urban,Illiterate,10727,4375,6352,1693,980,713,1477,582,895,726,364,362,7557,2813,4744,371,58,313
B0103,22,417,District - Bijapur,Urban,Literate,18873,10944,7929,7042,5702,1340,1045,730,315,578,434,144,10786,4512,6274,1483,562,921
B0103,22,417,District - Bijapur,Urban,Literate but below matric/secondary,11307,5911,5396,2590,2013,577,699,470,229,375,277,98,8018,3428,4590,555,176,379
B0103,22,417,District - Bijapur,Urban,Matric/secondary but below graduate,5101,3396,1705,2701,2328,373,231,180,51,140,111,29,2169,888,1281,696,299,397
B0103,22,417,District - Bijapur,Urban,Technical diploma or certificate not equal to degree,48,41,7,36,33,3,0,0,0,0,0,0,12,8,4,7,4,3
B0103,22,417,District - Bijapur,Urban,Graduate and above other than technical degree,1782,1209,573,1370,1050,320,63,48,15,38,27,11,349,111,238,179,61,118
B0103,22,417,District - Bijapur,Urban,Technical degree or diploma equal to degree or post-graduate degree,83,72,11,71,64,7,0,0,0,0,0,0,12,8,4,7,5,2
B0103,23,418,District - Sheopur ,Total,Total,687861,361784,326077,196189,153183,43006,81266,30605,50661,40209,21663,18546,410406,177996,232410,18200,8871,9329
B0103,23,418,District - Sheopur ,Total,Illiterate,359836,153583,206253,96782,62042,34740,55742,13713,42029,25558,9851,15707,207312,77828,129484,6103,1221,4882
B0103,23,418,District - Sheopur ,Total,Literate,328025,208201,119824,99407,91141,8266,25524,16892,8632,14651,11812,2839,203094,100168,102926,12097,7650,4447
B0103,23,418,District - Sheopur ,Total,Literate but below matric/secondary,256247,157674,98573,66685,61514,5171,19653,12871,6782,11207,8991,2216,169909,83289,86620,6244,3639,2605
B0103,23,418,District - Sheopur ,Total,Matric/secondary but below graduate,43662,31736,11926,18165,16893,1272,3012,2418,594,1895,1730,165,22485,12425,10060,3719,2645,1074
B0103,23,418,District - Sheopur ,Total,Technical diploma or certificate not equal to degree,205,184,21,95,91,4,11,11,0,7,7,0,99,82,17,24,22,2
B0103,23,418,District - Sheopur ,Total,Graduate and above other than technical degree,12620,9420,3200,7712,6935,777,597,507,90,406,362,44,4311,1978,2333,1318,851,467
B0103,23,418,District - Sheopur ,Total,Technical degree or diploma equal to degree or post-graduate degree,1209,1002,207,640,569,71,44,39,5,28,28,0,525,394,131,238,197,41
B0103,23,418,District - Sheopur ,Rural,Total,580509,305360,275149,168556,129254,39302,75314,27031,48283,36257,18959,17298,336639,149075,187564,12669,6067,6602
B0103,23,418,District - Sheopur ,Rural,Illiterate,319456,136967,182489,90142,57288,32854,52875,12532,40343,23662,8891,14771,176439,67147,109292,4818,884,3934
B0103,23,418,District - Sheopur ,Rural,Literate,261053,168393,92660,78414,71966,6448,22439,14499,7940,12595,10068,2527,160200,81928,78272,7851,5183,2668
B0103,23,418,District - Sheopur ,Rural,Literate but below matric/secondary,216337,134979,81358,57433,52913,4520,17730,11362,6368,9889,7843,2046,141174,70704,70470,4735,2825,1910
B0103,23,418,District - Sheopur ,Rural,Matric/secondary but below graduate,28457,22106,6351,12518,11667,851,2424,1915,509,1506,1377,129,13515,8524,4991,2144,1656,488
B0103,23,418,District - Sheopur ,Rural,Technical diploma or certificate not equal to degree,102,93,9,41,38,3,9,9,0,7,7,0,52,46,6,14,13,1
B0103,23,418,District - Sheopur ,Rural,Graduate and above other than technical degree,5586,4691,895,3530,3271,259,391,339,52,276,255,21,1665,1081,584,547,430,117
B0103,23,418,District - Sheopur ,Rural,Technical degree or diploma equal to degree or post-graduate degree,563,496,67,291,267,24,29,25,4,19,19,0,243,204,39,99,89,10
B0103,23,418,District - Sheopur ,Urban,Total,107352,56424,50928,27633,23929,3704,5952,3574,2378,3952,2704,1248,73767,28921,44846,5531,2804,2727
B0103,23,418,District - Sheopur ,Urban,Illiterate,40380,16616,23764,6640,4754,1886,2867,1181,1686,1896,960,936,30873,10681,20192,1285,337,948
B0103,23,418,District - Sheopur ,Urban,Literate,66972,39808,27164,20993,19175,1818,3085,2393,692,2056,1744,312,42894,18240,24654,4246,2467,1779
B0103,23,418,District - Sheopur ,Urban,Literate but below matric/secondary,39910,22695,17215,9252,8601,651,1923,1509,414,1318,1148,170,28735,12585,16150,1509,814,695
B0103,23,418,District - Sheopur ,Urban,Matric/secondary but below graduate,15205,9630,5575,5647,5226,421,588,503,85,389,353,36,8970,3901,5069,1575,989,586
B0103,23,418,District - Sheopur ,Urban,Technical diploma or certificate not equal to degree,103,91,12,54,53,1,2,2,0,0,0,0,47,36,11,10,9,1
B0103,23,418,District - Sheopur ,Urban,Graduate and above other than technical degree,7034,4729,2305,4182,3664,518,206,168,38,130,107,23,2646,897,1749,771,421,350
B0103,23,418,District - Sheopur ,Urban,Technical degree or diploma equal to degree or post-graduate degree,646,506,140,349,302,47,15,14,1,9,9,0,282,190,92,139,108,31
B0103,23,419,District - Morena,Total,Total,1965970,1068417,897553,520970,448528,72442,155023,76801,78222,57533,46379,11154,1289977,543088,746889,57659,32279,25380
B0103,23,419,District - Morena,Total,Illiterate,786285,320765,465520,144141,100330,43811,65966,17269,48697,16848,10085,6763,576178,203166,373012,11530,2837,8693
B0103,23,419,District - Morena,Total,Literate,1179685,747652,432033,376829,348198,28631,89057,59532,29525,40685,36294,4391,713799,339922,373877,46129,29442,16687
B0103,23,419,District - Morena,Total,Literate but below matric/secondary,816512,480990,335522,208853,190670,18183,59591,37289,22302,25663,22622,3041,548068,253031,295037,18965,10348,8617
B0103,23,419,District - Morena,Total,Matric/secondary but below graduate,259500,194874,64626,114986,109600,5386,20717,16753,3964,11328,10496,832,123797,68521,55276,18789,13582,5207
B0103,23,419,District - Morena,Total,Technical diploma or certificate not equal to degree,1246,1114,132,594,575,19,54,48,6,35,34,1,598,491,107,191,172,19
B0103,23,419,District - Morena,Total,Graduate and above other than technical degree,58204,43596,14608,33587,30923,2664,3145,2632,513,1709,1545,164,21472,10041,11431,5657,3594,2063
B0103,23,419,District - Morena,Total,Technical degree or diploma equal to degree or post-graduate degree,7204,6039,1165,3361,3081,280,307,275,32,164,150,14,3536,2683,853,1336,1087,249
B0103,23,419,District - Morena,Rural,Total,1495508,815218,680290,409796,346228,63568,137077,62709,74368,48301,38203,10098,948635,406281,542354,37551,20424,17127
B0103,23,419,District - Morena,Rural,Illiterate,629822,256470,373352,125366,84587,40779,60511,13829,46682,14191,7979,6212,443945,158054,285891,8869,1914,6955
B0103,23,419,District - Morena,Rural,Literate,865686,558748,306938,284430,261641,22789,76566,48880,27686,34110,30224,3886,504690,248227,256463,28682,18510,10172
B0103,23,419,District - Morena,Rural,Literate but below matric/secondary,640571,383736,256835,173371,157099,16272,52766,31522,21244,21919,19127,2792,414434,195115,219319,14374,7738,6636
B0103,23,419,District - Morena,Rural,Matric/secondary but below graduate,171267,136637,34630,83065,79188,3877,17024,13496,3528,9380,8699,681,71178,43953,27225,11136,8427,2709
B0103,23,419,District - Morena,Rural,Technical diploma or certificate not equal to degree,530,482,48,209,200,9,35,32,3,25,25,0,286,250,36,93,87,6
B0103,23,419,District - Morena,Rural,Graduate and above other than technical degree,23161,19703,3458,14578,13796,782,1926,1611,315,1156,1064,92,6657,4296,2361,1906,1474,432
B0103,23,419,District - Morena,Rural,Technical degree or diploma equal to degree or post-graduate degree,2533,2278,255,1181,1117,64,169,150,19,107,102,5,1183,1011,172,424,379,45
B0103,23,419,District - Morena,Urban,Total,470462,253199,217263,111174,102300,8874,17946,14092,3854,9232,8176,1056,341342,136807,204535,20108,11855,8253
B0103,23,419,District - Morena,Urban,Illiterate,156463,64295,92168,18775,15743,3032,5455,3440,2015,2657,2106,551,132233,45112,87121,2661,923,1738
B0103,23,419,District - Morena,Urban,Literate,313999,188904,125095,92399,86557,5842,12491,10652,1839,6575,6070,505,209109,91695,117414,17447,10932,6515
B0103,23,419,District - Morena,Urban,Literate but below matric/secondary,175941,97254,78687,35482,33571,1911,6825,5767,1058,3744,3495,249,133634,57916,75718,4591,2610,1981
B0103,23,419,District - Morena,Urban,Matric/secondary but below graduate,88233,58237,29996,31921,30412,1509,3693,3257,436,1948,1797,151,52619,24568,28051,7653,5155,2498
B0103,23,419,District - Morena,Urban,Technical diploma or certificate not equal to degree,716,632,84,385,375,10,19,16,3,10,9,1,312,241,71,98,85,13
B0103,23,419,District - Morena,Urban,Graduate and above other than technical degree,35043,23893,11150,19009,17127,1882,1219,1021,198,553,481,72,14815,5745,9070,3751,2120,1631
B0103,23,419,District - Morena,Urban,Technical degree or diploma equal to degree or post-graduate degree,4671,3761,910,2180,1964,216,138,125,13,57,48,9,2353,1672,681,912,708,204
B0103,23,420,District - Bhind,Total,Total,1703005,926843,776162,422111,387993,34118,98657,67782,30875,48878,42353,6525,1182237,471068,711169,57747,34038,23709
B0103,23,420,District - Bhind,Total,Illiterate,608088,250330,357758,88597,72313,16284,31134,13450,17684,11230,7775,3455,488357,164567,323790,8876,2155,6721
B0103,23,420,District - Bhind,Total,Literate,1094917,676513,418404,333514,315680,17834,67523,54332,13191,37648,34578,3070,693880,306501,387379,48871,31883,16988
B0103,23,420,District - Bhind,Total,Literate but below matric/secondary,747340,424704,322636,183992,173839,10153,44156,33886,10270,23848,21624,2224,519192,216979,302213,19253,10445,8808
B0103,23,420,District - Bhind,Total,Matric/secondary but below graduate,252493,186815,65678,104438,100479,3959,17173,15630,1543,10598,10086,512,130882,70706,60176,21359,15892,5467
B0103,23,420,District - Bhind,Total,Technical diploma or certificate not equal to degree,1054,893,161,463,450,13,57,46,11,32,30,2,534,397,137,153,137,16
B0103,23,420,District - Bhind,Total,Graduate and above other than technical degree,52630,39065,13565,28762,26433,2329,2492,2217,275,1474,1357,117,21376,10415,10961,5640,3699,1941
B0103,23,420,District - Bhind,Total,Technical degree or diploma equal to degree or post-graduate degree,6037,4921,1116,2531,2307,224,253,226,27,161,146,15,3253,2388,865,1142,916,226
B0103,23,420,District - Bhind,Rural,Total,1270083,694756,575327,324158,298007,26151,81420,53500,27920,38918,33388,5530,864505,343249,521256,38253,21891,16362
B0103,23,420,District - Bhind,Rural,Illiterate,470048,192864,277184,72042,58551,13491,26038,9995,16043,8436,5522,2914,371968,124318,247650,6618,1332,5286
B0103,23,420,District - Bhind,Rural,Literate,800035,501892,298143,252116,239456,12660,55382,43505,11877,30482,27866,2616,492537,218931,273606,31635,20559,11076
B0103,23,420,District - Bhind,Rural,Literate but below matric/secondary,580034,334098,245936,151741,143289,8452,37271,27753,9518,19683,17683,2000,391022,163056,227966,14450,7636,6814
B0103,23,420,District - Bhind,Rural,Matric/secondary but below graduate,167661,131301,36360,75434,72927,2507,13557,12325,1232,8414,8037,377,78670,46049,32621,13436,10285,3151
B0103,23,420,District - Bhind,Rural,Technical diploma or certificate not equal to degree,472,386,86,190,184,6,46,35,11,25,23,2,236,167,69,67,61,6
B0103,23,420,District - Bhind,Rural,Graduate and above other than technical degree,22932,18677,4255,13400,12645,755,1479,1351,128,958,902,56,8053,4681,3372,2376,1688,688
B0103,23,420,District - Bhind,Rural,Technical degree or diploma equal to degree or post-graduate degree,2433,2123,310,1014,959,55,140,130,10,99,94,5,1279,1034,245,467,402,65
B0103,23,420,District - Bhind,Urban,Total,432922,232087,200835,97953,89986,7967,17237,14282,2955,9960,8965,995,317732,127819,189913,19494,12147,7347
B0103,23,420,District - Bhind,Urban,Illiterate,138040,57466,80574,16555,13762,2793,5096,3455,1641,2794,2253,541,116389,40249,76140,2258,823,1435
B0103,23,420,District - Bhind,Urban,Literate,294882,174621,120261,81398,76224,5174,12141,10827,1314,7166,6712,454,201343,87570,113773,17236,11324,5912
B0103,23,420,District - Bhind,Urban,Literate but below matric/secondary,167306,90606,76700,32251,30550,1701,6885,6133,752,4165,3941,224,128170,53923,74247,4803,2809,1994
B0103,23,420,District - Bhind,Urban,Matric/secondary but below graduate,84832,55514,29318,29004,27552,1452,3616,3305,311,2184,2049,135,52212,24657,27555,7923,5607,2316
B0103,23,420,District - Bhind,Urban,Technical diploma or certificate not equal to degree,582,507,75,273,266,7,11,11,0,7,7,0,298,230,68,86,76,10
B0103,23,420,District - Bhind,Urban,Graduate and above other than technical degree,29698,20388,9310,15362,13788,1574,1013,866,147,516,455,61,13323,5734,7589,3264,2011,1253
B0103,23,420,District - Bhind,Urban,Technical degree or diploma equal to degree or post-graduate degree,3604,2798,806,1517,1348,169,113,96,17,62,52,10,1974,1354,620,675,514,161
B0103,23,421,District - Gwalior,Total,Total,2032036,1090327,941709,559845,479461,80384,125466,69359,56107,54925,38147,16778,1346725,541507,805218,85105,45807,39298
B0103,23,421,District - Gwalior,Total,Illiterate,674826,287213,387613,126431,89126,37305,54770,18892,35878,21917,10988,10929,493625,179195,314430,13319,3744,9575
B0103,23,421,District - Gwalior,Total,Literate,1357210,803114,554096,433414,390335,43079,70696,50467,20229,33008,27159,5849,853100,362312,490788,71786,42063,29723
B0103,23,421,District - Gwalior,Total,Literate but below matric/secondary,782115,445813,336302,196138,178502,17636,47133,32585,14548,22173,18336,3837,538844,234726,304118,24431,13655,10776
B0103,23,421,District - Gwalior,Total,Matric/secondary but below graduate,329679,209221,120458,118113,110637,7476,13573,11147,2426,6454,5609,845,197993,87437,110556,26199,16987,9212
B0103,23,421,District - Gwalior,Total,Technical diploma or certificate not equal to degree,5289,4427,862,2985,2809,176,154,127,27,60,47,13,2150,1491,659,532,404,128
B0103,23,421,District - Gwalior,Total,Graduate and above other than technical degree,168137,99455,68682,85003,72260,12743,4880,3477,1403,2101,1513,588,78254,23718,54536,14410,7073,7337
B0103,23,421,District - Gwalior,Total,Technical degree or diploma equal to degree or post-graduate degree,29505,21003,8502,14510,11877,2633,832,605,227,360,262,98,14163,8521,5642,4202,2936,1266
B0103,23,421,District - Gwalior,Rural,Total,758244,409349,348895,204291,171369,32922,82860,39107,43753,35327,23127,12200,471093,198873,272220,21861,11382,10479
B0103,23,421,District - Gwalior,Rural,Illiterate,338883,142332,196551,73387,50946,22441,42851,12448,30403,16501,7558,8943,222645,78938,143707,6285,1329,4956
B0103,23,421,District - Gwalior,Rural,Literate,419361,267017,152344,130904,120423,10481,40009,26659,13350,18826,15569,3257,248448,119935,128513,15576,10053,5523
B0103,23,421,District - Gwalior,Rural,Literate but below matric/secondary,329304,200560,128744,91600,83881,7719,31126,20028,11098,14489,11851,2638,206578,96651,109927,8719,4967,3752
B0103,23,421,District - Gwalior,Rural,Matric/secondary but below graduate,60723,46481,14242,25139,23869,1270,5348,4417,931,2661,2416,245,30236,18195,12041,4945,3799,1146
B0103,23,421,District - Gwalior,Rural,Technical diploma or certificate not equal to degree,247,208,39,82,79,3,16,14,2,10,9,1,149,115,34,43,36,7
B0103,23,421,District - Gwalior,Rural,Graduate and above other than technical degree,10939,8662,2277,6261,5809,452,805,676,129,427,383,44,3873,2177,1696,1164,825,339
B0103,23,421,District - Gwalior,Rural,Technical degree or diploma equal to degree or post-graduate degree,1058,903,155,447,400,47,52,48,4,26,25,1,559,455,104,178,162,16
B0103,23,421,District - Gwalior,Urban,Total,1273792,680978,592814,355554,308092,47462,42606,30252,12354,19598,15020,4578,875632,342634,532998,63244,34425,28819
B0103,23,421,District - Gwalior,Urban,Illiterate,335943,144881,191062,53044,38180,14864,11919,6444,5475,5416,3430,1986,270980,100257,170723,7034,2415,4619
B0103,23,421,District - Gwalior,Urban,Literate,937849,536097,401752,302510,269912,32598,30687,23808,6879,14182,11590,2592,604652,242377,362275,56210,32010,24200
B0103,23,421,District - Gwalior,Urban,Literate but below matric/secondary,452811,245253,207558,104538,94621,9917,16007,12557,3450,7684,6485,1199,332266,138075,194191,15712,8688,7024
B0103,23,421,District - Gwalior,Urban,Matric/secondary but below graduate,268956,162740,106216,92974,86768,6206,8225,6730,1495,3793,3193,600,167757,69242,98515,21254,13188,8066
B0103,23,421,District - Gwalior,Urban,Technical diploma or certificate not equal to degree,5042,4219,823,2903,2730,173,138,113,25,50,38,12,2001,1376,625,489,368,121
B0103,23,421,District - Gwalior,Urban,Graduate and above other than technical degree,157198,90793,66405,78742,66451,12291,4075,2801,1274,1674,1130,544,74381,21541,52840,13246,6248,6998
B0103,23,421,District - Gwalior,Urban,Technical degree or diploma equal to degree or post-graduate degree,28447,20100,8347,14063,11477,2586,780,557,223,334,237,97,13604,8066,5538,4024,2774,1250
B0103,23,422,District - Datia,Total,Total,786754,420157,366597,247229,198191,49038,73931,27471,46460,25300,16148,9152,465594,194495,271099,25560,12075,13485
B0103,23,422,District - Datia,Total,Illiterate,295309,116342,178967,68926,39413,29513,32361,5555,26806,8886,3234,5652,194022,71374,122648,4703,802,3901
B0103,23,422,District - Datia,Total,Literate,491445,303815,187630,178303,158778,19525,41570,21916,19654,16414,12914,3500,271572,123121,148451,20857,11273,9584
B0103,23,422,District - Datia,Total,Literate but below matric/secondary,369410,219811,149599,121044,106977,14067,33579,16816,16763,12659,9798,2861,214787,96018,118769,8945,4126,4819
B0103,23,422,District - Datia,Total,Matric/secondary but below graduate,78077,55049,23028,33307,31265,2042,4867,3436,1431,2409,2111,298,39903,20348,19555,7348,4628,2720
B0103,23,422,District - Datia,Total,Technical diploma or certificate not equal to degree,403,354,49,207,200,7,11,10,1,8,7,1,185,144,41,74,62,12
B0103,23,422,District - Datia,Total,Graduate and above other than technical degree,25508,17995,7513,14872,13204,1668,991,767,224,600,495,105,9645,4024,5621,3213,1727,1486
B0103,23,422,District - Datia,Total,Technical degree or diploma equal to degree or post-graduate degree,2869,2163,706,1301,1087,214,97,78,19,64,55,9,1471,998,473,692,496,196
B0103,23,422,District - Datia,Rural,Total,604772,323966,280806,194734,154047,40687,66436,23433,43003,22285,14041,8244,343602,146486,197116,14662,6972,7690
B0103,23,422,District - Datia,Rural,Illiterate,239205,93065,146140,57955,32408,25547,29476,4673,24803,7968,2778,5190,151774,55984,95790,3270,475,2795
B0103,23,422,District - Datia,Rural,Literate,365567,230901,134666,136779,121639,15140,36960,18760,18200,14317,11263,3054,191828,90502,101326,11392,6497,4895
B0103,23,422,District - Datia,Rural,Literate but below matric/secondary,296732,179592,117140,101906,89782,12124,30489,14804,15685,11394,8806,2588,164337,75006,89331,6133,2855,3278
B0103,23,422,District - Datia,Rural,Matric/secondary but below graduate,47137,36333,10804,22510,21248,1262,4002,2755,1247,1938,1713,225,20625,12330,8295,3704,2638,1066
B0103,23,422,District - Datia,Rural,Technical diploma or certificate not equal to degree,131,117,14,45,43,2,9,8,1,7,6,1,77,66,11,28,27,1
B0103,23,422,District - Datia,Rural,Graduate and above other than technical degree,9377,7649,1728,5892,5490,402,619,489,130,384,341,43,2866,1670,1196,1028,690,338
B0103,23,422,District - Datia,Rural,Technical degree or diploma equal to degree or post-graduate degree,870,742,128,397,355,42,46,42,4,36,33,3,427,345,82,185,151,34
B0103,23,422,District - Datia,Urban,Total,181982,96191,85791,52495,44144,8351,7495,4038,3457,3015,2107,908,121992,48009,73983,10898,5103,5795
B0103,23,422,District - Datia,Urban,Illiterate,56104,23277,32827,10971,7005,3966,2885,882,2003,918,456,462,42248,15390,26858,1433,327,1106
B0103,23,422,District - Datia,Urban,Literate,125878,72914,52964,41524,37139,4385,4610,3156,1454,2097,1651,446,79744,32619,47125,9465,4776,4689
B0103,23,422,District - Datia,Urban,Literate but below matric/secondary,72678,40219,32459,19138,17195,1943,3090,2012,1078,1265,992,273,50450,21012,29438,2812,1271,1541
B0103,23,422,District - Datia,Urban,Matric/secondary but below graduate,30940,18716,12224,10797,10017,780,865,681,184,471,398,73,19278,8018,11260,3644,1990,1654
B0103,23,422,District - Datia,Urban,Technical diploma or certificate not equal to degree,272,237,35,162,157,5,2,2,0,1,1,0,108,78,30,46,35,11
B0103,23,422,District - Datia,Urban,Graduate and above other than technical degree,16131,10346,5785,8980,7714,1266,372,278,94,216,154,62,6779,2354,4425,2185,1037,1148
B0103,23,422,District - Datia,Urban,Technical degree or diploma equal to degree or post-graduate degree,1999,1421,578,904,732,172,51,36,15,28,22,6,1044,653,391,507,345,162
B0103,23,423,District - Shivpuri,Total,Total,1726050,919795,806255,577723,414527,163196,181558,66474,115084,62021,35915,26106,966769,438794,527975,43433,22364,21069
B0103,23,423,District - Shivpuri,Total,Illiterate,825204,346553,478651,258924,135819,123105,108718,22784,85934,32369,12330,20039,457562,187950,269612,9963,2497,7466
B0103,23,423,District - Shivpuri,Total,Literate,900846,573242,327604,318799,278708,40091,72840,43690,29150,29652,23585,6067,509207,250844,258363,33470,19867,13603
B0103,23,423,District - Shivpuri,Total,Literate but below matric/secondary,696894,433024,263870,223212,194862,28350,56991,33040,23951,22374,17660,4714,416691,205122,211569,15702,8731,6971
B0103,23,423,District - Shivpuri,Total,Matric/secondary but below graduate,119130,84377,34753,49192,45264,3928,8034,6126,1908,4142,3571,571,61904,32987,28917,10977,7214,3763
B0103,23,423,District - Shivpuri,Total,Technical diploma or certificate not equal to degree,760,672,88,384,368,16,34,25,9,23,18,5,342,279,63,113,96,17
B0103,23,423,District - Shivpuri,Total,Graduate and above other than technical degree,42405,28735,13670,23811,20690,3121,2048,1604,444,1130,939,191,16546,6441,10105,4596,2492,2104
B0103,23,423,District - Shivpuri,Total,Technical degree or diploma equal to degree or post-graduate degree,4603,3487,1116,2102,1779,323,162,132,30,102,83,19,2339,1576,763,948,716,232
B0103,23,423,District - Shivpuri,Rural,Total,1430627,763554,667073,497723,346552,151171,168205,57739,110466,54972,30755,24217,764699,359263,405436,25696,13727,11969
B0103,23,423,District - Shivpuri,Rural,Illiterate,726987,304849,422138,240892,123569,117323,103520,20349,83171,29815,10846,18969,382575,160931,221644,7026,1770,5256
B0103,23,423,District - Shivpuri,Rural,Literate,703640,458705,244935,256831,222983,33848,64685,37390,27295,25157,19909,5248,382124,198332,183792,18670,11957,6713
B0103,23,423,District - Shivpuri,Rural,Literate but below matric/secondary,587179,371941,215238,197096,170858,26238,52180,29290,22890,19747,15455,4292,337903,171793,166110,10769,6307,4462
B0103,23,423,District - Shivpuri,Rural,Matric/secondary but below graduate,69949,54491,15458,32446,29802,2644,6273,4701,1572,3106,2708,398,31230,19988,11242,5405,4009,1396
B0103,23,423,District - Shivpuri,Rural,Technical diploma or certificate not equal to degree,240,216,24,83,81,2,17,12,5,12,10,2,140,123,17,47,43,4
B0103,23,423,District - Shivpuri,Rural,Graduate and above other than technical degree,14205,11227,2978,8903,7982,921,1093,912,181,638,586,52,4209,2333,1876,1405,913,492
B0103,23,423,District - Shivpuri,Rural,Technical degree or diploma equal to degree or post-graduate degree,1286,1128,158,565,511,54,63,58,5,39,37,2,658,559,99,274,246,28
B0103,23,423,District - Shivpuri,Urban,Total,295423,156241,139182,80000,67975,12025,13353,8735,4618,7049,5160,1889,202070,79531,122539,17737,8637,9100
B0103,23,423,District - Shivpuri,Urban,Illiterate,98217,41704,56513,18032,12250,5782,5198,2435,2763,2554,1484,1070,74987,27019,47968,2937,727,2210
B0103,23,423,District - Shivpuri,Urban,Literate,197206,114537,82669,61968,55725,6243,8155,6300,1855,4495,3676,819,127083,52512,74571,14800,7910,6890
B0103,23,423,District - Shivpuri,Urban,Literate but below matric/secondary,109715,61083,48632,26116,24004,2112,4811,3750,1061,2627,2205,422,78788,33329,45459,4933,2424,2509
B0103,23,423,District - Shivpuri,Urban,Matric/secondary but below graduate,49181,29886,19295,16746,15462,1284,1761,1425,336,1036,863,173,30674,12999,17675,5572,3205,2367
B0103,23,423,District - Shivpuri,Urban,Technical diploma or certificate not equal to degree,520,456,64,301,287,14,17,13,4,11,8,3,202,156,46,66,53,13
B0103,23,423,District - Shivpuri,Urban,Graduate and above other than technical degree,28200,17508,10692,14908,12708,2200,955,692,263,492,353,139,12337,4108,8229,3191,1579,1612
B0103,23,423,District - Shivpuri,Urban,Technical degree or diploma equal to degree or post-graduate degree,3317,2359,958,1537,1268,269,99,74,25,63,46,17,1681,1017,664,674,470,204
B0103,23,424,District - Tikamgarh,Total,Total,1445166,760355,684811,470432,335876,134556,184886,66900,117986,79107,41576,37531,789848,357579,432269,43003,18420,24583
B0103,23,424,District - Tikamgarh,Total,Illiterate,697226,301002,396224,221966,123516,98450,107882,22974,84908,41656,14023,27633,367378,154512,212866,11630,2214,9416
B0103,23,424,District - Tikamgarh,Total,Literate,747940,459353,288587,248466,212360,36106,77004,43926,33078,37451,27553,9898,422470,203067,219403,31373,16206,15167
B0103,23,424,District - Tikamgarh,Total,Literate but below matric/secondary,573183,339654,233529,165391,139861,25530,59219,32088,27131,27952,19991,7961,348573,167705,180868,15942,7603,8339
B0103,23,424,District - Tikamgarh,Total,Matric/secondary but below graduate,115894,81427,34467,51801,46948,4853,11357,8261,3096,6250,5253,997,52736,26218,26518,9770,5644,4126
B0103,23,424,District - Tikamgarh,Total,Technical diploma or certificate not equal to degree,811,701,110,357,339,18,36,31,5,19,16,3,418,331,87,161,141,20
B0103,23,424,District - Tikamgarh,Total,Graduate and above other than technical degree,29524,19946,9578,16655,14269,2386,1674,1261,413,994,823,171,11195,4416,6779,3876,1835,2041
B0103,23,424,District - Tikamgarh,Total,Technical degree or diploma equal to degree or post-graduate degree,3724,2838,886,1808,1512,296,139,110,29,79,64,15,1777,1216,561,796,580,216
B0103,23,424,District - Tikamgarh,Rural,Total,1195293,629477,565816,399125,280167,118958,167301,57871,109430,69610,35525,34085,628867,291439,337428,26901,11349,15552
B0103,23,424,District - Tikamgarh,Rural,Illiterate,608300,262726,345574,200791,111095,89696,99638,20527,79111,37623,12318,25305,307871,131104,176767,9034,1665,7369
B0103,23,424,District - Tikamgarh,Rural,Literate,586993,366751,220242,198334,169072,29262,67663,37344,30319,31987,23207,8780,320996,160335,160661,17867,9684,8183
B0103,23,424,District - Tikamgarh,Rural,Literate but below matric/secondary,476523,286426,190097,142117,119914,22203,52959,27845,25114,24322,17153,7169,281447,138667,142780,11070,5467,5603
B0103,23,424,District - Tikamgarh,Rural,Matric/secondary but below graduate,76448,57545,18903,37543,34120,3423,9385,6729,2656,5116,4283,833,29520,16696,12824,4875,3094,1781
B0103,23,424,District - Tikamgarh,Rural,Technical diploma or certificate not equal to degree,293,255,38,111,101,10,19,16,3,9,8,1,163,138,25,56,49,7
B0103,23,424,District - Tikamgarh,Rural,Graduate and above other than technical degree,11135,8603,2532,6831,6047,784,1056,786,270,618,529,89,3248,1770,1478,1155,662,493
B0103,23,424,District - Tikamgarh,Rural,Technical degree or diploma equal to degree or post-graduate degree,1135,948,187,553,485,68,76,60,16,44,36,8,506,403,103,191,152,39
B0103,23,424,District - Tikamgarh,Urban,Total,249873,130878,118995,71307,55709,15598,17585,9029,8556,9497,6051,3446,160981,66140,94841,16102,7071,9031
B0103,23,424,District - Tikamgarh,Urban,Illiterate,88926,38276,50650,21175,12421,8754,8244,2447,5797,4033,1705,2328,59507,23408,36099,2596,549,2047
B0103,23,424,District - Tikamgarh,Urban,Literate,160947,92602,68345,50132,43288,6844,9341,6582,2759,5464,4346,1118,101474,42732,58742,13506,6522,6984
B0103,23,424,District - Tikamgarh,Urban,Literate but below matric/secondary,96660,53228,43432,23274,19947,3327,6260,4243,2017,3630,2838,792,67126,29038,38088,4872,2136,2736
B0103,23,424,District - Tikamgarh,Urban,Matric/secondary but below graduate,39446,23882,15564,14258,12828,1430,1972,1532,440,1134,970,164,23216,9522,13694,4895,2550,2345
B0103,23,424,District - Tikamgarh,Urban,Technical diploma or certificate not equal to degree,518,446,72,246,238,8,17,15,2,10,8,2,255,193,62,105,92,13
B0103,23,424,District - Tikamgarh,Urban,Graduate and above other than technical degree,18389,11343,7046,9824,8222,1602,618,475,143,376,294,82,7947,2646,5301,2721,1173,1548
B0103,23,424,District - Tikamgarh,Urban,Technical degree or diploma equal to degree or post-graduate degree,2589,1890,699,1255,1027,228,63,50,13,35,28,7,1271,813,458,605,428,177
B0103,23,425,District - Chhatarpur,Total,Total,1762375,936121,826254,553862,403408,150454,197935,78110,119825,95443,49401,46042,1010578,454603,555975,63007,26577,36430
B0103,23,425,District - Chhatarpur,Total,Illiterate,819342,364111,455231,250420,142641,107779,110589,26423,84166,49586,16366,33220,458333,195047,263286,15098,2856,12242
B0103,23,425,District - Chhatarpur,Total,Literate,943033,572010,371023,303442,260767,42675,87346,51687,35659,45857,33035,12822,552245,259556,292689,47909,23721,24188
B0103,23,425,District - Chhatarpur,Total,Literate but below matric/secondary,714635,419936,294699,199869,170372,29497,69345,39507,29838,35679,25123,10556,445421,210057,235364,24072,10657,13415
B0103,23,425,District - Chhatarpur,Total,Matric/secondary but below graduate,140941,94637,46304,56414,50952,5462,10681,7787,2894,6121,5037,1084,73846,35898,37948,14694,8394,6300
B0103,23,425,District - Chhatarpur,Total,Technical diploma or certificate not equal to degree,1543,1332,211,768,703,65,49,46,3,38,35,3,726,583,143,246,200,46
B0103,23,425,District - Chhatarpur,Total,Graduate and above other than technical degree,48530,32414,16116,27632,23705,3927,2284,1776,508,1468,1209,259,18614,6933,11681,6254,2975,3279
B0103,23,425,District - Chhatarpur,Total,Technical degree or diploma equal to degree or post-graduate degree,6328,4634,1694,3143,2535,608,193,155,38,124,103,21,2992,1944,1048,1335,927,408
B0103,23,425,District - Chhatarpur,Rural,Total,1363359,725273,638086,442063,311253,130810,178238,67271,110967,85426,42751,42675,743058,346749,396309,37153,15293,21860
B0103,23,425,District - Chhatarpur,Rural,Illiterate,691801,308336,383465,224633,126143,98490,102236,23660,78576,45819,14663,31156,364932,158533,206399,11580,2100,9480
B0103,23,425,District - Chhatarpur,Rural,Literate,671558,416937,254621,217430,185110,32320,76002,43611,32391,39607,28088,11519,378126,188216,189910,25573,13193,12380
B0103,23,425,District - Chhatarpur,Rural,Literate but below matric/secondary,557771,334027,223744,161527,136100,25427,61919,34340,27579,31587,21894,9693,334325,163587,170738,16352,7329,9023
B0103,23,425,District - Chhatarpur,Rural,Matric/secondary but below graduate,74824,55439,19385,33943,30592,3351,8340,5967,2373,4859,3980,879,32541,18880,13661,6619,4251,2368
B0103,23,425,District - Chhatarpur,Rural,Technical diploma or certificate not equal to degree,299,270,29,103,98,5,25,25,0,21,21,0,171,147,24,68,60,8
B0103,23,425,District - Chhatarpur,Rural,Graduate and above other than technical degree,14104,11282,2822,8829,7923,906,1350,1106,244,903,798,105,3925,2253,1672,1558,1024,534
B0103,23,425,District - Chhatarpur,Rural,Technical degree or diploma equal to degree or post-graduate degree,1251,1079,172,589,531,58,93,82,11,70,63,7,569,466,103,269,224,45
B0103,23,425,District - Chhatarpur,Urban,Total,399016,210848,188168,111799,92155,19644,19697,10839,8858,10017,6650,3367,267520,107854,159666,25854,11284,14570
B0103,23,425,District - Chhatarpur,Urban,Illiterate,127541,55775,71766,25787,16498,9289,8353,2763,5590,3767,1703,2064,93401,36514,56887,3518,756,2762
B0103,23,425,District - Chhatarpur,Urban,Literate,271475,155073,116402,86012,75657,10355,11344,8076,3268,6250,4947,1303,174119,71340,102779,22336,10528,11808
B0103,23,425,District - Chhatarpur,Urban,Literate but below matric/secondary,156864,85909,70955,38342,34272,4070,7426,5167,2259,4092,3229,863,111096,46470,64626,7720,3328,4392
B0103,23,425,District - Chhatarpur,Urban,Matric/secondary but below graduate,66117,39198,26919,22471,20360,2111,2341,1820,521,1262,1057,205,41305,17018,24287,8075,4143,3932
B0103,23,425,District - Chhatarpur,Urban,Technical diploma or certificate not equal to degree,1244,1062,182,665,605,60,24,21,3,17,14,3,555,436,119,178,140,38
B0103,23,425,District - Chhatarpur,Urban,Graduate and above other than technical degree,34426,21132,13294,18803,15782,3021,934,670,264,565,411,154,14689,4680,10009,4696,1951,2745
B0103,23,425,District - Chhatarpur,Urban,Technical degree or diploma equal to degree or post-graduate degree,5077,3555,1522,2554,2004,550,100,73,27,54,40,14,2423,1478,945,1066,703,363
B0103,23,426,District - Panna,Total,Total,1016520,533480,483040,276633,205293,71340,155365,70082,85283,84918,47632,37286,584522,258105,326417,38739,15834,22905
B0103,23,426,District - Panna,Total,Illiterate,463961,201340,262621,117894,68264,49630,84611,25209,59402,43603,16866,26737,261456,107867,153589,9845,1564,8281
B0103,23,426,District - Panna,Total,Literate,552559,332140,220419,158739,137029,21710,70754,44873,25881,41315,30766,10549,323066,150238,172828,28894,14270,14624
B0103,23,426,District - Panna,Total,Literate but below matric/secondary,420529,243625,176904,102843,88371,14472,54024,33085,20939,31183,22729,8454,263662,122169,141493,14630,6420,8210
B0103,23,426,District - Panna,Total,Matric/secondary but below graduate,87123,58497,28626,32669,29246,3423,10463,7794,2669,6344,5261,1083,43991,21457,22534,9678,5442,4236
B0103,23,426,District - Panna,Total,Technical diploma or certificate not equal to degree,473,422,51,214,207,7,29,26,3,22,22,0,230,189,41,94,82,12
B0103,23,426,District - Panna,Total,Graduate and above other than technical degree,23463,16616,6847,13780,11801,1979,1724,1421,303,1139,971,168,7959,3394,4565,3165,1573,1592
B0103,23,426,District - Panna,Total,Technical degree or diploma equal to degree or post-graduate degree,2489,1972,517,1280,1105,175,121,103,18,87,76,11,1088,764,324,516,377,139
B0103,23,426,District - Panna,Rural,Total,891185,467473,423712,244537,179076,65461,145960,64275,81685,79458,43978,35480,500688,224122,276566,28299,11196,17103
B0103,23,426,District - Panna,Rural,Illiterate,425719,184900,240819,111412,64239,47173,80585,23454,57131,41367,15743,25624,233722,97207,136515,8568,1264,7304
B0103,23,426,District - Panna,Rural,Literate,465466,282573,182893,133125,114837,18288,65375,40821,24554,38091,28235,9856,266966,126915,140051,19731,9932,9799
B0103,23,426,District - Panna,Rural,Literate but below matric/secondary,370687,216467,154220,91992,78807,13185,50555,30541,20014,29083,21091,7992,228140,107119,121021,11453,4995,6458
B0103,23,426,District - Panna,Rural,Matric/secondary but below graduate,64848,45341,19507,25550,22864,2686,9272,6815,2457,5652,4688,964,30026,15662,14364,6083,3623,2460
B0103,23,426,District - Panna,Rural,Technical diploma or certificate not equal to degree,241,219,22,96,91,5,28,26,2,22,22,0,117,102,15,56,53,3
B0103,23,426,District - Panna,Rural,Graduate and above other than technical degree,12293,9718,2575,7720,6868,852,1261,1063,198,858,757,101,3312,1787,1525,1312,806,506
B0103,23,426,District - Panna,Rural,Technical degree or diploma equal to degree or post-graduate degree,1112,971,141,582,531,51,80,71,9,61,56,5,450,369,81,218,179,39
B0103,23,426,District - Panna,Urban,Total,125335,66007,59328,32096,26217,5879,9405,5807,3598,5460,3654,1806,83834,33983,49851,10440,4638,5802
B0103,23,426,District - Panna,Urban,Illiterate,38242,16440,21802,6482,4025,2457,4026,1755,2271,2236,1123,1113,27734,10660,17074,1277,300,977
B0103,23,426,District - Panna,Urban,Literate,87093,49567,37526,25614,22192,3422,5379,4052,1327,3224,2531,693,56100,23323,32777,9163,4338,4825
B0103,23,426,District - Panna,Urban,Literate but below matric/secondary,49842,27158,22684,10851,9564,1287,3469,2544,925,2100,1638,462,35522,15050,20472,3177,1425,1752
B0103,23,426,District - Panna,Urban,Matric/secondary but below graduate,22275,13156,9119,7119,6382,737,1191,979,212,692,573,119,13965,5795,8170,3595,1819,1776
B0103,23,426,District - Panna,Urban,Technical diploma or certificate not equal to degree,232,203,29,118,116,2,1,0,1,0,0,0,113,87,26,38,29,9
B0103,23,426,District - Panna,Urban,Graduate and above other than technical degree,11170,6898,4272,6060,4933,1127,463,358,105,281,214,67,4647,1607,3040,1853,767,1086
B0103,23,426,District - Panna,Urban,Technical degree or diploma equal to degree or post-graduate degree,1377,1001,376,698,574,124,41,32,9,26,20,6,638,395,243,298,198,100
B0103,23,427,District - Sagar,Total,Total,2378458,1256257,1122201,779093,585116,193977,226942,96961,129981,107362,61808,45554,1372423,574180,798243,91422,39295,52127
B0103,23,427,District - Sagar,Total,Illiterate,832739,347650,485089,209055,106473,102582,90823,20323,70500,37015,12267,24748,532861,220854,312007,13314,2447,10867
B0103,23,427,District - Sagar,Total,Literate,1545719,908607,637112,570038,478643,91395,136119,76638,59481,70347,49541,20806,839562,353326,486236,78108,36848,41260
B0103,23,427,District - Sagar,Total,Literate but below matric/secondary,1144860,653588,491272,384503,315815,68688,110600,59074,51526,55817,38101,17716,649757,278699,371058,38854,16628,22226
B0103,23,427,District - Sagar,Total,Matric/secondary but below graduate,250697,161100,89597,105625,95656,9969,16562,11985,4577,9607,7893,1714,128510,53459,75051,23467,12628,10839
B0103,23,427,District - Sagar,Total,Technical diploma or certificate not equal to degree,2236,1906,330,1138,1086,52,65,59,6,38,36,2,1033,761,272,303,233,70
B0103,23,427,District - Sagar,Total,Graduate and above other than technical degree,98534,63061,35473,55300,47754,7546,4097,3072,1025,2554,2007,547,39137,12235,26902,11539,5212,6327
B0103,23,427,District - Sagar,Total,Technical degree or diploma equal to degree or post-graduate degree,11352,7752,3600,5674,4553,1121,260,179,81,157,108,49,5418,3020,2398,2044,1274,770
B0103,23,427,District - Sagar,Rural,Total,1669662,884133,785529,542762,405184,137578,200639,81913,118726,94618,52803,41815,926261,397036,529225,48956,19513,29443
B0103,23,427,District - Sagar,Rural,Illiterate,657680,273778,383902,172972,90687,82285,84977,18472,66505,34828,11230,23598,399731,164619,235112,10374,1633,8741
B0103,23,427,District - Sagar,Rural,Literate,1011982,610355,401627,369790,314497,55293,115662,63441,52221,59790,41573,18217,526530,232417,294113,38582,17880,20702
B0103,23,427,District - Sagar,Rural,Literate but below matric/secondary,842558,492036,350522,287447,240587,46860,97361,50947,46414,49159,33137,16022,457750,200502,257248,24980,10201,14779
B0103,23,427,District - Sagar,Rural,Matric/secondary but below graduate,118354,83409,34945,53858,49392,4466,12253,8870,3383,7271,6010,1261,52243,25147,27096,9597,5517,4080
B0103,23,427,District - Sagar,Rural,Technical diploma or certificate not equal to degree,489,429,60,216,205,11,31,29,2,22,22,0,242,195,47,84,75,9
B0103,23,427,District - Sagar,Rural,Graduate and above other than technical degree,26370,20162,6208,16530,15040,1490,2210,1769,441,1512,1276,236,7630,3353,4277,2706,1491,1215
B0103,23,427,District - Sagar,Rural,Technical degree or diploma equal to degree or post-graduate degree,2058,1596,462,1093,961,132,69,55,14,46,36,10,896,580,316,372,270,102
B0103,23,427,District - Sagar,Urban,Total,708796,372124,336672,236331,179932,56399,26303,15048,11255,12744,9005,3739,446162,177144,269018,42466,19782,22684
B0103,23,427,District - Sagar,Urban,Illiterate,175059,73872,101187,36083,15786,20297,5846,1851,3995,2187,1037,1150,133130,56235,76895,2940,814,2126
B0103,23,427,District - Sagar,Urban,Literate,533737,298252,235485,200248,164146,36102,20457,13197,7260,10557,7968,2589,313032,120909,192123,39526,18968,20558
B0103,23,427,District - Sagar,Urban,Literate but below matric/secondary,302302,161552,140750,97056,75228,21828,13239,8127,5112,6658,4964,1694,192007,78197,113810,13874,6427,7447
B0103,23,427,District - Sagar,Urban,Matric/secondary but below graduate,132343,77691,54652,51767,46264,5503,4309,3115,1194,2336,1883,453,76267,28312,47955,13870,7111,6759
B0103,23,427,District - Sagar,Urban,Technical diploma or certificate not equal to degree,1747,1477,270,922,881,41,34,30,4,16,14,2,791,566,225,219,158,61
B0103,23,427,District - Sagar,Urban,Graduate and above other than technical degree,72164,42899,29265,38770,32714,6056,1887,1303,584,1042,731,311,31507,8882,22625,8833,3721,5112
B0103,23,427,District - Sagar,Urban,Technical degree or diploma equal to degree or post-graduate degree,9294,6156,3138,4581,3592,989,191,124,67,111,72,39,4522,2440,2082,1672,1004,668
B0103,23,428,District - Damoh,Total,Total,1264219,661873,602346,389993,286957,103036,184602,80754,103848,99514,55155,44359,689624,294162,395462,43102,18863,24239
B0103,23,428,District - Damoh,Total,Illiterate,516504,216136,300368,135441,73216,62225,87975,23216,64759,43473,15486,27987,293088,119704,173384,8594,1613,6981
B0103,23,428,District - Damoh,Total,Literate,747715,445737,301978,254552,213741,40811,96627,57538,39089,56041,39669,16372,396536,174458,222078,34508,17250,17258
B0103,23,428,District - Damoh,Total,Literate but below matric/secondary,583468,337987,245481,181195,149860,31335,79973,45726,34247,45674,31491,14183,322300,142401,179899,18907,8602,10305
B0103,23,428,District - Damoh,Total,Matric/secondary but below graduate,107823,71737,36086,44000,39605,4395,10926,8260,2666,6869,5689,1180,52897,23872,29025,10041,5703,4338
B0103,23,428,District - Damoh,Total,Technical diploma or certificate not equal to degree,908,811,97,497,465,32,41,40,1,25,25,0,370,306,64,133,111,22
B0103,23,428,District - Damoh,Total,Graduate and above other than technical degree,34573,22946,11627,19504,16638,2866,2012,1643,369,1430,1223,207,13057,4665,8392,4049,2036,2013
B0103,23,428,District - Damoh,Total,Technical degree or diploma equal to degree or post-graduate degree,3796,2721,1075,1915,1547,368,122,97,25,88,74,14,1759,1077,682,644,440,204
B0103,23,428,District - Damoh,Rural,Total,1013668,530471,483197,312933,227730,85203,169593,71774,97819,91578,49656,41922,531142,230967,300175,27792,11378,16414
B0103,23,428,District - Damoh,Rural,Illiterate,449528,187738,261790,121985,66654,55331,83478,21469,62009,41405,14525,26880,244065,99615,144450,7181,1223,5958
B0103,23,428,District - Damoh,Rural,Literate,564140,342733,221407,190948,161076,29872,86115,50305,35810,50173,35131,15042,287077,131352,155725,20611,10155,10456
B0103,23,428,District - Damoh,Rural,Literate but below matric/secondary,474172,279274,194898,149010,124036,24974,72698,40945,31753,41681,28468,13213,252464,114293,138171,13456,5935,7521
B0103,23,428,District - Damoh,Rural,Matric/secondary but below graduate,62705,44993,17712,27597,25014,2583,8719,6537,2182,5630,4653,977,26389,13442,12947,5200,3066,2134
B0103,23,428,District - Damoh,Rural,Technical diploma or certificate not equal to degree,246,227,19,128,124,4,24,23,1,16,16,0,94,80,14,41,37,4
B0103,23,428,District - Damoh,Rural,Graduate and above other than technical degree,12200,9540,2660,7566,6787,779,1357,1154,203,1002,896,106,3277,1599,1678,1224,731,493
B0103,23,428,District - Damoh,Rural,Technical degree or diploma equal to degree or post-graduate degree,983,832,151,543,490,53,65,53,12,48,40,8,375,289,86,158,126,32
B0103,23,428,District - Damoh,Urban,Total,250551,131402,119149,77060,59227,17833,15009,8980,6029,7936,5499,2437,158482,63195,95287,15310,7485,7825
B0103,23,428,District - Damoh,Urban,Illiterate,66976,28398,38578,13456,6562,6894,4497,1747,2750,2068,961,1107,49023,20089,28934,1413,390,1023
B0103,23,428,District - Damoh,Urban,Literate,183575,103004,80571,63604,52665,10939,10512,7233,3279,5868,4538,1330,109459,43106,66353,13897,7095,6802
B0103,23,428,District - Damoh,Urban,Literate but below matric/secondary,109296,58713,50583,32185,25824,6361,7275,4781,2494,3993,3023,970,69836,28108,41728,5451,2667,2784
B0103,23,428,District - Damoh,Urban,Matric/secondary but below graduate,45118,26744,18374,16403,14591,1812,2207,1723,484,1239,1036,203,26508,10430,16078,4841,2637,2204
B0103,23,428,District - Damoh,Urban,Technical diploma or certificate not equal to degree,662,584,78,369,341,28,17,17,0,9,9,0,276,226,50,92,74,18
B0103,23,428,District - Damoh,Urban,Graduate and above other than technical degree,22373,13406,8967,11938,9851,2087,655,489,166,428,327,101,9780,3066,6714,2825,1305,1520
B0103,23,428,District - Damoh,Urban,Technical degree or diploma equal to degree or post-graduate degree,2813,1889,924,1372,1057,315,57,44,13,40,34,6,1384,788,596,486,314,172
B0103,23,429,District - Satna,Total,Total,2228935,1157495,1071440,612510,451772,160738,298839,138715,160124,147853,86670,61183,1317586,567008,750578,81112,36785,44327
B0103,23,429,District - Satna,Total,Illiterate,857154,356444,500710,198945,103496,95449,143196,41673,101523,66054,25839,40215,515013,211275,303738,13750,2609,11141
B0103,23,429,District - Satna,Total,Literate,1371781,801051,570730,413565,348276,65289,155643,97042,58601,81799,60831,20968,802573,355733,446840,67362,34176,33186
B0103,23,429,District - Satna,Total,Literate but below matric/secondary,951105,521827,429278,228441,185474,42967,111926,65783,46143,57793,41414,16379,610738,270570,340168,31149,13655,17494
B0103,23,429,District - Satna,Total,Matric/secondary but below graduate,281192,187455,93737,112712,101638,11074,29971,22426,7545,16652,14028,2624,138509,63391,75118,23428,13443,9985
B0103,23,429,District - Satna,Total,Technical diploma or certificate not equal to degree,3449,3080,369,1637,1554,83,167,156,11,109,105,4,1645,1370,275,540,482,58
B0103,23,429,District - Satna,Total,Graduate and above other than technical degree,86496,59771,26725,49573,43171,6402,5740,4509,1231,3241,2716,525,31183,12091,19092,8341,4386,3955
B0103,23,429,District - Satna,Total,Technical degree or diploma equal to degree or post-graduate degree,11618,8725,2893,5724,4885,839,501,389,112,272,217,55,5393,3451,1942,2108,1474,634
B0103,23,429,District - Satna,Rural,Total,1754517,907904,846613,476109,341024,135085,275343,125444,149899,137240,79741,57499,1003065,441436,561629,56625,25295,31330
B0103,23,429,District - Satna,Rural,Illiterate,725273,300624,424649,172810,88650,84160,134825,38897,95928,62473,24339,38134,417638,173077,244561,11088,1957,9131
B0103,23,429,District - Satna,Rural,Literate,1029244,607280,421964,303299,252374,50925,140518,86547,53971,74767,55402,19365,585427,268359,317068,45537,23338,22199
B0103,23,429,District - Satna,Rural,Literate but below matric/secondary,763593,421411,342182,183540,146896,36644,102918,59756,43162,53639,38241,15398,477135,214759,262376,23942,10352,13590
B0103,23,429,District - Satna,Rural,Matric/secondary but below graduate,191422,134669,56753,81398,73151,8247,26352,19687,6665,14933,12597,2336,83672,41831,41841,15555,9352,6203
B0103,23,429,District - Satna,Rural,Technical diploma or certificate not equal to degree,1835,1664,171,761,727,34,123,115,8,86,82,4,951,822,129,345,307,38
B0103,23,429,District - Satna,Rural,Graduate and above other than technical degree,41067,31532,9535,24474,21845,2629,4241,3431,810,2546,2218,328,12352,6256,6096,3795,2293,1502
B0103,23,429,District - Satna,Rural,Technical degree or diploma equal to degree or post-graduate degree,4543,3656,887,2105,1876,229,288,229,59,169,140,29,2150,1551,599,843,648,195
B0103,23,429,District - Satna,Urban,Total,474418,249591,224827,136401,110748,25653,23496,13271,10225,10613,6929,3684,314521,125572,188949,24487,11490,12997
B0103,23,429,District - Satna,Urban,Illiterate,131881,55820,76061,26135,14846,11289,8371,2776,5595,3581,1500,2081,97375,38198,59177,2662,652,2010
B0103,23,429,District - Satna,Urban,Literate,342537,193771,148766,110266,95902,14364,15125,10495,4630,7032,5429,1603,217146,87374,129772,21825,10838,10987
B0103,23,429,District - Satna,Urban,Literate but below matric/secondary,187512,100416,87096,44901,38578,6323,9008,6027,2981,4154,3173,981,133603,55811,77792,7207,3303,3904
B0103,23,429,District - Satna,Urban,Matric/secondary but below graduate,89770,52786,36984,31314,28487,2827,3619,2739,880,1719,1431,288,54837,21560,33277,7873,4091,3782
B0103,23,429,District - Satna,Urban,Technical diploma or certificate not equal to degree,1614,1416,198,876,827,49,44,41,3,23,23,0,694,548,146,195,175,20
B0103,23,429,District - Satna,Urban,Graduate and above other than technical degree,45429,28239,17190,25099,21326,3773,1499,1078,421,695,498,197,18831,5835,12996,4546,2093,2453
B0103,23,429,District - Satna,Urban,Technical degree or diploma equal to degree or post-graduate degree,7075,5069,2006,3619,3009,610,213,160,53,103,77,26,3243,1900,1343,1265,826,439
B0103,23,430,District - Rewa,Total,Total,2365106,1225100,1140006,630251,448668,181583,361695,168516,193179,162121,96474,65647,1373160,607916,765244,92628,41942,50686
B0103,23,430,District - Rewa,Total,Illiterate,923349,379528,543821,214196,105024,109172,160943,47165,113778,65832,26043,39789,548210,227339,320871,15886,3169,12717
B0103,23,430,District - Rewa,Total,Literate,1441757,845572,596185,416055,343644,72411,200752,121351,79401,96289,70431,25858,824950,380577,444373,76742,38773,37969
B0103,23,430,District - Rewa,Total,Literate but below matric/secondary,920823,493541,427282,189739,146944,42795,122610,67770,54840,56544,39007,17537,608474,278827,329647,33135,14540,18595
B0103,23,430,District - Rewa,Total,Matric/secondary but below graduate,350992,237841,113151,141410,125583,15827,54409,38375,16034,28035,22733,5302,155173,73883,81290,28931,16090,12841
B0103,23,430,District - Rewa,Total,Technical diploma or certificate not equal to degree,3846,3405,441,1670,1591,79,340,307,33,234,215,19,1836,1507,329,616,517,99
B0103,23,430,District - Rewa,Total,Graduate and above other than technical degree,99122,70584,28538,55579,48176,7403,10259,7804,2455,5555,4587,968,33284,14604,18680,9444,4963,4481
B0103,23,430,District - Rewa,Total,Technical degree or diploma equal to degree or post-graduate degree,13601,10404,3197,6572,5624,948,951,752,199,509,423,86,6078,4028,2050,2272,1586,686
B0103,23,430,District - Rewa,Rural,Total,1969321,1017839,951482,522083,363396,158687,333476,152893,180583,148756,88086,60670,1113762,501550,612212,67135,30308,36827
B0103,23,430,District - Rewa,Rural,Illiterate,812404,333520,478884,192888,93730,99158,151204,43786,107418,61483,24175,37308,468312,196004,272308,13328,2556,10772
B0103,23,430,District - Rewa,Rural,Literate,1156917,684319,472598,329195,269666,59529,182272,109107,73165,87273,63911,23362,645450,305546,339904,53807,27752,26055
B0103,23,430,District - Rewa,Rural,Literate but below matric/secondary,776687,417601,359086,160222,122435,37787,112663,61459,51204,51706,35528,16178,503802,233707,270095,26342,11685,14657
B0103,23,430,District - Rewa,Rural,Matric/secondary but below graduate,270907,190917,79990,115132,102025,13107,48980,34565,14415,25367,20749,4618,106795,54327,52468,19842,11433,8409
B0103,23,430,District - Rewa,Rural,Technical diploma or certificate not equal to degree,2133,1919,214,778,744,34,282,255,27,207,192,15,1073,920,153,382,336,46
B0103,23,430,District - Rewa,Rural,Graduate and above other than technical degree,55709,43388,12321,32397,28818,3579,8247,6392,1855,4581,3883,698,15065,8178,6887,4431,2694,1737
B0103,23,430,District - Rewa,Rural,Technical degree or diploma equal to degree or post-graduate degree,5759,4759,1000,2613,2343,270,644,525,119,356,312,44,2502,1891,611,929,723,206
B0103,23,430,District - Rewa,Urban,Total,395785,207261,188524,108168,85272,22896,28219,15623,12596,13365,8388,4977,259398,106366,153032,25493,11634,13859
B0103,23,430,District - Rewa,Urban,Illiterate,110945,46008,64937,21308,11294,10014,9739,3379,6360,4349,1868,2481,79898,31335,48563,2558,613,1945
B0103,23,430,District - Rewa,Urban,Literate,284840,161253,123587,86860,73978,12882,18480,12244,6236,9016,6520,2496,179500,75031,104469,22935,11021,11914
B0103,23,430,District - Rewa,Urban,Literate but below matric/secondary,144136,75940,68196,29517,24509,5008,9947,6311,3636,4838,3479,1359,104672,45120,59552,6793,2855,3938
B0103,23,430,District - Rewa,Urban,Matric/secondary but below graduate,80085,46924,33161,26278,23558,2720,5429,3810,1619,2668,1984,684,48378,19556,28822,9089,4657,4432
B0103,23,430,District - Rewa,Urban,Technical diploma or certificate not equal to degree,1713,1486,227,892,847,45,58,52,6,27,23,4,763,587,176,234,181,53
B0103,23,430,District - Rewa,Urban,Graduate and above other than technical degree,43413,27196,16217,23182,19358,3824,2012,1412,600,974,704,270,18219,6426,11793,5013,2269,2744
B0103,23,430,District - Rewa,Urban,Technical degree or diploma equal to degree or post-graduate degree,7842,5645,2197,3959,3281,678,307,227,80,153,111,42,3576,2137,1439,1343,863,480
B0103,23,431,District - Umaria,Total,Total,644758,330674,314084,138600,101257,37343,151091,74441,76650,91590,49861,41729,355067,154976,200091,26702,10826,15876
B0103,23,431,District - Umaria,Total,Illiterate,288086,119767,168319,53213,29177,24036,78677,26508,52169,45935,17334,28601,156196,64082,92114,6599,1106,5493
B0103,23,431,District - Umaria,Total,Literate,356672,210907,145765,85387,72080,13307,72414,47933,24481,45655,32527,13128,198871,90894,107977,20103,9720,10383
B0103,23,431,District - Umaria,Total,Literate but below matric/secondary,272348,155000,117348,52944,43872,9072,56780,36622,20158,35401,24681,10720,162624,74506,88118,11351,4877,6474
B0103,23,431,District - Umaria,Total,Matric/secondary but below graduate,53928,35704,18224,17964,16005,1959,9284,7230,2054,6197,5093,1104,26680,12469,14211,5982,3381,2601
B0103,23,431,District - Umaria,Total,Technical diploma or certificate not equal to degree,755,687,68,466,436,30,41,37,4,21,19,2,248,214,34,115,106,9
B0103,23,431,District - Umaria,Total,Graduate and above other than technical degree,15829,11176,4653,9096,7879,1217,1577,1303,274,1039,885,154,5156,1994,3162,1801,901,900
B0103,23,431,District - Umaria,Total,Technical degree or diploma equal to degree or post-graduate degree,1673,1307,366,882,760,122,90,72,18,56,46,10,701,475,226,330,237,93
B0103,23,431,District - Umaria,Rural,Total,534214,273064,261150,111945,78660,33285,141898,68586,73312,84981,45403,39578,280371,125818,154553,18802,7069,11733
B0103,23,431,District - Umaria,Rural,Illiterate,254572,106215,148357,48582,26208,22374,74732,24789,49943,43068,15980,27088,131258,55218,76040,5563,860,4703
B0103,23,431,District - Umaria,Rural,Literate,279642,166849,112793,63363,52452,10911,67166,43797,23369,41913,29423,12490,149113,70600,78513,13239,6209,7030
B0103,23,431,District - Umaria,Rural,Literate but below matric/secondary,227991,131033,96958,44153,36017,8136,53250,33888,19362,32842,22568,10274,130588,61128,69460,8716,3596,5120
B0103,23,431,District - Umaria,Rural,Matric/secondary but below graduate,33400,23442,9958,11212,9815,1397,8174,6299,1875,5405,4410,995,14014,7328,6686,3366,1948,1418
B0103,23,431,District - Umaria,Rural,Technical diploma or certificate not equal to degree,222,204,18,86,82,4,23,20,3,11,10,1,113,102,11,47,43,4
B0103,23,431,District - Umaria,Rural,Graduate and above other than technical degree,7146,5659,1487,4228,3711,517,1227,1031,196,818,713,105,1691,917,774,631,394,237
B0103,23,431,District - Umaria,Rural,Technical degree or diploma equal to degree or post-graduate degree,517,429,88,230,207,23,58,45,13,36,30,6,229,177,52,101,79,22
B0103,23,431,District - Umaria,Urban,Total,110544,57610,52934,26655,22597,4058,9193,5855,3338,6609,4458,2151,74696,29158,45538,7900,3757,4143
B0103,23,431,District - Umaria,Urban,Illiterate,33514,13552,19962,4631,2969,1662,3945,1719,2226,2867,1354,1513,24938,8864,16074,1036,246,790
B0103,23,431,District - Umaria,Urban,Literate,77030,44058,32972,22024,19628,2396,5248,4136,1112,3742,3104,638,49758,20294,29464,6864,3511,3353
B0103,23,431,District - Umaria,Urban,Literate but below matric/secondary,44357,23967,20390,8791,7855,936,3530,2734,796,2559,2113,446,32036,13378,18658,2635,1281,1354
B0103,23,431,District - Umaria,Urban,Matric/secondary but below graduate,20528,12262,8266,6752,6190,562,1110,931,179,792,683,109,12666,5141,7525,2616,1433,1183
B0103,23,431,District - Umaria,Urban,Technical diploma or certificate not equal to degree,533,483,50,380,354,26,18,17,1,10,9,1,135,112,23,68,63,5
B0103,23,431,District - Umaria,Urban,Graduate and above other than technical degree,8683,5517,3166,4868,4168,700,350,272,78,221,172,49,3465,1077,2388,1170,507,663
B0103,23,431,District - Umaria,Urban,Technical degree or diploma equal to degree or post-graduate degree,1156,878,278,652,553,99,32,27,5,20,16,4,472,298,174,229,158,71
B0103,23,432,District - Neemuch ,Total,Total,826067,422653,403414,358500,223764,134736,60182,21944,38238,29591,13974,15617,407385,176945,230440,19275,8503,10772
B0103,23,432,District - Neemuch ,Total,Illiterate,317233,114764,202469,124291,41762,82529,29404,5622,23782,13859,3582,10277,163538,67380,96158,2766,529,2237
B0103,23,432,District - Neemuch ,Total,Literate,508834,307889,200945,234209,182002,52207,30778,16322,14456,15732,10392,5340,243847,109565,134282,16509,7974,8535
B0103,23,432,District - Neemuch ,Total,Literate but below matric/secondary,369065,217285,151780,160147,119781,40366,24407,12447,11960,12360,7927,4433,184511,85057,99454,7029,2841,4188
B0103,23,432,District - Neemuch ,Total,Matric/secondary but below graduate,87887,58497,29390,42979,37559,5420,3887,2573,1314,2091,1640,451,41021,18365,22656,6013,3399,2614
B0103,23,432,District - Neemuch ,Total,Technical diploma or certificate not equal to degree,1066,979,87,610,586,24,38,35,3,23,23,0,418,358,60,147,132,15
B0103,23,432,District - Neemuch ,Total,Graduate and above other than technical degree,32302,20969,11333,19864,16898,2966,868,594,274,512,382,130,11570,3477,8093,2363,1092,1271
B0103,23,432,District - Neemuch ,Total,Technical degree or diploma equal to degree or post-graduate degree,3476,2470,1006,1879,1541,338,64,47,17,36,30,6,1533,882,651,534,366,168
B0103,23,432,District - Neemuch ,Rural,Total,580837,295013,285824,271520,156552,114968,51581,18115,33466,25010,11524,13486,257736,120346,137390,8656,4066,4590
B0103,23,432,District - Neemuch ,Rural,Illiterate,250191,88744,161447,108533,34822,73711,25907,4749,21158,12123,3030,9093,115751,49173,66578,1586,280,1306
B0103,23,432,District - Neemuch ,Rural,Literate,330646,206269,124377,162987,121730,41257,25674,13366,12308,12887,8494,4393,141985,71173,70812,7070,3786,3284
B0103,23,432,District - Neemuch ,Rural,Literate but below matric/secondary,265833,160950,104883,125714,91396,34318,20766,10418,10348,10296,6605,3691,119353,59136,60217,3330,1414,1916
B0103,23,432,District - Neemuch ,Rural,Matric/secondary but below graduate,43562,31457,12105,23421,19960,3461,2990,1963,1027,1598,1253,345,17151,9534,7617,2717,1748,969
B0103,23,432,District - Neemuch ,Rural,Technical diploma or certificate not equal to degree,379,356,23,170,165,5,29,27,2,19,19,0,180,164,16,60,53,7
B0103,23,432,District - Neemuch ,Rural,Graduate and above other than technical degree,9566,7333,2233,6630,5801,829,567,410,157,342,271,71,2369,1122,1247,638,380,258
B0103,23,432,District - Neemuch ,Rural,Technical degree or diploma equal to degree or post-graduate degree,982,827,155,559,504,55,32,23,9,20,16,4,391,300,91,144,122,22
B0103,23,432,District - Neemuch ,Urban,Total,245230,127640,117590,86980,67212,19768,8601,3829,4772,4581,2450,2131,149649,56599,93050,10619,4437,6182
B0103,23,432,District - Neemuch ,Urban,Illiterate,67042,26020,41022,15758,6940,8818,3497,873,2624,1736,552,1184,47787,18207,29580,1180,249,931
B0103,23,432,District - Neemuch ,Urban,Literate,178188,101620,76568,71222,60272,10950,5104,2956,2148,2845,1898,947,101862,38392,63470,9439,4188,5251
B0103,23,432,District - Neemuch ,Urban,Literate but below matric/secondary,103232,56335,46897,34433,28385,6048,3641,2029,1612,2064,1322,742,65158,25921,39237,3699,1427,2272
B0103,23,432,District - Neemuch ,Urban,Matric/secondary but below graduate,44325,27040,17285,19558,17599,1959,897,610,287,493,387,106,23870,8831,15039,3296,1651,1645
B0103,23,432,District - Neemuch ,Urban,Technical diploma or certificate not equal to degree,687,623,64,440,421,19,9,8,1,4,4,0,238,194,44,87,79,8
B0103,23,432,District - Neemuch ,Urban,Graduate and above other than technical degree,22736,13636,9100,13234,11097,2137,301,184,117,170,111,59,9201,2355,6846,1725,712,1013
B0103,23,432,District - Neemuch ,Urban,Technical degree or diploma equal to degree or post-graduate degree,2494,1643,851,1320,1037,283,32,24,8,16,14,2,1142,582,560,390,244,146
B0103,23,433,District - Mandsaur,Total,Total,1340411,682851,657560,535066,352137,182929,144657,45577,99080,54685,27291,27394,660688,285137,375551,24659,11611,13048
B0103,23,433,District - Mandsaur,Total,Illiterate,505820,179953,325867,168326,61157,107169,67168,9744,57424,21966,5498,16468,270326,109052,161274,3662,639,3023
B0103,23,433,District - Mandsaur,Total,Literate,834591,502898,331693,366740,290980,75760,77489,35833,41656,32719,21793,10926,390362,176085,214277,20997,10972,10025
B0103,23,433,District - Mandsaur,Total,Literate but below matric/secondary,645137,377541,267596,268835,207153,61682,64822,28244,36578,26542,17065,9477,311480,142144,169336,9627,4327,5300
B0103,23,433,District - Mandsaur,Total,Matric/secondary but below graduate,123853,84064,39789,59597,52830,6767,8314,5346,2968,4116,3325,791,55942,25888,30054,7351,4502,2849
B0103,23,433,District - Mandsaur,Total,Technical diploma or certificate not equal to degree,1042,940,102,552,527,25,47,43,4,33,31,2,443,370,73,152,130,22
B0103,23,433,District - Mandsaur,Total,Graduate and above other than technical degree,40401,27253,13148,25108,21540,3568,1590,1162,428,953,791,162,13703,4551,9152,2769,1392,1377
B0103,23,433,District - Mandsaur,Total,Technical degree or diploma equal to degree or post-graduate degree,4130,3039,1091,2234,1841,393,152,108,44,84,61,23,1744,1090,654,593,409,184
B0103,23,433,District - Mandsaur,Rural,Total,1062807,540987,521820,444685,279130,165555,133451,40317,93134,49761,24301,25460,484671,221540,263131,13814,6839,6975
B0103,23,433,District - Mandsaur,Rural,Illiterate,433073,151930,281143,154075,53900,100175,63724,9038,54686,20658,5103,15555,215274,88992,126282,2372,443,1929
B0103,23,433,District - Mandsaur,Rural,Literate,629734,389057,240677,290610,225230,65380,69727,31279,38448,29103,19198,9905,269397,132548,136849,11442,6396,5046
B0103,23,433,District - Mandsaur,Rural,Literate but below matric/secondary,526479,314263,212216,232455,175826,56629,59495,25317,34178,24101,15341,8760,234529,113120,121409,5997,2760,3237
B0103,23,433,District - Mandsaur,Rural,Matric/secondary but below graduate,73987,54976,19011,39695,34822,4873,6870,4347,2523,3398,2758,640,27422,15807,11615,3971,2689,1282
B0103,23,433,District - Mandsaur,Rural,Technical diploma or certificate not equal to degree,422,388,34,185,178,7,29,28,1,25,24,1,208,182,26,73,64,9
B0103,23,433,District - Mandsaur,Rural,Graduate and above other than technical degree,14520,11618,2902,10061,9007,1054,1015,773,242,668,601,67,3444,1838,1606,992,640,352
B0103,23,433,District - Mandsaur,Rural,Technical degree or diploma equal to degree or post-graduate degree,1205,1016,189,682,600,82,69,55,14,48,39,9,454,361,93,183,150,33
B0103,23,433,District - Mandsaur,Urban,Total,277604,141864,135740,90381,73007,17374,11206,5260,5946,4924,2990,1934,176017,63597,112420,10845,4772,6073
B0103,23,433,District - Mandsaur,Urban,Illiterate,72747,28023,44724,14251,7257,6994,3444,706,2738,1308,395,913,55052,20060,34992,1290,196,1094
B0103,23,433,District - Mandsaur,Urban,Literate,204857,113841,91016,76130,65750,10380,7762,4554,3208,3616,2595,1021,120965,43537,77428,9555,4576,4979
B0103,23,433,District - Mandsaur,Urban,Literate but below matric/secondary,118658,63278,55380,36380,31327,5053,5327,2927,2400,2441,1724,717,76951,29024,47927,3630,1567,2063
B0103,23,433,District - Mandsaur,Urban,Matric/secondary but below graduate,49866,29088,20778,19902,18008,1894,1444,999,445,718,567,151,28520,10081,18439,3380,1813,1567
B0103,23,433,District - Mandsaur,Urban,Technical diploma or certificate not equal to degree,620,552,68,367,349,18,18,15,3,8,7,1,235,188,47,79,66,13
B0103,23,433,District - Mandsaur,Urban,Graduate and above other than technical degree,25881,15635,10246,15047,12533,2514,575,389,186,285,190,95,10259,2713,7546,1777,752,1025
B0103,23,433,District - Mandsaur,Urban,Technical degree or diploma equal to degree or post-graduate degree,2925,2023,902,1552,1241,311,83,53,30,36,22,14,1290,729,561,410,259,151
B0103,23,434,District - Ratlam,Total,Total,1455069,738241,716828,471139,320563,150576,219841,90883,128958,124718,61785,62933,764089,326795,437294,38490,16831,21659
B0103,23,434,District - Ratlam,Total,Illiterate,629189,253151,376038,171505,78630,92875,123590,34937,88653,73356,26090,47266,334094,139584,194510,7925,1897,6028
B0103,23,434,District - Ratlam,Total,Literate,825880,485090,340790,299634,241933,57701,96251,55946,40305,51362,35695,15667,429995,187211,242784,30565,14934,15631
B0103,23,434,District - Ratlam,Total,Literate but below matric/secondary,606054,348524,257530,198497,156560,41937,77842,43898,33944,40949,28042,12907,329715,148066,181649,15634,6966,8668
B0103,23,434,District - Ratlam,Total,Matric/secondary but below graduate,129865,82412,47453,53177,47124,6053,9398,6945,2453,5200,4294,906,67290,28343,38947,9547,5424,4123
B0103,23,434,District - Ratlam,Total,Technical diploma or certificate not equal to degree,1645,1441,204,893,835,58,55,52,3,35,34,1,697,554,143,198,163,35
B0103,23,434,District - Ratlam,Total,Graduate and above other than technical degree,53429,32720,20709,30350,25332,5018,1886,1328,558,998,763,235,21193,6060,15133,3769,1653,2116
B0103,23,434,District - Ratlam,Total,Technical degree or diploma equal to degree or post-graduate degree,5142,3493,1649,2824,2205,619,164,117,47,85,71,14,2154,1171,983,653,413,240
B0103,23,434,District - Ratlam,Rural,Total,1020038,516468,503570,339067,213447,125620,201461,80008,121453,114972,55368,59604,479510,223013,256497,18022,8047,9975
B0103,23,434,District - Ratlam,Rural,Illiterate,512934,205414,307520,150329,66639,83690,117395,32465,84930,70028,24543,45485,245210,106310,138900,5367,1290,4077
B0103,23,434,District - Ratlam,Rural,Literate,507104,311054,196050,188738,146808,41930,84066,47543,36523,44944,30825,14119,234300,116703,117597,12655,6757,5898
B0103,23,434,District - Ratlam,Rural,Literate but below matric/secondary,426279,253774,172505,147911,113017,34894,69740,38348,31392,36588,24711,11877,208628,102409,106219,8512,4055,4457
B0103,23,434,District - Ratlam,Rural,Matric/secondary but below graduate,48964,36657,12307,23514,20597,2917,6911,5072,1839,3892,3257,635,18539,10988,7551,3102,2092,1010
B0103,23,434,District - Ratlam,Rural,Technical diploma or certificate not equal to degree,203,184,19,72,67,5,24,23,1,17,17,0,107,94,13,31,31,0
B0103,23,434,District - Ratlam,Rural,Graduate and above other than technical degree,9013,7147,1866,6020,5336,684,905,722,183,558,482,76,2088,1089,999,603,383,220
B0103,23,434,District - Ratlam,Rural,Technical degree or diploma equal to degree or post-graduate degree,603,520,83,347,310,37,50,42,8,27,26,1,206,168,38,56,48,8
B0103,23,434,District - Ratlam,Urban,Total,435031,221773,213258,132072,107116,24956,18380,10875,7505,9746,6417,3329,284579,103782,180797,20468,8784,11684
B0103,23,434,District - Ratlam,Urban,Illiterate,116255,47737,68518,21176,11991,9185,6195,2472,3723,3328,1547,1781,88884,33274,55610,2558,607,1951
B0103,23,434,District - Ratlam,Urban,Literate,318776,174036,144740,110896,95125,15771,12185,8403,3782,6418,4870,1548,195695,70508,125187,17910,8177,9733
B0103,23,434,District - Ratlam,Urban,Literate but below matric/secondary,179775,94750,85025,50586,43543,7043,8102,5550,2552,4361,3331,1030,121087,45657,75430,7122,2911,4211
B0103,23,434,District - Ratlam,Urban,Matric/secondary but below graduate,80901,45755,35146,29663,26527,3136,2487,1873,614,1308,1037,271,48751,17355,31396,6445,3332,3113
B0103,23,434,District - Ratlam,Urban,Technical diploma or certificate not equal to degree,1442,1257,185,821,768,53,31,29,2,18,17,1,590,460,130,167,132,35
B0103,23,434,District - Ratlam,Urban,Graduate and above other than technical degree,44416,25573,18843,24330,19996,4334,981,606,375,440,281,159,19105,4971,14134,3166,1270,1896
B0103,23,434,District - Ratlam,Urban,Technical degree or diploma equal to degree or post-graduate degree,4539,2973,1566,2477,1895,582,114,75,39,58,45,13,1948,1003,945,597,365,232
B0103,23,435,District - Ujjain,Total,Total,1986864,1016289,970575,682115,485641,196474,215327,83784,131543,95984,50394,45590,1089422,446864,642558,53532,24790,28742
B0103,23,435,District - Ujjain,Total,Illiterate,745874,285472,460402,204322,92929,111393,102673,21843,80830,42968,13558,29410,438879,170700,268179,8828,1867,6961
B0103,23,435,District - Ujjain,Total,Literate,1240990,730817,510173,477793,392712,85081,112654,61941,50713,53016,36836,16180,650543,276164,374379,44704,22923,21781
B0103,23,435,District - Ujjain,Total,Literate but below matric/secondary,878214,506522,371692,308205,249137,59068,90607,47299,43308,41830,28278,13552,479402,210086,269316,20297,9534,10763
B0103,23,435,District - Ujjain,Total,Matric/secondary but below graduate,208939,133240,75699,86664,77637,9027,12369,9277,3092,6544,5525,1019,109906,46326,63580,14517,8634,5883
B0103,23,435,District - Ujjain,Total,Technical diploma or certificate not equal to degree,2923,2512,411,1711,1596,115,73,64,9,38,34,4,1139,852,287,301,229,72
B0103,23,435,District - Ujjain,Total,Graduate and above other than technical degree,94784,57173,37611,53421,44061,9360,2678,1901,777,1307,1016,291,38685,11211,27474,6555,2896,3659
B0103,23,435,District - Ujjain,Total,Technical degree or diploma equal to degree or post-graduate degree,12377,8292,4085,6627,5129,1498,267,173,94,131,89,42,5483,2990,2493,1671,1043,628
B0103,23,435,District - Ujjain,Rural,Total,1207651,616353,591298,437735,289130,148605,185123,66339,118784,81044,40651,40393,584793,260884,323909,20957,9968,10989
B0103,23,435,District - Ujjain,Rural,Illiterate,536268,199362,336906,163768,69760,94008,92599,18142,74457,38017,11408,26609,279901,111460,168441,5087,945,4142
B0103,23,435,District - Ujjain,Rural,Literate,671383,416991,254392,273967,219370,54597,92524,48197,44327,43027,29243,13784,304892,149424,155468,15870,9023,6847
B0103,23,435,District - Ujjain,Rural,Literate but below matric/secondary,564371,338481,225890,216802,170574,46228,77456,38448,39008,35197,23270,11927,270113,129459,140654,10095,4871,5224
B0103,23,435,District - Ujjain,Rural,Matric/secondary but below graduate,67259,52956,14303,34283,31216,3067,8223,6223,2000,4471,3843,628,24753,15517,9236,4343,3270,1073
B0103,23,435,District - Ujjain,Rural,Technical diploma or certificate not equal to degree,232,199,33,99,82,17,21,20,1,11,11,0,112,97,15,48,44,4
B0103,23,435,District - Ujjain,Rural,Graduate and above other than technical degree,11674,9746,1928,7971,7312,659,957,786,171,568,505,63,2746,1648,1098,725,515,210
B0103,23,435,District - Ujjain,Rural,Technical degree or diploma equal to degree or post-graduate degree,885,739,146,470,413,57,48,35,13,25,21,4,367,291,76,111,96,15
B0103,23,435,District - Ujjain,Urban,Total,779213,399936,379277,244380,196511,47869,30204,17445,12759,14940,9743,5197,504629,185980,318649,32575,14822,17753
B0103,23,435,District - Ujjain,Urban,Illiterate,209606,86110,123496,40554,23169,17385,10074,3701,6373,4951,2150,2801,158978,59240,99738,3741,922,2819
B0103,23,435,District - Ujjain,Urban,Literate,569607,313826,255781,203826,173342,30484,20130,13744,6386,9989,7593,2396,345651,126740,218911,28834,13900,14934
B0103,23,435,District - Ujjain,Urban,Literate but below matric/secondary,313843,168041,145802,91403,78563,12840,13151,8851,4300,6633,5008,1625,209289,80627,128662,10202,4663,5539
B0103,23,435,District - Ujjain,Urban,Matric/secondary but below graduate,141680,80284,61396,52381,46421,5960,4146,3054,1092,2073,1682,391,85153,30809,54344,10174,5364,4810
B0103,23,435,District - Ujjain,Urban,Technical diploma or certificate not equal to degree,2691,2313,378,1612,1514,98,52,44,8,27,23,4,1027,755,272,253,185,68
B0103,23,435,District - Ujjain,Urban,Graduate and above other than technical degree,83110,47427,35683,45450,36749,8701,1721,1115,606,739,511,228,35939,9563,26376,5830,2381,3449
B0103,23,435,District - Ujjain,Urban,Technical degree or diploma equal to degree or post-graduate degree,11492,7553,3939,6157,4716,1441,219,138,81,106,68,38,5116,2699,2417,1560,947,613
B0103,23,436,District - Shajapur,Total,Total,1512681,780520,732161,508833,363707,145126,209038,68150,140888,92157,45062,47095,794810,348663,446147,36262,16566,19696
B0103,23,436,District - Shajapur,Total,Illiterate,618069,237011,381058,168798,79964,88834,101335,17827,83508,40676,11414,29262,347936,139220,208716,7198,1249,5949
B0103,23,436,District - Shajapur,Total,Literate,894612,543509,351103,340035,283743,56292,107703,50323,57380,51481,33648,17833,446874,209443,237431,29064,15317,13747
B0103,23,436,District - Shajapur,Total,Literate but below matric/secondary,407311,238031,169280,66211,55234,10977,28159,14273,13886,12901,8519,4382,312941,168524,144417,10655,6891,3764
B0103,23,436,District - Shajapur,Total,Matric/secondary but below graduate,29907,17745,12162,9818,8761,1057,2532,1568,964,1313,997,316,17557,7416,10141,3216,1822,1394
B0103,23,436,District - Shajapur,Total,Technical diploma or certificate not equal to degree,83,79,4,37,36,1,3,2,1,1,1,0,43,41,2,15,15,0
B0103,23,436,District - Shajapur,Total,Graduate and above other than technical degree,6776,4469,2307,3929,3456,473,406,260,146,222,168,54,2441,753,1688,721,316,405
B0103,23,436,District - Shajapur,Total,Technical degree or diploma equal to degree or post-graduate degree,1996,1548,448,452,387,65,179,144,35,108,96,12,1365,1017,348,507,401,106
B0103,23,436,District - Shajapur,Rural,Total,1219133,629273,589860,422800,292284,130516,192074,59955,132119,83241,39828,43413,604259,277034,327225,21695,10766,10929
B0103,23,436,District - Shajapur,Rural,Illiterate,528759,201903,326856,153637,71176,82461,94204,15969,78235,37234,10253,26981,280918,114758,166160,4861,891,3970
B0103,23,436,District - Shajapur,Rural,Literate,690374,427370,263004,269163,221108,48055,97870,43986,53884,46007,29575,16432,323341,162276,161065,16834,9875,6959
B0103,23,436,District - Shajapur,Rural,Literate but below matric/secondary,332405,196190,136215,58162,48047,10115,25997,12943,13054,11641,7589,4052,248246,135200,113046,7367,5021,2346
B0103,23,436,District - Shajapur,Rural,Matric/secondary but below graduate,18735,12158,6577,6492,5770,722,2166,1308,858,1080,808,272,10077,5080,4997,1703,1127,576
B0103,23,436,District - Shajapur,Rural,Technical diploma or certificate not equal to degree,38,36,2,14,13,1,3,2,1,1,1,0,21,21,0,5,5,0
B0103,23,436,District - Shajapur,Rural,Graduate and above other than technical degree,3046,2332,714,1865,1710,155,325,212,113,171,133,38,856,410,446,276,178,98
B0103,23,436,District - Shajapur,Rural,Technical degree or diploma equal to degree or post-graduate degree,1142,972,170,256,225,31,156,126,30,96,86,10,730,621,109,274,246,28
B0103,23,436,District - Shajapur,Urban,Total,293548,151247,142301,86033,71423,14610,16964,8195,8769,8916,5234,3682,190551,71629,118922,14567,5800,8767
B0103,23,436,District - Shajapur,Urban,Illiterate,89310,35108,54202,15161,8788,6373,7131,1858,5273,3442,1161,2281,67018,24462,42556,2337,358,1979
B0103,23,436,District - Shajapur,Urban,Literate,204238,116139,88099,70872,62635,8237,9833,6337,3496,5474,4073,1401,123533,47167,76366,12230,5442,6788
B0103,23,436,District - Shajapur,Urban,Literate but below matric/secondary,74906,41841,33065,8049,7187,862,2162,1330,832,1260,930,330,64695,33324,31371,3288,1870,1418
B0103,23,436,District - Shajapur,Urban,Matric/secondary but below graduate,11172,5587,5585,3326,2991,335,366,260,106,233,189,44,7480,2336,5144,1513,695,818
B0103,23,436,District - Shajapur,Urban,Technical diploma or certificate not equal to degree,45,43,2,23,23,0,0,0,0,0,0,0,22,20,2,10,10,0
B0103,23,436,District - Shajapur,Urban,Graduate and above other than technical degree,3730,2137,1593,2064,1746,318,81,48,33,51,35,16,1585,343,1242,445,138,307
B0103,23,436,District - Shajapur,Urban,Technical degree or diploma equal to degree or post-graduate degree,854,576,278,196,162,34,23,18,5,12,10,2,635,396,239,233,155,78
B0103,23,437,District - Dewas,Total,Total,1563715,805359,758356,528526,382531,145995,214150,68970,145180,72361,35406,36955,821039,353858,467181,31752,15128,16624
B0103,23,437,District - Dewas,Total,Illiterate,638346,254643,383703,178963,90090,88873,104030,18295,85735,34357,10014,24343,355353,146258,209095,5978,1327,4651
B0103,23,437,District - Dewas,Total,Literate,925369,550716,374653,349563,292441,57122,110120,50675,59445,38004,25392,12612,465686,207600,258086,25774,13801,11973
B0103,23,437,District - Dewas,Total,Literate but below matric/secondary,670224,380262,289962,222781,181914,40867,88475,37425,51050,28935,18399,10536,358968,160923,198045,12217,5741,6476
B0103,23,437,District - Dewas,Total,Matric/secondary but below graduate,170656,118751,51905,79773,72810,6963,14494,9953,4541,6208,5148,1060,76389,35988,40401,9116,5811,3305
B0103,23,437,District - Dewas,Total,Technical diploma or certificate not equal to degree,2093,1871,222,1367,1301,66,52,49,3,31,30,1,674,521,153,139,110,29
B0103,23,437,District - Dewas,Total,Graduate and above other than technical degree,45102,28975,16127,27139,22511,4628,1706,1220,486,825,669,156,16257,5244,11013,2764,1310,1454
B0103,23,437,District - Dewas,Total,Technical degree or diploma equal to degree or post-graduate degree,5973,4301,1672,3333,2681,652,170,123,47,91,74,17,2470,1497,973,701,470,231
B0103,23,437,District - Dewas,Rural,Total,1111956,571720,540236,392695,270703,121992,194314,58928,135386,61301,29080,32221,524947,242089,282858,15301,7564,7737
B0103,23,437,District - Dewas,Rural,Illiterate,507662,201761,305901,155446,76166,79280,96271,16177,80094,30162,8718,21444,255945,109418,146527,3651,843,2808
B0103,23,437,District - Dewas,Rural,Literate,604294,369959,234335,237249,194537,42712,98043,42751,55292,31139,20362,10777,269002,132671,136331,11650,6721,4929
B0103,23,437,District - Dewas,Rural,Literate but below matric/secondary,485572,281876,203696,173379,138362,35017,80349,32294,48055,24229,15004,9225,231844,111220,120624,6705,3238,3467
B0103,23,437,District - Dewas,Rural,Matric/secondary but below graduate,84803,66270,18533,44567,40826,3741,11862,7994,3868,4709,3947,762,28374,17450,10924,3817,2763,1054
B0103,23,437,District - Dewas,Rural,Technical diploma or certificate not equal to degree,217,203,14,88,84,4,27,26,1,17,17,0,102,93,9,27,26,1
B0103,23,437,District - Dewas,Rural,Graduate and above other than technical degree,10826,8833,1993,7364,6677,687,1001,739,262,494,439,55,2461,1417,1044,596,417,179
B0103,23,437,District - Dewas,Rural,Technical degree or diploma equal to degree or post-graduate degree,999,880,119,558,514,44,82,69,13,50,48,2,359,297,62,120,104,16
B0103,23,437,District - Dewas,Urban,Total,451759,233639,218120,135831,111828,24003,19836,10042,9794,11060,6326,4734,296092,111769,184323,16451,7564,8887
B0103,23,437,District - Dewas,Urban,Illiterate,130684,52882,77802,23517,13924,9593,7759,2118,5641,4195,1296,2899,99408,36840,62568,2327,484,1843
B0103,23,437,District - Dewas,Urban,Literate,321075,180757,140318,112314,97904,14410,12077,7924,4153,6865,5030,1835,196684,74929,121755,14124,7080,7044
B0103,23,437,District - Dewas,Urban,Literate but below matric/secondary,184652,98386,86266,49402,43552,5850,8126,5131,2995,4706,3395,1311,127124,49703,77421,5512,2503,3009
B0103,23,437,District - Dewas,Urban,Matric/secondary but below graduate,85853,52481,33372,35206,31984,3222,2632,1959,673,1499,1201,298,48015,18538,29477,5299,3048,2251
B0103,23,437,District - Dewas,Urban,Technical diploma or certificate not equal to degree,1876,1668,208,1279,1217,62,25,23,2,14,13,1,572,428,144,112,84,28
B0103,23,437,District - Dewas,Urban,Graduate and above other than technical degree,34276,20142,14134,19775,15834,3941,705,481,224,331,230,101,13796,3827,9969,2168,893,1275
B0103,23,437,District - Dewas,Urban,Technical degree or diploma equal to degree or post-graduate degree,4974,3421,1553,2775,2167,608,88,54,34,41,26,15,2111,1200,911,581,366,215
B0103,23,438,District - Dhar,Total,Total,2185793,1112725,1073068,783019,501438,281581,244955,95641,149314,119704,56694,63010,1157819,515646,642173,42691,19565,23126
B0103,23,438,District - Dhar,Total,Illiterate,1108455,474246,634209,394899,187976,206923,158220,46831,111389,80276,29773,50503,555336,239439,315897,11430,3028,8402
B0103,23,438,District - Dhar,Total,Literate,1077338,638479,438859,388120,313462,74658,86735,48810,37925,39428,26921,12507,602483,276207,326276,31261,16537,14724
B0103,23,438,District - Dhar,Total,Literate but below matric/secondary,798804,456896,341908,249624,196865,52759,67435,36792,30643,30154,20251,9903,481745,223239,258506,16033,7716,8317
B0103,23,438,District - Dhar,Total,Matric/secondary but below graduate,181292,119006,62286,80741,70770,9971,11021,7393,3628,5066,3941,1125,89530,40843,48687,10608,6233,4375
B0103,23,438,District - Dhar,Total,Technical diploma or certificate not equal to degree,1951,1806,145,1349,1304,45,46,43,3,27,27,0,556,459,97,110,93,17
B0103,23,438,District - Dhar,Total,Graduate and above other than technical degree,52745,35076,17669,33144,27559,5585,1968,1343,625,958,729,229,17633,6174,11459,3059,1660,1399
B0103,23,438,District - Dhar,Total,Technical degree or diploma equal to degree or post-graduate degree,5146,3926,1220,2999,2505,494,124,89,35,54,44,10,2023,1332,691,574,421,153
B0103,23,438,District - Dhar,Rural,Total,1772572,895113,877459,649021,392554,256467,229254,87031,142223,113012,52637,60375,894297,415528,478769,29172,13666,15506
B0103,23,438,District - Dhar,Rural,Illiterate,976099,417282,558817,367311,171631,195680,151561,44363,107198,77421,28532,48889,457227,201288,255939,9269,2492,6777
B0103,23,438,District - Dhar,Rural,Literate,796473,477831,318642,281710,220923,60787,77693,42668,35025,35591,24105,11486,437070,214240,222830,19903,11174,8729
B0103,23,438,District - Dhar,Rural,Literate but below matric/secondary,633692,367492,266200,202088,155259,46829,61616,32919,28697,27595,18397,9198,369988,179314,190674,11039,5534,5505
B0103,23,438,District - Dhar,Rural,Matric/secondary but below graduate,106674,73214,33460,46503,40049,6454,8944,5853,3091,4233,3287,946,51227,27312,23915,6406,4091,2315
B0103,23,438,District - Dhar,Rural,Technical diploma or certificate not equal to degree,412,370,42,207,194,13,19,18,1,12,12,0,186,158,28,50,44,6
B0103,23,438,District - Dhar,Rural,Graduate and above other than technical degree,22957,16801,6156,14510,12386,2124,1383,971,412,726,571,155,7064,3444,3620,1535,973,562
B0103,23,438,District - Dhar,Rural,Technical degree or diploma equal to degree or post-graduate degree,1888,1577,311,987,874,113,61,41,20,28,24,4,840,662,178,231,199,32
B0103,23,438,District - Dhar,Urban,Total,413221,217612,195609,133998,108884,25114,15701,8610,7091,6692,4057,2635,263522,100118,163404,13519,5899,7620
B0103,23,438,District - Dhar,Urban,Illiterate,132356,56964,75392,27588,16345,11243,6659,2468,4191,2855,1241,1614,98109,38151,59958,2161,536,1625
B0103,23,438,District - Dhar,Urban,Literate,280865,160648,120217,106410,92539,13871,9042,6142,2900,3837,2816,1021,165413,61967,103446,11358,5363,5995
B0103,23,438,District - Dhar,Urban,Literate but below matric/secondary,165112,89404,75708,47536,41606,5930,5819,3873,1946,2559,1854,705,111757,43925,67832,4994,2182,2812
B0103,23,438,District - Dhar,Urban,Matric/secondary but below graduate,74618,45792,28826,34238,30721,3517,2077,1540,537,833,654,179,38303,13531,24772,4202,2142,2060
B0103,23,438,District - Dhar,Urban,Technical diploma or certificate not equal to degree,1539,1436,103,1142,1110,32,27,25,2,15,15,0,370,301,69,60,49,11
B0103,23,438,District - Dhar,Urban,Graduate and above other than technical degree,29788,18275,11513,18634,15173,3461,585,372,213,232,158,74,10569,2730,7839,1524,687,837
B0103,23,438,District - Dhar,Urban,Technical degree or diploma equal to degree or post-graduate degree,3258,2349,909,2012,1631,381,63,48,15,26,20,6,1183,670,513,343,222,121
B0103,23,439,District - Indore,Total,Total,3276697,1699627,1577070,1137251,878391,258860,130944,60664,70280,55774,30854,24920,2008502,760572,1247930,109554,47124,62430
B0103,23,439,District - Indore,Total,Illiterate,967567,409996,557571,231883,123990,107893,51089,14774,36315,21513,7801,13712,684595,271232,413363,14367,3654,10713
B0103,23,439,District - Indore,Total,Literate,2309130,1289631,1019499,905368,754401,150967,79855,45890,33965,34261,23053,11208,1323907,489340,834567,95187,43470,51717
B0103,23,439,District - Indore,Total,Literate but below matric/secondary,1267264,687108,580156,411362,338111,73251,51914,28666,23248,22684,15208,7476,803988,320331,483657,36265,15559,20706
B0103,23,439,District - Indore,Total,Matric/secondary but below graduate,579330,342727,236603,243611,216603,27008,16185,10776,5409,7206,5263,1943,319534,115348,204186,34850,18081,16769
B0103,23,439,District - Indore,Total,Technical diploma or certificate not equal to degree,10242,8209,2033,6791,5962,829,200,153,47,84,62,22,3251,2094,1157,549,338,211
B0103,23,439,District - Indore,Total,Graduate and above other than technical degree,324617,179767,144850,179853,144967,34886,6566,3483,3083,2327,1289,1038,138198,31317,106881,16273,5952,10321
B0103,23,439,District - Indore,Total,Technical degree or diploma equal to degree or post-graduate degree,51680,33899,17781,30476,23362,7114,1121,678,443,431,271,160,20083,9859,10224,4222,2447,1775
B0103,23,439,District - Indore,Rural,Total,848988,436755,412233,320072,219736,100336,66710,24624,42086,30081,14860,15221,462206,192395,269811,16246,7490,8756
B0103,23,439,District - Indore,Rural,Illiterate,349851,136856,212995,111111,49429,61682,33430,7516,25914,14768,4608,10160,205310,79911,125399,3449,748,2701
B0103,23,439,District - Indore,Rural,Literate,499137,299899,199238,208961,170307,38654,33280,17108,16172,15313,10252,5061,256896,112484,144412,12797,6742,6055
B0103,23,439,District - Indore,Rural,Literate but below matric/secondary,381779,217662,164117,144616,113535,31081,27252,13146,14106,12436,8012,4424,209911,90981,118930,7340,3363,3977
B0103,23,439,District - Indore,Rural,Matric/secondary but below graduate,84027,61133,22894,44726,40874,3852,4081,2919,1162,2011,1664,347,35220,17340,17880,4133,2683,1450
B0103,23,439,District - Indore,Rural,Technical diploma or certificate not equal to degree,761,695,66,547,522,25,17,17,0,9,9,0,197,156,41,54,43,11
B0103,23,439,District - Indore,Rural,Graduate and above other than technical degree,17819,12365,5454,11395,9850,1545,548,401,147,262,219,43,5876,2114,3762,851,430,421
B0103,23,439,District - Indore,Rural,Technical degree or diploma equal to degree or post-graduate degree,2214,1603,611,1301,1039,262,57,39,18,23,16,7,856,525,331,172,121,51
B0103,23,439,District - Indore,Urban,Total,2427709,1262872,1164837,817179,658655,158524,64234,36040,28194,25693,15994,9699,1546296,568177,978119,93308,39634,53674
B0103,23,439,District - Indore,Urban,Illiterate,617716,273140,344576,120772,74561,46211,17659,7258,10401,6745,3193,3552,479285,191321,287964,10918,2906,8012
B0103,23,439,District - Indore,Urban,Literate,1809993,989732,820261,696407,584094,112313,46575,28782,17793,18948,12801,6147,1067011,376856,690155,82390,36728,45662
B0103,23,439,District - Indore,Urban,Literate but below matric/secondary,885485,469446,416039,266746,224576,42170,24662,15520,9142,10248,7196,3052,594077,229350,364727,28925,12196,16729
B0103,23,439,District - Indore,Urban,Matric/secondary but below graduate,495303,281594,213709,198885,175729,23156,12104,7857,4247,5195,3599,1596,284314,98008,186306,30717,15398,15319
B0103,23,439,District - Indore,Urban,Technical diploma or certificate not equal to degree,9481,7514,1967,6244,5440,804,183,136,47,75,53,22,3054,1938,1116,495,295,200
B0103,23,439,District - Indore,Urban,Graduate and above other than technical degree,306798,167402,139396,168458,135117,33341,6018,3082,2936,2065,1070,995,132322,29203,103119,15422,5522,9900
B0103,23,439,District - Indore,Urban,Technical degree or diploma equal to degree or post-graduate degree,49466,32296,17170,29175,22323,6852,1064,639,425,408,255,153,19227,9334,9893,4050,2326,1724
B0103,23,440,District - Khargone (West Nimar),Total,Total,1873046,953121,919925,756735,466922,289813,137384,51332,86052,67635,32366,35269,978927,434867,544060,39010,17352,21658
B0103,23,440,District - Khargone (West Nimar),Total,Illiterate,886812,377693,509119,346766,153861,192905,79715,21830,57885,39805,14227,25578,460331,202002,258329,8116,2299,5817
B0103,23,440,District - Khargone (West Nimar),Total,Literate,986234,575428,410806,409969,313061,96908,57669,29502,28167,27830,18139,9691,518596,232865,285731,30894,15053,15841
B0103,23,440,District - Khargone (West Nimar),Total,Literate but below matric/secondary,758249,428965,329284,293802,216985,76817,47100,23233,23867,22317,14247,8070,417347,188747,228600,15169,6535,8634
B0103,23,440,District - Khargone (West Nimar),Total,Matric/secondary but below graduate,144084,93405,50679,65684,56871,8813,6400,4026,2374,3348,2532,816,72000,32508,39492,10023,5538,4485
B0103,23,440,District - Khargone (West Nimar),Total,Technical diploma or certificate not equal to degree,2179,1886,293,1260,1210,50,47,43,4,29,26,3,872,633,239,288,216,72
B0103,23,440,District - Khargone (West Nimar),Total,Graduate and above other than technical degree,46428,30324,16104,28877,23959,4918,1274,841,433,714,525,189,16277,5524,10753,3571,1617,1954
B0103,23,440,District - Khargone (West Nimar),Total,Technical degree or diploma equal to degree or post-graduate degree,6136,4741,1395,3088,2671,417,143,107,36,75,55,20,2905,1963,942,1044,760,284
B0103,23,440,District - Khargone (West Nimar),Rural,Total,1574190,799396,774794,664490,391960,272530,128040,45831,82209,63335,29606,33729,781660,361605,420055,26238,12067,14171
B0103,23,440,District - Khargone (West Nimar),Rural,Illiterate,801401,341625,459776,329922,144094,185828,76561,20625,55936,38417,13652,24765,394918,176906,218012,6452,1918,4534
B0103,23,440,District - Khargone (West Nimar),Rural,Literate,772789,457771,315018,334568,247866,86702,51479,25206,26273,24918,15954,8964,386742,184699,202043,19786,10149,9637
B0103,23,440,District - Khargone (West Nimar),Rural,Literate but below matric/secondary,631448,362127,269321,257636,185445,72191,42859,20263,22596,20334,12734,7600,330953,156419,174534,10744,4809,5935
B0103,23,440,District - Khargone (West Nimar),Rural,Matric/secondary but below graduate,94306,65106,29200,47271,40334,6937,5255,3211,2044,2787,2091,696,41780,21561,20219,6328,3712,2616
B0103,23,440,District - Khargone (West Nimar),Rural,Technical diploma or certificate not equal to degree,946,836,110,475,459,16,22,20,2,13,11,2,449,357,92,165,132,33
B0103,23,440,District - Khargone (West Nimar),Rural,Graduate and above other than technical degree,19607,14178,5429,12796,10824,1972,826,558,268,500,398,102,5985,2796,3189,1632,894,738
B0103,23,440,District - Khargone (West Nimar),Rural,Technical degree or diploma equal to degree or post-graduate degree,2218,1891,327,1036,943,93,60,52,8,35,28,7,1122,896,226,389,327,62
B0103,23,440,District - Khargone (West Nimar),Urban,Total,298856,153725,145131,92245,74962,17283,9344,5501,3843,4300,2760,1540,197267,73262,124005,12772,5285,7487
B0103,23,440,District - Khargone (West Nimar),Urban,Illiterate,85411,36068,49343,16844,9767,7077,3154,1205,1949,1388,575,813,65413,25096,40317,1664,381,1283
B0103,23,440,District - Khargone (West Nimar),Urban,Literate,213445,117657,95788,75401,65195,10206,6190,4296,1894,2912,2185,727,131854,48166,83688,11108,4904,6204
B0103,23,440,District - Khargone (West Nimar),Urban,Literate but below matric/secondary,126801,66838,59963,36166,31540,4626,4241,2970,1271,1983,1513,470,86394,32328,54066,4425,1726,2699
B0103,23,440,District - Khargone (West Nimar),Urban,Matric/secondary but below graduate,49778,28299,21479,18413,16537,1876,1145,815,330,561,441,120,30220,10947,19273,3695,1826,1869
B0103,23,440,District - Khargone (West Nimar),Urban,Technical diploma or certificate not equal to degree,1233,1050,183,785,751,34,25,23,2,16,15,1,423,276,147,123,84,39
B0103,23,440,District - Khargone (West Nimar),Urban,Graduate and above other than technical degree,26821,16146,10675,16081,13135,2946,448,283,165,214,127,87,10292,2728,7564,1939,723,1216
B0103,23,440,District - Khargone (West Nimar),Urban,Technical degree or diploma equal to degree or post-graduate degree,3918,2850,1068,2052,1728,324,83,55,28,40,27,13,1783,1067,716,655,433,222
B0103,23,441,District - Barwani ,Total,Total,1385881,699340,686541,525791,321855,203936,128106,44073,84033,60234,27415,32819,731984,333412,398572,22804,10017,12787
B0103,23,441,District - Barwani ,Total,Illiterate,835955,385698,450257,340211,176180,164031,90744,24184,66560,41773,15446,26327,405000,185334,219666,7088,2039,5049
B0103,23,441,District - Barwani ,Total,Literate,549926,313642,236284,185580,145675,39905,37362,19889,17473,18461,11969,6492,326984,148078,178906,15716,7978,7738
B0103,23,441,District - Barwani ,Total,Literate but below matric/secondary,433177,240930,192247,128975,99335,29640,30679,15993,14686,14857,9507,5350,273523,125602,147921,8056,3750,4306
B0103,23,441,District - Barwani ,Total,Matric/secondary but below graduate,71502,43971,27531,29217,24947,4270,3711,2304,1407,2001,1464,537,38574,16720,21854,5145,2881,2264
B0103,23,441,District - Barwani ,Total,Technical diploma or certificate not equal to degree,651,551,100,388,363,25,8,6,2,7,5,2,255,182,73,64,50,14
B0103,23,441,District - Barwani ,Total,Graduate and above other than technical degree,24367,15981,8386,15774,12850,2924,686,470,216,408,312,96,7907,2661,5246,1778,904,874
B0103,23,441,District - Barwani ,Total,Technical degree or diploma equal to degree or post-graduate degree,2499,1907,592,1444,1243,201,52,40,12,31,24,7,1003,624,379,321,227,94
B0103,23,441,District - Barwani ,Rural,Total,1181812,594907,586905,460784,271153,189631,121002,40374,80628,56637,25163,31474,600026,283380,316646,15426,6770,8656
B0103,23,441,District - Barwani ,Rural,Illiterate,768660,356645,412015,323569,166945,156624,87547,23004,64543,40208,14725,25483,357544,166696,190848,5920,1759,4161
B0103,23,441,District - Barwani ,Rural,Literate,413152,238262,174890,137215,104208,33007,33455,17370,16085,16429,10438,5991,242482,116684,125798,9506,5011,4495
B0103,23,441,District - Barwani ,Rural,Literate but below matric/secondary,347915,195124,152791,104133,77824,26309,27916,14224,13692,13340,8360,4980,215866,103076,112790,5419,2556,2863
B0103,23,441,District - Barwani ,Rural,Matric/secondary but below graduate,39845,26473,13372,17511,14564,2947,3001,1832,1169,1671,1201,470,19333,10077,9256,2911,1733,1178
B0103,23,441,District - Barwani ,Rural,Technical diploma or certificate not equal to degree,244,208,36,129,117,12,4,4,0,4,4,0,111,87,24,35,28,7
B0103,23,441,District - Barwani ,Rural,Graduate and above other than technical degree,9379,6763,2616,6321,5197,1124,455,317,138,305,241,64,2603,1249,1354,773,471,302
B0103,23,441,District - Barwani ,Rural,Technical degree or diploma equal to degree or post-graduate degree,860,728,132,478,432,46,31,28,3,20,17,3,351,268,83,134,107,27
B0103,23,441,District - Barwani ,Urban,Total,204069,104433,99636,65007,50702,14305,7104,3699,3405,3597,2252,1345,131958,50032,81926,7378,3247,4131
B0103,23,441,District - Barwani ,Urban,Illiterate,67295,29053,38242,16642,9235,7407,3197,1180,2017,1565,721,844,47456,18638,28818,1168,280,888
B0103,23,441,District - Barwani ,Urban,Literate,136774,75380,61394,48365,41467,6898,3907,2519,1388,2032,1531,501,84502,31394,53108,6210,2967,3243
B0103,23,441,District - Barwani ,Urban,Literate but below matric/secondary,85262,45806,39456,24842,21511,3331,2763,1769,994,1517,1147,370,57657,22526,35131,2637,1194,1443
B0103,23,441,District - Barwani ,Urban,Matric/secondary but below graduate,31657,17498,14159,11706,10383,1323,710,472,238,330,263,67,19241,6643,12598,2234,1148,1086
B0103,23,441,District - Barwani ,Urban,Technical diploma or certificate not equal to degree,407,343,64,259,246,13,4,2,2,3,1,2,144,95,49,29,22,7
B0103,23,441,District - Barwani ,Urban,Graduate and above other than technical degree,14988,9218,5770,9453,7653,1800,231,153,78,103,71,32,5304,1412,3892,1005,433,572
B0103,23,441,District - Barwani ,Urban,Technical degree or diploma equal to degree or post-graduate degree,1639,1179,460,966,811,155,21,12,9,11,7,4,652,356,296,187,120,67
B0103,23,442,District - Rajgarh,Total,Total,1545814,790212,755602,471773,331533,140240,273830,98235,175595,136735,65227,71508,800211,360444,439767,46393,19239,27154
B0103,23,442,District - Rajgarh,Total,Illiterate,741569,301415,440154,209743,112082,97661,157374,34380,122994,73585,22307,51278,374452,154953,219499,12159,2168,9991
B0103,23,442,District - Rajgarh,Total,Literate,804245,488797,315448,262030,219451,42579,116456,63855,52601,63150,42920,20230,425759,205491,220268,34234,17071,17163
B0103,23,442,District - Rajgarh,Total,Literate but below matric/secondary,603591,352421,251170,168940,139963,28977,87493,45530,41963,46252,30148,16104,347158,166928,180230,17541,7752,9789
B0103,23,442,District - Rajgarh,Total,Matric/secondary but below graduate,118953,83046,35907,48355,43208,5147,16169,11484,4685,9834,7984,1850,54429,28354,26075,10808,6346,4462
B0103,23,442,District - Rajgarh,Total,Technical diploma or certificate not equal to degree,501,436,65,233,212,21,19,16,3,13,12,1,249,208,41,91,75,16
B0103,23,442,District - Rajgarh,Total,Graduate and above other than technical degree,39880,28889,10991,24586,20917,3669,3497,2903,594,2434,2150,284,11797,5069,6728,3982,2045,1937
B0103,23,442,District - Rajgarh,Total,Technical degree or diploma equal to degree or post-graduate degree,2993,2245,748,1619,1299,320,159,133,26,107,93,14,1215,813,402,536,368,168
B0103,23,442,District - Rajgarh,Rural,Total,1269357,648407,620950,395068,268586,126482,257136,89923,167213,127253,59723,67530,617153,289898,327255,27577,12103,15474
B0103,23,442,District - Rajgarh,Rural,Illiterate,649044,263813,385231,193195,101694,91501,150333,32406,117927,69802,20994,48808,305516,129713,175803,8799,1642,7157
B0103,23,442,District - Rajgarh,Rural,Literate,620313,384594,235719,201873,166892,34981,106803,57517,49286,57451,38729,18722,311637,160185,151452,18778,10461,8317
B0103,23,442,District - Rajgarh,Rural,Literate but below matric/secondary,493753,292640,201113,142070,115813,26257,81181,41501,39680,42530,27439,15091,270502,135326,135176,11172,5250,5922
B0103,23,442,District - Rajgarh,Rural,Matric/secondary but below graduate,76537,57950,18587,32675,29036,3639,14185,10059,4126,8664,7051,1613,29677,18855,10822,5469,3843,1626
B0103,23,442,District - Rajgarh,Rural,Technical diploma or certificate not equal to degree,163,145,18,43,39,4,14,13,1,10,10,0,106,93,13,39,32,7
B0103,23,442,District - Rajgarh,Rural,Graduate and above other than technical degree,17253,14630,2623,10976,9888,1088,2732,2346,386,1970,1809,161,3545,2396,1149,1263,945,318
B0103,23,442,District - Rajgarh,Rural,Technical degree or diploma equal to degree or post-graduate degree,900,770,130,455,407,48,110,95,15,72,66,6,335,268,67,128,105,23
B0103,23,442,District - Rajgarh,Urban,Total,276457,141805,134652,76705,62947,13758,16694,8312,8382,9482,5504,3978,183058,70546,112512,18816,7136,11680
B0103,23,442,District - Rajgarh,Urban,Illiterate,92525,37602,54923,16548,10388,6160,7041,1974,5067,3783,1313,2470,68936,25240,43696,3360,526,2834
B0103,23,442,District - Rajgarh,Urban,Literate,183932,104203,79729,60157,52559,7598,9653,6338,3315,5699,4191,1508,114122,45306,68816,15456,6610,8846
B0103,23,442,District - Rajgarh,Urban,Literate but below matric/secondary,109838,59781,50057,26870,24150,2720,6312,4029,2283,3722,2709,1013,76656,31602,45054,6369,2502,3867
B0103,23,442,District - Rajgarh,Urban,Matric/secondary but below graduate,42416,25096,17320,15680,14172,1508,1984,1425,559,1170,933,237,24752,9499,15253,5339,2503,2836
B0103,23,442,District - Rajgarh,Urban,Technical diploma or certificate not equal to degree,338,291,47,190,173,17,5,3,2,3,2,1,143,115,28,52,43,9
B0103,23,442,District - Rajgarh,Urban,Graduate and above other than technical degree,22627,14259,8368,13610,11029,2581,765,557,208,464,341,123,8252,2673,5579,2719,1100,1619
B0103,23,442,District - Rajgarh,Urban,Technical degree or diploma equal to degree or post-graduate degree,2093,1475,618,1164,892,272,49,38,11,35,27,8,880,545,335,408,263,145
B0103,23,443,District - Vidisha,Total,Total,1458875,769568,689307,397283,329342,67941,153119,72241,80878,77006,46951,30055,908473,367985,540488,48286,20015,28271
B0103,23,443,District - Vidisha,Total,Illiterate,595957,257224,338733,121661,82803,38858,76155,22533,53622,35343,14786,20557,398141,151888,246253,11483,2140,9343
B0103,23,443,District - Vidisha,Total,Literate,862918,512344,350574,275622,246539,29083,76964,49708,27256,41663,32165,9498,510332,216097,294235,36803,17875,18928
B0103,23,443,District - Vidisha,Total,Literate but below matric/secondary,668154,386697,281457,189144,170421,18723,63008,39772,23236,33888,25925,7963,416002,176504,239498,20427,8858,11569
B0103,23,443,District - Vidisha,Total,Matric/secondary but below graduate,114729,74953,39776,44362,40537,3825,7935,6186,1749,4569,3875,694,62432,28230,34202,9969,5797,4172
B0103,23,443,District - Vidisha,Total,Technical diploma or certificate not equal to degree,879,739,140,466,429,37,27,26,1,16,16,0,386,284,102,117,87,30
B0103,23,443,District - Vidisha,Total,Graduate and above other than technical degree,47449,31194,16255,28286,23983,4303,2071,1597,474,1251,1045,206,17092,5614,11478,4243,1995,2248
B0103,23,443,District - Vidisha,Total,Technical degree or diploma equal to degree or post-graduate degree,6947,4881,2066,3410,2735,675,198,159,39,125,100,25,3339,1987,1352,1178,775,403
B0103,23,443,District - Vidisha,Rural,Total,1119257,591962,527295,301292,248500,52792,140879,64512,76367,70131,42154,27977,677086,278950,398136,29421,12103,17318
B0103,23,443,District - Vidisha,Rural,Illiterate,495064,212780,282284,103804,70138,33666,72183,20816,51367,33238,13713,19525,319077,121826,197251,8684,1543,7141
B0103,23,443,District - Vidisha,Rural,Literate,624193,379182,245011,197488,178362,19126,68696,43696,25000,36893,28441,8452,358009,157124,200885,20737,10560,10177
B0103,23,443,District - Vidisha,Rural,Literate but below matric/secondary,528254,311203,217051,153778,138524,15254,57686,35855,21831,30777,23444,7333,316790,136824,179966,13892,6165,7727
B0103,23,443,District - Vidisha,Rural,Matric/secondary but below graduate,60895,44258,16637,25825,24013,1812,6277,4957,1320,3613,3140,473,28793,15288,13505,4801,3154,1647
B0103,23,443,District - Vidisha,Rural,Technical diploma or certificate not equal to degree,182,159,23,68,63,5,13,13,0,9,9,0,101,83,18,33,30,3
B0103,23,443,District - Vidisha,Rural,Graduate and above other than technical degree,14416,11472,2944,9228,8401,827,1272,1088,184,821,750,71,3916,1983,1933,1215,775,440
B0103,23,443,District - Vidisha,Rural,Technical degree or diploma equal to degree or post-graduate degree,1350,1103,247,616,550,66,87,80,7,58,54,4,647,473,174,250,191,59
B0103,23,443,District - Vidisha,Urban,Total,339618,177606,162012,95991,80842,15149,12240,7729,4511,6875,4797,2078,231387,89035,142352,18865,7912,10953
B0103,23,443,District - Vidisha,Urban,Illiterate,100893,44444,56449,17857,12665,5192,3972,1717,2255,2105,1073,1032,79064,30062,49002,2799,597,2202
B0103,23,443,District - Vidisha,Urban,Literate,238725,133162,105563,78134,68177,9957,8268,6012,2256,4770,3724,1046,152323,58973,93350,16066,7315,8751
B0103,23,443,District - Vidisha,Urban,Literate but below matric/secondary,139900,75494,64406,35366,31897,3469,5322,3917,1405,3111,2481,630,99212,39680,59532,6535,2693,3842
B0103,23,443,District - Vidisha,Urban,Matric/secondary but below graduate,53834,30695,23139,18537,16524,2013,1658,1229,429,956,735,221,33639,12942,20697,5168,2643,2525
B0103,23,443,District - Vidisha,Urban,Technical diploma or certificate not equal to degree,697,580,117,398,366,32,14,13,1,7,7,0,285,201,84,84,57,27
B0103,23,443,District - Vidisha,Urban,Graduate and above other than technical degree,33033,19722,13311,19058,15582,3476,799,509,290,430,295,135,13176,3631,9545,3028,1220,1808
B0103,23,443,District - Vidisha,Urban,Technical degree or diploma equal to degree or post-graduate degree,5597,3778,1819,2794,2185,609,111,79,32,67,46,21,2692,1514,1178,928,584,344
B0103,23,444,District - Bhopal,Total,Total,2371061,1236130,1134931,706036,559122,146914,161421,85838,75583,80830,48871,31959,1503604,591170,912434,150017,61799,88218
B0103,23,444,District - Bhopal,Total,Illiterate,710371,315816,394555,145584,92357,53227,58686,21390,37296,27562,12469,15093,506101,202069,304032,21857,5379,16478
B0103,23,444,District - Bhopal,Total,Literate,1660690,920314,740376,560452,466765,93687,102735,64448,38287,53268,36402,16866,997503,389101,608402,128160,56420,71740
B0103,23,444,District - Bhopal,Total,Literate but below matric/secondary,840756,456495,384261,214242,183298,30944,58342,36275,22067,30287,21058,9229,568172,236922,331250,44678,18311,26367
B0103,23,444,District - Bhopal,Total,Matric/secondary but below graduate,421491,240519,180972,147597,130330,17267,23195,15516,7679,12629,8940,3689,250699,94673,156026,45959,22371,23588
B0103,23,444,District - Bhopal,Total,Technical diploma or certificate not equal to degree,12913,10694,2219,7376,6608,768,513,404,109,265,206,59,5024,3682,1342,1115,802,313
B0103,23,444,District - Bhopal,Total,Graduate and above other than technical degree,257528,138342,119186,134510,103347,31163,10302,6029,4273,4913,2841,2072,112716,28966,83750,23603,8397,15206
B0103,23,444,District - Bhopal,Total,Technical degree or diploma equal to degree or post-graduate degree,57789,36842,20947,30058,22253,7805,2546,1594,952,1284,828,456,25185,12995,12190,7949,4696,3253
B0103,23,444,District - Bhopal,Rural,Total,454010,238025,215985,130127,96263,33864,64472,26779,37693,30570,16754,13816,259411,114983,144428,14407,6239,8168
B0103,23,444,District - Bhopal,Rural,Illiterate,199200,84881,114319,49992,28145,21847,32779,8715,24064,14151,5371,8780,116429,48021,68408,3501,718,2783
B0103,23,444,District - Bhopal,Rural,Literate,254810,153144,101666,80135,68118,12017,31693,18064,13629,16419,11383,5036,142982,66962,76020,10906,5521,5385
B0103,23,444,District - Bhopal,Rural,Literate but below matric/secondary,188827,109998,78829,51014,43071,7943,23159,12647,10512,11840,7986,3854,114654,54280,60374,5941,2764,3177
B0103,23,444,District - Bhopal,Rural,Matric/secondary but below graduate,37959,25880,12079,15383,13816,1567,4504,3206,1298,2601,2083,518,18072,8858,9214,3230,1913,1317
B0103,23,444,District - Bhopal,Rural,Technical diploma or certificate not equal to degree,353,292,61,200,183,17,21,18,3,14,12,2,132,91,41,48,36,12
B0103,23,444,District - Bhopal,Rural,Graduate and above other than technical degree,9475,6637,2838,5736,4956,780,762,562,200,445,358,87,2977,1119,1858,825,423,402
B0103,23,444,District - Bhopal,Rural,Technical degree or diploma equal to degree or post-graduate degree,1203,857,346,626,498,128,65,50,15,37,29,8,512,309,203,157,101,56
B0103,23,444,District - Bhopal,Urban,Total,1917051,998105,918946,575909,462859,113050,96949,59059,37890,50260,32117,18143,1244193,476187,768006,135610,55560,80050
B0103,23,444,District - Bhopal,Urban,Illiterate,511171,230935,280236,95592,64212,31380,25907,12675,13232,13411,7098,6313,389672,154048,235624,18356,4661,13695
B0103,23,444,District - Bhopal,Urban,Literate,1405880,767170,638710,480317,398647,81670,71042,46384,24658,36849,25019,11830,854521,322139,532382,117254,50899,66355
B0103,23,444,District - Bhopal,Urban,Literate but below matric/secondary,651929,346497,305432,163228,140227,23001,35183,23628,11555,18447,13072,5375,453518,182642,270876,38737,15547,23190
B0103,23,444,District - Bhopal,Urban,Matric/secondary but below graduate,383532,214639,168893,132214,116514,15700,18691,12310,6381,10028,6857,3171,232627,85815,146812,42729,20458,22271
B0103,23,444,District - Bhopal,Urban,Technical diploma or certificate not equal to degree,12560,10402,2158,7176,6425,751,492,386,106,251,194,57,4892,3591,1301,1067,766,301
B0103,23,444,District - Bhopal,Urban,Graduate and above other than technical degree,248053,131705,116348,128774,98391,30383,9540,5467,4073,4468,2483,1985,109739,27847,81892,22778,7974,14804
B0103,23,444,District - Bhopal,Urban,Technical degree or diploma equal to degree or post-graduate degree,56586,35985,20601,29432,21755,7677,2481,1544,937,1247,799,448,24673,12686,11987,7792,4595,3197
B0103,23,445,District - Sehore,Total,Total,1311332,683743,627589,372150,287341,84809,213937,77218,136719,89798,47520,42278,725245,319184,406061,41281,19161,22120
B0103,23,445,District - Sehore,Total,Illiterate,530970,214535,316435,120205,67704,52501,102803,19124,83679,38941,11832,27109,307962,127707,180255,6404,1262,5142
B0103,23,445,District - Sehore,Total,Literate,780362,469208,311154,251945,219637,32308,111134,58094,53040,50857,35688,15169,417283,191477,225806,34877,17899,16978
B0103,23,445,District - Sehore,Total,Literate but below matric/secondary,583684,337564,246120,167702,145233,22469,85920,41906,44014,37917,25587,12330,330062,150425,179637,16119,6871,9248
B0103,23,445,District - Sehore,Total,Matric/secondary but below graduate,125962,85830,40132,47634,43720,3914,15748,11160,4588,8253,6794,1459,62580,30950,31630,12916,7949,4967
B0103,23,445,District - Sehore,Total,Technical diploma or certificate not equal to degree,619,518,101,313,296,17,37,35,2,24,23,1,269,187,82,102,80,22
B0103,23,445,District - Sehore,Total,Graduate and above other than technical degree,37446,25949,11497,22177,19070,3107,2654,2081,573,1718,1464,254,12615,4798,7817,3988,2041,1947
B0103,23,445,District - Sehore,Total,Technical degree or diploma equal to degree or post-graduate degree,3962,2886,1076,1949,1555,394,178,145,33,117,99,18,1835,1186,649,754,536,218
B0103,23,445,District - Sehore,Rural,Total,1062870,554636,508234,304453,230040,74413,199559,68804,130755,81190,41943,39247,558858,255792,303066,25873,13018,12855
B0103,23,445,District - Sehore,Rural,Illiterate,459024,183978,275046,108618,59814,48804,97540,17193,80347,35928,10562,25366,252866,106971,145895,4618,908,3710
B0103,23,445,District - Sehore,Rural,Literate,603846,370658,233188,195835,170226,25609,102019,51611,50408,45262,31381,13881,305992,148821,157171,21255,12110,9145
B0103,23,445,District - Sehore,Rural,Literate but below matric/secondary,478697,280745,197952,140848,120984,19864,79777,37648,42129,34066,22670,11396,258072,122113,135959,10831,4963,5868
B0103,23,445,District - Sehore,Rural,Matric/secondary but below graduate,82340,60798,21542,33067,30508,2559,13813,9661,4152,7101,5847,1254,35460,20629,14831,7795,5468,2327
B0103,23,445,District - Sehore,Rural,Technical diploma or certificate not equal to degree,222,203,19,93,88,5,22,20,2,15,14,1,107,95,12,51,46,5
B0103,23,445,District - Sehore,Rural,Graduate and above other than technical degree,16419,13406,3013,10435,9522,913,2026,1615,411,1362,1191,171,3958,2269,1689,1582,1094,488
B0103,23,445,District - Sehore,Rural,Technical degree or diploma equal to degree or post-graduate degree,1229,1018,211,585,502,83,116,99,17,77,71,6,528,417,111,248,210,38
B0103,23,445,District - Sehore,Urban,Total,248462,129107,119355,67697,57301,10396,14378,8414,5964,8608,5577,3031,166387,63392,102995,15408,6143,9265
B0103,23,445,District - Sehore,Urban,Illiterate,71946,30557,41389,11587,7890,3697,5263,1931,3332,3013,1270,1743,55096,20736,34360,1786,354,1432
B0103,23,445,District - Sehore,Urban,Literate,176516,98550,77966,56110,49411,6699,9115,6483,2632,5595,4307,1288,111291,42656,68635,13622,5789,7833
B0103,23,445,District - Sehore,Urban,Literate but below matric/secondary,104987,56819,48168,26854,24249,2605,6143,4258,1885,3851,2917,934,71990,28312,43678,5288,1908,3380
B0103,23,445,District - Sehore,Urban,Matric/secondary but below graduate,43622,25032,18590,14567,13212,1355,1935,1499,436,1152,947,205,27120,10321,16799,5121,2481,2640
B0103,23,445,District - Sehore,Urban,Technical diploma or certificate not equal to degree,397,315,82,220,208,12,15,15,0,9,9,0,162,92,70,51,34,17
B0103,23,445,District - Sehore,Urban,Graduate and above other than technical degree,21027,12543,8484,11742,9548,2194,628,466,162,356,273,83,8657,2529,6128,2406,947,1459
B0103,23,445,District - Sehore,Urban,Technical degree or diploma equal to degree or post-graduate degree,2733,1868,865,1364,1053,311,62,46,16,40,28,12,1307,769,538,506,326,180
B0103,23,446,District - Raisen,Total,Total,1331597,700358,631239,370241,301008,69233,147597,69358,78239,77432,45966,31466,813759,329992,483767,48878,20971,27907
B0103,23,446,District - Raisen,Total,Illiterate,511377,221265,290112,109819,70675,39144,63151,18554,44597,31127,12083,19044,338407,132036,206371,9810,1718,8092
B0103,23,446,District - Raisen,Total,Literate,820220,479093,341127,260422,230333,30089,84446,50804,33642,46305,33883,12422,475352,197956,277396,39068,19253,19815
B0103,23,446,District - Raisen,Total,Literate but below matric/secondary,626218,352741,273477,173572,153003,20569,67579,39192,28387,36734,26321,10413,385067,160546,224521,21942,9704,12238
B0103,23,446,District - Raisen,Total,Matric/secondary but below graduate,121714,80594,41120,49593,45864,3729,9403,7266,2137,5580,4778,802,62718,27464,35254,11068,6338,4730
B0103,23,446,District - Raisen,Total,Technical diploma or certificate not equal to degree,679,600,79,359,339,20,43,36,7,28,25,3,277,225,52,115,95,20
B0103,23,446,District - Raisen,Total,Graduate and above other than technical degree,38002,26207,11795,22437,19452,2985,2068,1682,386,1308,1126,182,13497,5073,8424,4063,2144,1919
B0103,23,446,District - Raisen,Total,Technical degree or diploma equal to degree or post-graduate degree,3497,2597,900,1645,1363,282,120,98,22,81,68,13,1732,1136,596,653,490,163
B0103,23,446,District - Raisen,Rural,Total,1028172,539960,488212,284748,228101,56647,134050,60735,73315,69172,40211,28961,609374,251124,358250,31584,13672,17912
B0103,23,446,District - Raisen,Rural,Illiterate,420223,181128,239095,94353,60054,34299,58407,16447,41960,28398,10679,17719,267463,104627,162836,7417,1260,6157
B0103,23,446,District - Raisen,Rural,Literate,607949,358832,249117,190395,168047,22348,75643,44288,31355,40774,29532,11242,341911,146497,195414,24167,12412,11755
B0103,23,446,District - Raisen,Rural,Literate but below matric/secondary,492891,280266,212625,138940,121864,17076,61564,34762,26802,32889,23281,9608,292387,123640,168747,15250,6945,8305
B0103,23,446,District - Raisen,Rural,Matric/secondary but below graduate,73079,51375,21704,30527,28344,2183,7777,5992,1785,4616,3983,633,34775,17039,17736,6043,3806,2237
B0103,23,446,District - Raisen,Rural,Technical diploma or certificate not equal to degree,199,177,22,68,64,4,23,19,4,15,15,0,108,94,14,44,39,5
B0103,23,446,District - Raisen,Rural,Graduate and above other than technical degree,16636,12782,3854,9949,8996,953,1464,1230,234,938,840,98,5223,2556,2667,1717,1067,650
B0103,23,446,District - Raisen,Rural,Technical degree or diploma equal to degree or post-graduate degree,1290,1055,235,573,503,70,77,67,10,55,51,4,640,485,155,258,209,49
B0103,23,446,District - Raisen,Urban,Total,303425,160398,143027,85493,72907,12586,13547,8623,4924,8260,5755,2505,204385,78868,125517,17294,7299,9995
B0103,23,446,District - Raisen,Urban,Illiterate,91154,40137,51017,15466,10621,4845,4744,2107,2637,2729,1404,1325,70944,27409,43535,2393,458,1935
B0103,23,446,District - Raisen,Urban,Literate,212271,120261,92010,70027,62286,7741,8803,6516,2287,5531,4351,1180,133441,51459,81982,14901,6841,8060
B0103,23,446,District - Raisen,Urban,Literate but below matric/secondary,133327,72475,60852,34632,31139,3493,6015,4430,1585,3845,3040,805,92680,36906,55774,6692,2759,3933
B0103,23,446,District - Raisen,Urban,Matric/secondary but below graduate,48635,29219,19416,19066,17520,1546,1626,1274,352,964,795,169,27943,10425,17518,5025,2532,2493
B0103,23,446,District - Raisen,Urban,Technical diploma or certificate not equal to degree,480,423,57,291,275,16,20,17,3,13,10,3,169,131,38,71,56,15
B0103,23,446,District - Raisen,Urban,Graduate and above other than technical degree,21366,13425,7941,12488,10456,2032,604,452,152,370,286,84,8274,2517,5757,2346,1077,1269
B0103,23,446,District - Raisen,Urban,Technical degree or diploma equal to degree or post-graduate degree,2207,1542,665,1072,860,212,43,31,12,26,17,9,1092,651,441,395,281,114
B0103,23,447,District - Betul,Total,Total,1575362,799236,776126,511287,345729,165558,275693,108158,167535,144231,69161,75070,788382,345349,443033,52012,22874,29138
B0103,23,447,District - Betul,Total,Illiterate,635593,269453,366140,189112,99076,90036,128997,33706,95291,66863,22416,44447,317484,136671,180813,6803,1752,5051
B0103,23,447,District - Betul,Total,Literate,939769,529783,409986,322175,246653,75522,146696,74452,72244,77368,46745,30623,470898,208678,262220,45209,21122,24087
B0103,23,447,District - Betul,Total,Literate but below matric/secondary,648957,361837,287120,201320,151551,49769,108477,54005,54472,56570,33410,23160,339160,156281,182879,16575,7348,9227
B0103,23,447,District - Betul,Total,Matric/secondary but below graduate,169968,96961,73007,60530,48941,11589,21378,11919,9459,11501,7712,3789,88060,36101,51959,16316,8016,8300
B0103,23,447,District - Betul,Total,Technical diploma or certificate not equal to degree,3015,2612,403,1458,1374,84,142,130,12,100,96,4,1415,1108,307,639,530,109
B0103,23,447,District - Betul,Total,Graduate and above other than technical degree,57638,34864,22774,30786,24870,5916,4186,2628,1558,2620,1847,773,22666,7366,15300,8037,3371,4666
B0103,23,447,District - Betul,Total,Technical degree or diploma equal to degree or post-graduate degree,6508,4364,2144,2906,2294,612,270,193,77,183,135,48,3332,1877,1455,1595,957,638
B0103,23,447,District - Betul,Rural,Total,1266211,640358,625853,422382,272352,150030,260604,98820,161784,135498,63203,72295,583225,269186,314039,28064,12373,15691
B0103,23,447,District - Betul,Rural,Illiterate,566113,240183,325930,177325,91605,85720,125567,32327,93240,65141,21617,43524,263221,116251,146970,5523,1436,4087
B0103,23,447,District - Betul,Rural,Literate,700098,400175,299923,245057,180747,64310,135037,66493,68544,70357,41586,28771,320004,152935,167069,22541,10937,11604
B0103,23,447,District - Betul,Rural,Literate but below matric/secondary,529102,298641,230461,170093,124673,45420,101705,49437,52268,52542,30462,22080,257304,124531,132773,10544,4763,5781
B0103,23,447,District - Betul,Rural,Matric/secondary but below graduate,102038,60332,41706,39677,30296,9381,18500,9861,8639,9702,6329,3373,43861,20175,23686,7776,4071,3705
B0103,23,447,District - Betul,Rural,Technical diploma or certificate not equal to degree,839,700,139,275,239,36,85,77,8,60,57,3,479,384,95,187,158,29
B0103,23,447,District - Betul,Rural,Graduate and above other than technical degree,22390,14730,7660,12701,10200,2501,2931,1783,1148,1863,1317,546,6758,2747,4011,2477,1158,1319
B0103,23,447,District - Betul,Rural,Technical degree or diploma equal to degree or post-graduate degree,1753,1284,469,813,655,158,163,122,41,114,93,21,777,507,270,323,224,99
B0103,23,447,District - Betul,Urban,Total,309151,158878,150273,88905,73377,15528,15089,9338,5751,8733,5958,2775,205157,76163,128994,23948,10501,13447
B0103,23,447,District - Betul,Urban,Illiterate,69480,29270,40210,11787,7471,4316,3430,1379,2051,1722,799,923,54263,20420,33843,1280,316,964
B0103,23,447,District - Betul,Urban,Literate,239671,129608,110063,77118,65906,11212,11659,7959,3700,7011,5159,1852,150894,55743,95151,22668,10185,12483
B0103,23,447,District - Betul,Urban,Literate but below matric/secondary,119855,63196,56659,31227,26878,4349,6772,4568,2204,4028,2948,1080,81856,31750,50106,6031,2585,3446
B0103,23,447,District - Betul,Urban,Matric/secondary but below graduate,67930,36629,31301,20853,18645,2208,2878,2058,820,1799,1383,416,44199,15926,28273,8540,3945,4595
B0103,23,447,District - Betul,Urban,Technical diploma or certificate not equal to degree,2176,1912,264,1183,1135,48,57,53,4,40,39,1,936,724,212,452,372,80
B0103,23,447,District - Betul,Urban,Graduate and above other than technical degree,35248,20134,15114,18085,14670,3415,1255,845,410,757,530,227,15908,4619,11289,5560,2213,3347
B0103,23,447,District - Betul,Urban,Technical degree or diploma equal to degree or post-graduate degree,4755,3080,1675,2093,1639,454,107,71,36,69,42,27,2555,1370,1185,1272,733,539
B0103,23,448,District - Harda ,Total,Total,570465,294838,275627,163781,127309,36472,67198,29543,37655,34236,18422,15814,339486,137986,201500,17665,8007,9658
B0103,23,448,District - Harda ,Total,Illiterate,217915,91031,126884,50000,28101,21899,31649,8799,22850,16472,5722,10750,136266,54131,82135,3279,611,2668
B0103,23,448,District - Harda ,Total,Literate,352550,203807,148743,113781,99208,14573,35549,20744,14805,17764,12700,5064,203220,83855,119365,14386,7396,6990
B0103,23,448,District - Harda ,Total,Literate but below matric/secondary,260360,145099,115261,74755,64574,10181,27992,15688,12304,14148,9893,4255,157613,64837,92776,7506,3270,4236
B0103,23,448,District - Harda ,Total,Matric/secondary but below graduate,53519,34616,18903,19980,18395,1585,3753,2789,964,1839,1604,235,29786,13432,16354,4273,2628,1645
B0103,23,448,District - Harda ,Total,Technical diploma or certificate not equal to degree,679,610,69,350,338,12,30,29,1,16,15,1,299,243,56,93,79,14
B0103,23,448,District - Harda ,Total,Graduate and above other than technical degree,19333,13120,6213,11113,9737,1376,995,741,254,438,378,60,7225,2642,4583,1635,922,713
B0103,23,448,District - Harda ,Total,Technical degree or diploma equal to degree or post-graduate degree,1937,1435,502,927,777,150,63,43,20,22,16,6,947,615,332,326,257,69
B0103,23,448,District - Harda ,Rural,Total,451101,233312,217789,131627,99539,32088,62230,26233,35997,31964,16805,15159,257244,107540,149704,11718,5206,6512
B0103,23,448,District - Harda ,Rural,Illiterate,189872,79272,110600,46618,25849,20769,30554,8350,22204,15916,5497,10419,112700,45073,67627,2729,482,2247
B0103,23,448,District - Harda ,Rural,Literate,261229,154040,107189,85009,73690,11319,31676,17883,13793,16048,11308,4740,144544,62467,82077,8989,4724,4265
B0103,23,448,District - Harda ,Rural,Literate but below matric/secondary,208330,118069,90261,61933,53026,8907,25750,13992,11758,13053,9006,4047,120647,51051,69596,5304,2297,3007
B0103,23,448,District - Harda ,Rural,Matric/secondary but below graduate,31954,22352,9602,12835,11907,928,2918,2155,763,1492,1307,185,16201,8290,7911,2521,1691,830
B0103,23,448,District - Harda ,Rural,Technical diploma or certificate not equal to degree,226,202,24,91,86,5,17,16,1,12,11,1,118,100,18,42,40,2
B0103,23,448,District - Harda ,Rural,Graduate and above other than technical degree,7428,5847,1581,4590,4185,405,533,433,100,301,269,32,2305,1229,1076,670,447,223
B0103,23,448,District - Harda ,Rural,Technical degree or diploma equal to degree or post-graduate degree,599,503,96,277,256,21,17,13,4,11,8,3,305,234,71,116,101,15
B0103,23,448,District - Harda ,Urban,Total,119364,61526,57838,32154,27770,4384,4968,3310,1658,2272,1617,655,82242,30446,51796,5947,2801,3146
B0103,23,448,District - Harda ,Urban,Illiterate,28043,11759,16284,3382,2252,1130,1095,449,646,556,225,331,23566,9058,14508,550,129,421
B0103,23,448,District - Harda ,Urban,Literate,91321,49767,41554,28772,25518,3254,3873,2861,1012,1716,1392,324,58676,21388,37288,5397,2672,2725
B0103,23,448,District - Harda ,Urban,Literate but below matric/secondary,52030,27030,25000,12822,11548,1274,2242,1696,546,1095,887,208,36966,13786,23180,2202,973,1229
B0103,23,448,District - Harda ,Urban,Matric/secondary but below graduate,21565,12264,9301,7145,6488,657,835,634,201,347,297,50,13585,5142,8443,1752,937,815
B0103,23,448,District - Harda ,Urban,Technical diploma or certificate not equal to degree,453,408,45,259,252,7,13,13,0,4,4,0,181,143,38,51,39,12
B0103,23,448,District - Harda ,Urban,Graduate and above other than technical degree,11905,7273,4632,6523,5552,971,462,308,154,137,109,28,4920,1413,3507,965,475,490
B0103,23,448,District - Harda ,Urban,Technical degree or diploma equal to degree or post-graduate degree,1338,932,406,650,521,129,46,30,16,11,8,3,642,381,261,210,156,54
B0103,23,449,District - Hoshangabad,Total,Total,1241350,648725,592625,361648,289812,71836,116434,55623,60811,63573,37169,26404,763268,303290,459978,51998,24642,27356
B0103,23,449,District - Hoshangabad,Total,Illiterate,430706,179526,251180,97650,58647,39003,50756,14598,36158,26136,9663,16473,282300,106281,176019,7043,1477,5566
B0103,23,449,District - Hoshangabad,Total,Literate,810644,469199,341445,263998,231165,32833,65678,41025,24653,37437,27506,9931,480968,197009,283959,44955,23165,21790
B0103,23,449,District - Hoshangabad,Total,Literate but below matric/secondary,540652,301060,239592,151055,131547,19508,49063,29342,19721,27605,19676,7929,340534,140171,200363,17830,8323,9507
B0103,23,449,District - Hoshangabad,Total,Matric/secondary but below graduate,163178,102446,60732,59008,54216,4792,9871,7398,2473,5965,5011,954,94299,40832,53467,15322,8862,6460
B0103,23,449,District - Hoshangabad,Total,Technical diploma or certificate not equal to degree,2120,1872,248,1205,1147,58,66,59,7,48,43,5,849,666,183,312,249,63
B0103,23,449,District - Hoshangabad,Total,Graduate and above other than technical degree,70856,44795,26061,38612,32845,5767,2879,2186,693,1846,1491,355,29365,9764,19601,8588,4131,4457
B0103,23,449,District - Hoshangabad,Total,Technical degree or diploma equal to degree or post-graduate degree,7418,4862,2556,3473,2629,844,191,128,63,115,84,31,3754,2105,1649,1545,963,582
B0103,23,449,District - Hoshangabad,Rural,Total,851364,445062,406302,249872,195878,53994,102571,46054,56517,55674,31205,24469,498921,203130,295791,25683,12034,13649
B0103,23,449,District - Hoshangabad,Rural,Illiterate,341153,141973,199180,84155,50164,33991,47816,13330,34486,24623,8881,15742,209182,78479,130703,5150,973,4177
B0103,23,449,District - Hoshangabad,Rural,Literate,510211,303089,207122,165717,145714,20003,54755,32724,22031,31051,22324,8727,289739,124651,165088,20533,11061,9472
B0103,23,449,District - Hoshangabad,Rural,Literate but below matric/secondary,388653,220919,167734,113145,98096,15049,42723,24491,18232,23908,16629,7279,232785,98332,134453,10893,5082,5811
B0103,23,449,District - Hoshangabad,Rural,Matric/secondary but below graduate,81674,55722,25952,32136,29844,2292,7310,5379,1931,4434,3716,718,42228,20499,21729,6530,4121,2409
B0103,23,449,District - Hoshangabad,Rural,Technical diploma or certificate not equal to degree,419,366,53,180,169,11,26,23,3,21,18,3,213,174,39,71,60,11
B0103,23,449,District - Hoshangabad,Rural,Graduate and above other than technical degree,21776,15956,5820,12835,11502,1333,1557,1261,296,1076,949,127,7384,3193,4191,2188,1295,893
B0103,23,449,District - Hoshangabad,Rural,Technical degree or diploma equal to degree or post-graduate degree,1553,1147,406,662,563,99,44,31,13,27,22,5,847,553,294,314,221,93
B0103,23,449,District - Hoshangabad,Urban,Total,389986,203663,186323,111776,93934,17842,13863,9569,4294,7899,5964,1935,264347,100160,164187,26315,12608,13707
B0103,23,449,District - Hoshangabad,Urban,Illiterate,89553,37553,52000,13495,8483,5012,2940,1268,1672,1513,782,731,73118,27802,45316,1893,504,1389
B0103,23,449,District - Hoshangabad,Urban,Literate,300433,166110,134323,98281,85451,12830,10923,8301,2622,6386,5182,1204,191229,72358,118871,24422,12104,12318
B0103,23,449,District - Hoshangabad,Urban,Literate but below matric/secondary,151999,80141,71858,37910,33451,4459,6340,4851,1489,3697,3047,650,107749,41839,65910,6937,3241,3696
B0103,23,449,District - Hoshangabad,Urban,Matric/secondary but below graduate,81504,46724,34780,26872,24372,2500,2561,2019,542,1531,1295,236,52071,20333,31738,8792,4741,4051
B0103,23,449,District - Hoshangabad,Urban,Technical diploma or certificate not equal to degree,1701,1506,195,1025,978,47,40,36,4,27,25,2,636,492,144,241,189,52
B0103,23,449,District - Hoshangabad,Urban,Graduate and above other than technical degree,49080,28839,20241,25777,21343,4434,1322,925,397,770,542,228,21981,6571,15410,6400,2836,3564
B0103,23,449,District - Hoshangabad,Urban,Technical degree or diploma equal to degree or post-graduate degree,5865,3715,2150,2811,2066,745,147,97,50,88,62,26,2907,1552,1355,1231,742,489
B0103,23,450,District - Katni ,Total,Total,1292042,662013,630029,316144,235991,80153,227730,112419,115311,137554,79307,58247,748168,313603,434565,50743,21521,29222
B0103,23,450,District - Katni ,Total,Illiterate,501269,201430,299839,93155,47903,45252,105236,31917,73319,61032,22564,38468,302878,121610,181268,11337,1819,9518
B0103,23,450,District - Katni ,Total,Literate,790773,460583,330190,222989,188088,34901,122494,80502,41992,76522,56743,19779,445290,191993,253297,39406,19702,19704
B0103,23,450,District - Katni ,Total,Literate but below matric/secondary,563773,317431,246342,130895,108414,22481,92558,58936,33622,57733,41843,15890,340320,150081,190239,20792,9341,11451
B0103,23,450,District - Katni ,Total,Matric/secondary but below graduate,137503,89363,48140,51095,45956,5139,17515,13805,3710,11317,9639,1678,68893,29602,39291,11707,6886,4821
B0103,23,450,District - Katni ,Total,Technical diploma or certificate not equal to degree,1723,1569,154,867,817,50,65,58,7,43,38,5,791,694,97,270,249,21
B0103,23,450,District - Katni ,Total,Graduate and above other than technical degree,41733,26149,15584,22644,19156,3488,2591,2052,539,1574,1323,251,16498,4941,11557,3741,1787,1954
B0103,23,450,District - Katni ,Total,Technical degree or diploma equal to degree or post-graduate degree,4522,3056,1466,2189,1748,441,154,116,38,91,75,16,2179,1192,987,798,522,276
B0103,23,450,District - Katni ,Rural,Total,1028499,525188,503311,238682,172236,66446,216635,105341,111294,131909,75438,56471,573182,247611,325571,37471,14806,22665
B0103,23,450,District - Katni ,Rural,Illiterate,435547,173348,262199,81670,41335,40335,101904,30577,71327,59219,21757,37462,251973,101436,150537,9998,1430,8568
B0103,23,450,District - Katni ,Rural,Literate,592952,351840,241112,157012,130901,26111,114731,74764,39967,72690,53681,19009,321209,146175,175034,27473,13376,14097
B0103,23,450,District - Katni ,Rural,Literate but below matric/secondary,464248,265077,199171,107025,87934,19091,87967,55549,32418,55383,39961,15422,269256,121594,147662,16915,7329,9586
B0103,23,450,District - Katni ,Rural,Matric/secondary but below graduate,82429,57308,25121,30081,26832,3249,15767,12417,3350,10484,8927,1557,36581,18059,18522,7411,4386,3025
B0103,23,450,District - Katni ,Rural,Technical diploma or certificate not equal to degree,414,382,32,147,137,10,31,29,2,24,22,2,236,216,20,86,80,6
B0103,23,450,District - Katni ,Rural,Graduate and above other than technical degree,14770,10953,3817,8510,7287,1223,1921,1615,306,1255,1106,149,4339,2051,2288,1447,823,624
B0103,23,450,District - Katni ,Rural,Technical degree or diploma equal to degree or post-graduate degree,1143,884,259,531,449,82,74,59,15,46,37,9,538,376,162,239,175,64
B0103,23,450,District - Katni ,Urban,Total,263543,136825,126718,77462,63755,13707,11095,7078,4017,5645,3869,1776,174986,65992,108994,13272,6715,6557
B0103,23,450,District - Katni ,Urban,Illiterate,65722,28082,37640,11485,6568,4917,3332,1340,1992,1813,807,1006,50905,20174,30731,1339,389,950
B0103,23,450,District - Katni ,Urban,Literate,197821,108743,89078,65977,57187,8790,7763,5738,2025,3832,3062,770,124081,45818,78263,11933,6326,5607
B0103,23,450,District - Katni ,Urban,Literate but below matric/secondary,99525,52354,47171,23870,20480,3390,4591,3387,1204,2350,1882,468,71064,28487,42577,3877,2012,1865
B0103,23,450,District - Katni ,Urban,Matric/secondary but below graduate,55074,32055,23019,21014,19124,1890,1748,1388,360,833,712,121,32312,11543,20769,4296,2500,1796
B0103,23,450,District - Katni ,Urban,Technical diploma or certificate not equal to degree,1309,1187,122,720,680,40,34,29,5,19,16,3,555,478,77,184,169,15
B0103,23,450,District - Katni ,Urban,Graduate and above other than technical degree,26963,15196,11767,14134,11869,2265,670,437,233,319,217,102,12159,2890,9269,2294,964,1330
B0103,23,450,District - Katni ,Urban,Technical degree or diploma equal to degree or post-graduate degree,3379,2172,1207,1658,1299,359,80,57,23,45,38,7,1641,816,825,559,347,212
B0103,23,451,District - Jabalpur,Total,Total,2463289,1277278,1186011,744287,564532,179755,261337,141438,119899,160959,94440,66519,1457665,571308,886357,134820,59669,75151
B0103,23,451,District - Jabalpur,Total,Illiterate,706821,296971,409850,150797,78852,71945,92180,30869,61311,56654,21105,35549,463844,187250,276594,15317,3833,11484
B0103,23,451,District - Jabalpur,Total,Literate,1756468,980307,776161,593490,485680,107810,169157,110569,58588,104305,73335,30970,993821,384058,609763,119503,55836,63667
B0103,23,451,District - Jabalpur,Total,Literate but below matric/secondary,1024869,555589,469280,285814,227318,58496,118392,74473,43919,74802,51193,23609,620663,253798,366865,49003,21931,27072
B0103,23,451,District - Jabalpur,Total,Matric/secondary but below graduate,414823,247867,166956,157981,140182,17799,29732,22831,6901,17777,14432,3345,227110,84854,142256,39694,20333,19361
B0103,23,451,District - Jabalpur,Total,Technical diploma or certificate not equal to degree,7525,6305,1220,4230,3919,311,263,221,42,116,98,18,3032,2165,867,776,543,233
B0103,23,451,District - Jabalpur,Total,Graduate and above other than technical degree,191275,105469,85806,95559,76307,19252,7385,5021,2364,3787,2615,1172,88331,24141,64190,19517,7789,11728
B0103,23,451,District - Jabalpur,Total,Technical degree or diploma equal to degree or post-graduate degree,32118,20302,11816,15342,11447,3895,1113,733,380,569,379,190,15663,8122,7541,4922,2943,1979
B0103,23,451,District - Jabalpur,Rural,Total,1023255,527031,496224,296927,211254,85673,181198,89697,91501,119850,65863,53987,545130,226080,319050,38951,16014,22937
B0103,23,451,District - Jabalpur,Rural,Illiterate,385431,155686,229745,92412,45059,47353,74299,22810,51489,47844,16573,31271,218720,87817,130903,7048,1251,5797
B0103,23,451,District - Jabalpur,Rural,Literate,637824,371345,266479,204515,166195,38320,106899,66887,40012,72006,49290,22716,326410,138263,188147,31903,14763,17140
B0103,23,451,District - Jabalpur,Rural,Literate but below matric/secondary,488720,273560,215160,140496,110512,29984,83047,49753,33294,56064,36957,19107,265177,113295,151882,19486,8164,11322
B0103,23,451,District - Jabalpur,Rural,Matric/secondary but below graduate,96652,66172,30480,40085,36365,3720,14091,11264,2827,9641,8220,1421,42476,18543,23933,8635,4807,3828
B0103,23,451,District - Jabalpur,Rural,Technical diploma or certificate not equal to degree,374,317,57,136,128,8,26,24,2,19,18,1,212,165,47,68,55,13
B0103,23,451,District - Jabalpur,Rural,Graduate and above other than technical degree,16082,11528,4554,9106,8076,1030,1458,1203,255,993,859,134,5518,2249,3269,1800,969,831
B0103,23,451,District - Jabalpur,Rural,Technical degree or diploma equal to degree or post-graduate degree,1228,940,288,596,519,77,73,62,11,34,27,7,559,359,200,189,133,56
B0103,23,451,District - Jabalpur,Urban,Total,1440034,750247,689787,447360,353278,94082,80139,51741,28398,41109,28577,12532,912535,345228,567307,95869,43655,52214
B0103,23,451,District - Jabalpur,Urban,Illiterate,321390,141285,180105,58385,33793,24592,17881,8059,9822,8810,4532,4278,245124,99433,145691,8269,2582,5687
B0103,23,451,District - Jabalpur,Urban,Literate,1118644,608962,509682,388975,319485,69490,62258,43682,18576,32299,24045,8254,667411,245795,421616,87600,41073,46527
B0103,23,451,District - Jabalpur,Urban,Literate but below matric/secondary,536149,282029,254120,145318,116806,28512,35345,24720,10625,18738,14236,4502,355486,140503,214983,29517,13767,15750
B0103,23,451,District - Jabalpur,Urban,Matric/secondary but below graduate,318171,181695,136476,117896,103817,14079,15641,11567,4074,8136,6212,1924,184634,66311,118323,31059,15526,15533
B0103,23,451,District - Jabalpur,Urban,Technical diploma or certificate not equal to degree,7151,5988,1163,4094,3791,303,237,197,40,97,80,17,2820,2000,820,708,488,220
B0103,23,451,District - Jabalpur,Urban,Graduate and above other than technical degree,175193,93941,81252,86453,68231,18222,5927,3818,2109,2794,1756,1038,82813,21892,60921,17717,6820,10897
B0103,23,451,District - Jabalpur,Urban,Technical degree or diploma equal to degree or post-graduate degree,30890,19362,11528,14746,10928,3818,1040,671,369,535,352,183,15104,7763,7341,4733,2810,1923
B0103,23,452,District - Narsimhapur,Total,Total,1091854,568810,523044,358203,267439,90764,119615,56025,63590,69608,39181,30427,614036,245346,368690,39951,17763,22188
B0103,23,452,District - Narsimhapur,Total,Illiterate,373069,155319,217750,98724,51989,46735,47106,13709,33397,26765,9704,17061,227239,89621,137618,5987,1143,4844
B0103,23,452,District - Narsimhapur,Total,Literate,718785,413491,305294,259479,215450,44029,72509,42316,30193,42843,29477,13366,386797,155725,231072,33964,16620,17344
B0103,23,452,District - Narsimhapur,Total,Literate but below matric/secondary,508059,278195,229864,163111,130574,32537,55137,30133,25004,32436,21342,11094,289811,117488,172323,16531,6902,9629
B0103,23,452,District - Narsimhapur,Total,Matric/secondary but below graduate,131706,87188,44518,56128,51587,4541,10094,7913,2181,6214,5300,914,65484,27688,37796,10782,6287,4495
B0103,23,452,District - Narsimhapur,Total,Technical diploma or certificate not equal to degree,705,594,111,330,318,12,17,15,2,10,8,2,358,261,97,114,90,24
B0103,23,452,District - Narsimhapur,Total,Graduate and above other than technical degree,39291,25768,13523,22043,19024,3019,1787,1402,385,1072,898,174,15461,5342,10119,4311,2198,2113
B0103,23,452,District - Narsimhapur,Total,Technical degree or diploma equal to degree or post-graduate degree,3952,2817,1135,1943,1572,371,116,91,25,73,58,15,1893,1154,739,738,521,217
B0103,23,452,District - Narsimhapur,Rural,Total,888314,462699,425615,296921,217184,79737,110388,50198,60190,64240,35506,28734,481005,195317,285688,28097,11876,16221
B0103,23,452,District - Narsimhapur,Rural,Illiterate,326227,134965,191262,90738,47295,43443,44462,12609,31853,25090,8908,16182,191027,75061,115966,5116,861,4255
B0103,23,452,District - Narsimhapur,Rural,Literate,562087,327734,234353,206183,169889,36294,65926,37589,28337,39150,26598,12552,289978,120256,169722,22981,11015,11966
B0103,23,452,District - Narsimhapur,Rural,Literate but below matric/secondary,423952,234442,189510,140693,111646,29047,51071,27288,23783,30036,19492,10544,232188,95508,136680,12867,5128,7739
B0103,23,452,District - Narsimhapur,Rural,Matric/secondary but below graduate,90173,63341,26832,41077,38023,3054,8645,6757,1888,5444,4652,792,40451,18561,21890,6837,4132,2705
B0103,23,452,District - Narsimhapur,Rural,Technical diploma or certificate not equal to degree,267,242,25,113,111,2,12,11,1,8,7,1,142,120,22,50,45,5
B0103,23,452,District - Narsimhapur,Rural,Graduate and above other than technical degree,16879,12454,4425,9904,8918,986,1232,1000,232,823,706,117,5743,2536,3207,1819,1034,785
B0103,23,452,District - Narsimhapur,Rural,Technical degree or diploma equal to degree or post-graduate degree,1383,1083,300,644,558,86,64,50,14,43,34,9,675,475,200,287,224,63
B0103,23,452,District - Narsimhapur,Urban,Total,203540,106111,97429,61282,50255,11027,9227,5827,3400,5368,3675,1693,133031,50029,83002,11854,5887,5967
B0103,23,452,District - Narsimhapur,Urban,Illiterate,46842,20354,26488,7986,4694,3292,2644,1100,1544,1675,796,879,36212,14560,21652,871,282,589
B0103,23,452,District - Narsimhapur,Urban,Literate,156698,85757,70941,53296,45561,7735,6583,4727,1856,3693,2879,814,96819,35469,61350,10983,5605,5378
B0103,23,452,District - Narsimhapur,Urban,Literate but below matric/secondary,84107,43753,40354,22418,18928,3490,4066,2845,1221,2400,1850,550,57623,21980,35643,3664,1774,1890
B0103,23,452,District - Narsimhapur,Urban,Matric/secondary but below graduate,41533,23847,17686,15051,13564,1487,1449,1156,293,770,648,122,25033,9127,15906,3945,2155,1790
B0103,23,452,District - Narsimhapur,Urban,Technical diploma or certificate not equal to degree,438,352,86,217,207,10,5,4,1,2,1,1,216,141,75,64,45,19
B0103,23,452,District - Narsimhapur,Urban,Graduate and above other than technical degree,22412,13314,9098,12139,10106,2033,555,402,153,249,192,57,9718,2806,6912,2492,1164,1328
B0103,23,452,District - Narsimhapur,Urban,Technical degree or diploma equal to degree or post-graduate degree,2569,1734,835,1299,1014,285,52,41,11,30,24,6,1218,679,539,451,297,154
B0103,23,453,District - Dindori ,Total,Total,704524,351913,352611,250137,142645,107492,139788,60738,79050,79707,38239,41468,314599,148530,166069,15928,7436,8492
B0103,23,453,District - Dindori ,Total,Illiterate,325810,129154,196656,112404,44581,67823,66982,18511,48471,37414,11526,25888,146424,66062,80362,3173,772,2401
B0103,23,453,District - Dindori ,Total,Literate,378714,222759,155955,137733,98064,39669,72806,42227,30579,42293,26713,15580,168175,82468,85707,12755,6664,6091
B0103,23,453,District - Dindori ,Total,Literate but below matric/secondary,293305,167181,126124,97354,67702,29652,56419,31698,24721,32321,19790,12531,139532,67781,71751,7044,3372,3672
B0103,23,453,District - Dindori ,Total,Matric/secondary but below graduate,52307,34574,17733,21769,16981,4788,9437,6527,2910,5844,4338,1506,21101,11066,10035,4132,2371,1761
B0103,23,453,District - Dindori ,Total,Technical diploma or certificate not equal to degree,174,139,35,89,74,15,12,11,1,8,8,0,73,54,19,24,18,6
B0103,23,453,District - Dindori ,Total,Graduate and above other than technical degree,12065,8868,3197,7572,6254,1318,1248,1014,234,831,704,127,3245,1600,1645,1045,618,427
B0103,23,453,District - Dindori ,Total,Technical degree or diploma equal to degree or post-graduate degree,736,551,185,463,378,85,33,26,7,24,20,4,240,147,93,105,73,32
B0103,23,453,District - Dindori ,Rural,Total,672206,335393,336813,240777,135377,105400,137196,59258,77938,77978,37172,40806,294233,140758,153475,13352,6336,7016
B0103,23,453,District - Dindori ,Rural,Illiterate,317364,125861,191503,111089,43961,67128,66087,18191,47896,36795,11284,25511,140188,63709,76479,2903,722,2181
B0103,23,453,District - Dindori ,Rural,Literate,354842,209532,145310,129688,91416,38272,71109,41067,30042,41183,25888,15295,154045,77049,76996,10449,5614,4835
B0103,23,453,District - Dindori ,Rural,Literate but below matric/secondary,280767,160512,120255,94303,65185,29118,55348,30970,24378,31631,19280,12351,131116,64357,66759,6254,3034,3220
B0103,23,453,District - Dindori ,Rural,Matric/secondary but below graduate,45971,31047,14924,19587,15110,4477,9077,6274,2803,5599,4147,1452,17307,9663,7644,3235,1927,1308
B0103,23,453,District - Dindori ,Rural,Technical diploma or certificate not equal to degree,79,59,20,29,23,6,9,8,1,6,6,0,41,28,13,14,11,3
B0103,23,453,District - Dindori ,Rural,Graduate and above other than technical degree,8410,6598,1812,5387,4487,900,1113,912,201,745,635,110,1910,1199,711,575,419,156
B0103,23,453,District - Dindori ,Rural,Technical degree or diploma equal to degree or post-graduate degree,369,291,78,231,191,40,26,20,6,19,16,3,112,80,32,41,31,10
B0103,23,453,District - Dindori ,Urban,Total,32318,16520,15798,9360,7268,2092,2592,1480,1112,1729,1067,662,20366,7772,12594,2576,1100,1476
B0103,23,453,District - Dindori ,Urban,Illiterate,8446,3293,5153,1315,620,695,895,320,575,619,242,377,6236,2353,3883,270,50,220
B0103,23,453,District - Dindori ,Urban,Literate,23872,13227,10645,8045,6648,1397,1697,1160,537,1110,825,285,14130,5419,8711,2306,1050,1256
B0103,23,453,District - Dindori ,Urban,Literate but below matric/secondary,12538,6669,5869,3051,2517,534,1071,728,343,690,510,180,8416,3424,4992,790,338,452
B0103,23,453,District - Dindori ,Urban,Matric/secondary but below graduate,6336,3527,2809,2182,1871,311,360,253,107,245,191,54,3794,1403,2391,897,444,453
B0103,23,453,District - Dindori ,Urban,Technical diploma or certificate not equal to degree,95,80,15,60,51,9,3,3,0,2,2,0,32,26,6,10,7,3
B0103,23,453,District - Dindori ,Urban,Graduate and above other than technical degree,3655,2270,1385,2185,1767,418,135,102,33,86,69,17,1335,401,934,470,199,271
B0103,23,453,District - Dindori ,Urban,Technical degree or diploma equal to degree or post-graduate degree,367,260,107,232,187,45,7,6,1,5,4,1,128,67,61,64,42,22
B0103,23,454,District - Mandla,Total,Total,1054905,525272,529633,325159,196325,128834,234490,103910,130580,150164,72858,77306,495256,225037,270219,32800,14642,18158
B0103,23,454,District - Mandla,Total,Illiterate,449943,177239,272704,132936,54447,78489,110765,32035,78730,69587,22061,47526,206242,90757,115485,4746,1112,3634
B0103,23,454,District - Mandla,Total,Literate,604962,348033,256929,192223,141878,50345,123725,71875,51850,80577,50797,29780,289014,134280,154734,28054,13530,14524
B0103,23,454,District - Mandla,Total,Literate but below matric/secondary,452586,252240,200346,128440,91606,36834,96953,54205,42748,62573,38093,24480,227193,106429,120764,13239,5937,7302
B0103,23,454,District - Mandla,Total,Matric/secondary but below graduate,90867,58230,32637,32797,27157,5640,15046,10787,4259,10079,7729,2350,43024,20286,22738,9215,4865,4350
B0103,23,454,District - Mandla,Total,Technical diploma or certificate not equal to degree,773,609,164,322,273,49,40,33,7,30,26,4,411,303,108,191,153,38
B0103,23,454,District - Mandla,Total,Graduate and above other than technical degree,30781,20050,10731,17444,14046,3398,2582,2003,579,1845,1504,341,10755,4001,6754,3836,1803,2033
B0103,23,454,District - Mandla,Total,Technical degree or diploma equal to degree or post-graduate degree,2374,1595,779,1101,855,246,88,65,23,56,40,16,1185,675,510,511,315,196
B0103,23,454,District - Mandla,Rural,Total,924716,459151,465565,285773,166345,119428,226737,99446,127291,145117,69812,75305,412206,193360,218846,22389,10187,12202
B0103,23,454,District - Mandla,Rural,Illiterate,420991,165398,255593,127204,51826,75378,108709,31370,77339,68239,21617,46622,185078,82202,102876,3996,953,3043
B0103,23,454,District - Mandla,Rural,Literate,503725,293753,209972,158569,114519,44050,118028,68076,49952,76878,48195,28683,227128,111158,115970,18393,9234,9159
B0103,23,454,District - Mandla,Rural,Literate but below matric/secondary,400634,225553,175081,115113,80890,34223,93176,51817,41359,60143,36471,23672,192345,92846,99499,10106,4645,5461
B0103,23,454,District - Mandla,Rural,Matric/secondary but below graduate,63243,43116,20127,23806,19376,4430,13908,9914,3994,9335,7132,2203,25529,13826,11703,5687,3198,2489
B0103,23,454,District - Mandla,Rural,Technical diploma or certificate not equal to degree,312,251,61,87,63,24,30,25,5,21,18,3,195,163,32,102,91,11
B0103,23,454,District - Mandla,Rural,Graduate and above other than technical degree,14150,10454,3696,8306,6868,1438,2133,1664,469,1545,1270,275,3711,1922,1789,1576,862,714
B0103,23,454,District - Mandla,Rural,Technical degree or diploma equal to degree or post-graduate degree,709,527,182,355,290,65,51,41,10,31,24,7,303,196,107,127,87,40
B0103,23,454,District - Mandla,Urban,Total,130189,66121,64068,39386,29980,9406,7753,4464,3289,5047,3046,2001,83050,31677,51373,10411,4455,5956
B0103,23,454,District - Mandla,Urban,Illiterate,28952,11841,17111,5732,2621,3111,2056,665,1391,1348,444,904,21164,8555,12609,750,159,591
B0103,23,454,District - Mandla,Urban,Literate,101237,54280,46957,33654,27359,6295,5697,3799,1898,3699,2602,1097,61886,23122,38764,9661,4296,5365
B0103,23,454,District - Mandla,Urban,Literate but below matric/secondary,51952,26687,25265,13327,10716,2611,3777,2388,1389,2430,1622,808,34848,13583,21265,3133,1292,1841
B0103,23,454,District - Mandla,Urban,Matric/secondary but below graduate,27624,15114,12510,8991,7781,1210,1138,873,265,744,597,147,17495,6460,11035,3528,1667,1861
B0103,23,454,District - Mandla,Urban,Technical diploma or certificate not equal to degree,461,358,103,235,210,25,10,8,2,9,8,1,216,140,76,89,62,27
B0103,23,454,District - Mandla,Urban,Graduate and above other than technical degree,16631,9596,7035,9138,7178,1960,449,339,110,300,234,66,7044,2079,4965,2260,941,1319
B0103,23,454,District - Mandla,Urban,Technical degree or diploma equal to degree or post-graduate degree,1665,1068,597,746,565,181,37,24,13,25,16,9,882,479,403,384,228,156
B0103,23,455,District - Chhindwara,Total,Total,2090922,1064468,1026454,673845,464437,209408,284139,117826,166313,160154,81590,78564,1132938,482205,650733,77484,35950,41534
B0103,23,455,District - Chhindwara,Total,Illiterate,796724,333174,463550,232111,119589,112522,134533,37140,97393,73917,25696,48221,430080,176445,253635,9709,2307,7402
B0103,23,455,District - Chhindwara,Total,Literate,1294198,731294,562904,441734,344848,96886,149606,80686,68920,86237,55894,30343,702858,305760,397098,67775,33643,34132
B0103,23,455,District - Chhindwara,Total,Literate but below matric/secondary,912689,507610,405079,285766,218326,67440,115020,60109,54911,65900,41607,24293,511903,229175,282728,27327,12509,14818
B0103,23,455,District - Chhindwara,Total,Matric/secondary but below graduate,243805,142076,101729,86371,72342,14029,20890,13143,7747,12238,9054,3184,136544,56591,79953,24722,13128,11594
B0103,23,455,District - Chhindwara,Total,Technical diploma or certificate not equal to degree,3248,2668,580,1368,1271,97,152,123,29,118,100,18,1728,1274,454,726,554,172
B0103,23,455,District - Chhindwara,Total,Graduate and above other than technical degree,82814,50942,31872,44292,36241,8051,4378,3085,1293,2919,2226,693,34144,11616,22528,11297,5391,5906
B0103,23,455,District - Chhindwara,Total,Technical degree or diploma equal to degree or post-graduate degree,8309,5798,2511,3846,3040,806,235,177,58,161,131,30,4228,2581,1647,1890,1292,598
B0103,23,455,District - Chhindwara,Rural,Total,1585739,806199,779540,524973,347242,177731,258635,102329,156306,144957,71223,73734,802131,356628,445503,44300,20404,23896
B0103,23,455,District - Chhindwara,Rural,Illiterate,677901,283766,394135,210447,107462,102985,128147,34740,93407,70428,24153,46275,339307,141564,197743,7560,1723,5837
B0103,23,455,District - Chhindwara,Rural,Literate,907838,522433,385405,314526,239780,74746,130488,67589,62899,74529,47070,27459,462824,215064,247760,36740,18681,18059
B0103,23,455,District - Chhindwara,Rural,Literate but below matric/secondary,704071,396850,307221,228421,171294,57127,102579,51769,50810,58204,35883,22321,373071,173787,199284,17491,7935,9556
B0103,23,455,District - Chhindwara,Rural,Matric/secondary but below graduate,136211,83982,52229,51407,42102,9305,16620,9992,6628,9685,6996,2689,68184,31888,36296,12965,7294,5671
B0103,23,455,District - Chhindwara,Rural,Technical diploma or certificate not equal to degree,1348,1156,192,439,416,23,104,82,22,80,68,12,805,658,147,360,295,65
B0103,23,455,District - Chhindwara,Rural,Graduate and above other than technical degree,30266,20834,9432,16772,14142,2630,2860,2025,835,1974,1535,439,10634,4667,5967,4314,2269,2045
B0103,23,455,District - Chhindwara,Rural,Technical degree or diploma equal to degree or post-graduate degree,2287,1772,515,956,819,137,114,89,25,83,73,10,1217,864,353,584,443,141
B0103,23,455,District - Chhindwara,Urban,Total,505183,258269,246914,148872,117195,31677,25504,15497,10007,15197,10367,4830,330807,125577,205230,33184,15546,17638
B0103,23,455,District - Chhindwara,Urban,Illiterate,118823,49408,69415,21664,12127,9537,6386,2400,3986,3489,1543,1946,90773,34881,55892,2149,584,1565
B0103,23,455,District - Chhindwara,Urban,Literate,386360,208861,177499,127208,105068,22140,19118,13097,6021,11708,8824,2884,240034,90696,149338,31035,14962,16073
B0103,23,455,District - Chhindwara,Urban,Literate but below matric/secondary,208618,110760,97858,57345,47032,10313,12441,8340,4101,7696,5724,1972,138832,55388,83444,9836,4574,5262
B0103,23,455,District - Chhindwara,Urban,Matric/secondary but below graduate,107594,58094,49500,34964,30240,4724,4270,3151,1119,2553,2058,495,68360,24703,43657,11757,5834,5923
B0103,23,455,District - Chhindwara,Urban,Technical diploma or certificate not equal to degree,1900,1512,388,929,855,74,48,41,7,38,32,6,923,616,307,366,259,107
B0103,23,455,District - Chhindwara,Urban,Graduate and above other than technical degree,52548,30108,22440,27520,22099,5421,1518,1060,458,945,691,254,23510,6949,16561,6983,3122,3861
B0103,23,455,District - Chhindwara,Urban,Technical degree or diploma equal to degree or post-graduate degree,6022,4026,1996,2890,2221,669,121,88,33,78,58,20,3011,1717,1294,1306,849,457
B0103,23,456,District - Seoni,Total,Total,1379131,695879,683252,397575,270675,126900,286859,123985,162874,170143,86554,83589,694697,301219,393478,43664,19620,24044
B0103,23,456,District - Seoni,Total,Illiterate,514937,210538,304399,130814,63979,66835,119603,34297,85306,70375,24242,46133,264520,112262,152258,6076,1355,4721
B0103,23,456,District - Seoni,Total,Literate,864194,485341,378853,266761,206696,60065,167256,89688,77568,99768,62312,37456,430177,188957,241220,37588,18265,19323
B0103,23,456,District - Seoni,Total,Literate but below matric/secondary,654658,358550,296108,185165,139731,45434,134496,69768,64728,79484,48195,31289,334997,149051,185946,17342,7561,9781
B0103,23,456,District - Seoni,Total,Matric/secondary but below graduate,132391,79076,53315,43637,36784,6853,20900,13093,7807,12619,9154,3465,67854,29199,38655,12535,6724,5811
B0103,23,456,District - Seoni,Total,Technical diploma or certificate not equal to degree,1457,1224,233,562,529,33,73,67,6,50,47,3,822,628,194,300,233,67
B0103,23,456,District - Seoni,Total,Graduate and above other than technical degree,45971,29875,16096,24996,20646,4350,4279,3030,1249,2916,2269,647,16696,6199,10497,5475,2756,2719
B0103,23,456,District - Seoni,Total,Technical degree or diploma equal to degree or post-graduate degree,3888,2724,1164,1754,1396,358,156,108,48,98,67,31,1978,1220,758,816,537,279
B0103,23,456,District - Seoni,Rural,Total,1215241,612314,602927,348936,231719,117217,279234,119469,159765,165371,83506,81865,587071,261126,325945,33615,14951,18664
B0103,23,456,District - Seoni,Rural,Illiterate,480873,196209,284664,125276,61089,64187,117745,33658,84087,69191,23795,45396,237852,101462,136390,5494,1218,4276
B0103,23,456,District - Seoni,Rural,Literate,734368,416105,318263,223660,170630,53030,161489,85811,75678,96180,59711,36469,349219,159664,189555,28121,13733,14388
B0103,23,456,District - Seoni,Rural,Literate but below matric/secondary,587526,323907,263619,167527,124875,42652,130878,67393,63485,77176,46549,30627,289121,131639,157482,14523,6237,8286
B0103,23,456,District - Seoni,Rural,Matric/secondary but below graduate,98157,61074,37083,32803,27367,5436,19755,12282,7473,11932,8635,3297,45599,21425,24174,9195,5047,4148
B0103,23,456,District - Seoni,Rural,Technical diploma or certificate not equal to degree,667,569,98,157,148,9,60,57,3,44,42,2,450,364,86,179,151,28
B0103,23,456,District - Seoni,Rural,Graduate and above other than technical degree,24806,17458,7348,13444,11280,2164,3652,2584,1068,2553,1991,562,7710,3594,4116,3089,1730,1359
B0103,23,456,District - Seoni,Rural,Technical degree or diploma equal to degree or post-graduate degree,1466,1125,341,603,513,90,111,78,33,73,52,21,752,534,218,355,253,102
B0103,23,456,District - Seoni,Urban,Total,163890,83565,80325,48639,38956,9683,7625,4516,3109,4772,3048,1724,107626,40093,67533,10049,4669,5380
B0103,23,456,District - Seoni,Urban,Illiterate,34064,14329,19735,5538,2890,2648,1858,639,1219,1184,447,737,26668,10800,15868,582,137,445
B0103,23,456,District - Seoni,Urban,Literate,129826,69236,60590,43101,36066,7035,5767,3877,1890,3588,2601,987,80958,29293,51665,9467,4532,4935
B0103,23,456,District - Seoni,Urban,Literate but below matric/secondary,67132,34643,32489,17638,14856,2782,3618,2375,1243,2308,1646,662,45876,17412,28464,2819,1324,1495
B0103,23,456,District - Seoni,Urban,Matric/secondary but below graduate,34234,18002,16232,10834,9417,1417,1145,811,334,687,519,168,22255,7774,14481,3340,1677,1663
B0103,23,456,District - Seoni,Urban,Technical diploma or certificate not equal to degree,790,655,135,405,381,24,13,10,3,6,5,1,372,264,108,121,82,39
B0103,23,456,District - Seoni,Urban,Graduate and above other than technical degree,21165,12417,8748,11552,9366,2186,627,446,181,363,278,85,8986,2605,6381,2386,1026,1360
B0103,23,456,District - Seoni,Urban,Technical degree or diploma equal to degree or post-graduate degree,2422,1599,823,1151,883,268,45,30,15,25,15,10,1226,686,540,461,284,177
B0103,23,457,District - Balaghat,Total,Total,1701698,842178,859520,530506,338314,192192,362508,150296,212212,209464,103952,105512,808684,353568,455116,47556,20932,26624
B0103,23,457,District - Balaghat,Total,Illiterate,554075,215710,338365,135941,56698,79243,120891,32130,88761,69057,22605,46452,297243,126882,170361,4979,1141,3838
B0103,23,457,District - Balaghat,Total,Literate,1147623,626468,521155,394565,281616,112949,241617,118166,123451,140407,81347,59060,511441,226686,284755,42577,19791,22786
B0103,23,457,District - Balaghat,Total,Literate but below matric/secondary,834420,447345,387075,268391,185249,83142,184752,88614,96138,107257,60934,46323,381277,173482,207795,16934,7203,9731
B0103,23,457,District - Balaghat,Total,Matric/secondary but below graduate,200015,112800,87215,70634,54909,15725,36305,19347,16958,20926,13289,7637,93076,38544,54532,15182,7410,7772
B0103,23,457,District - Balaghat,Total,Technical diploma or certificate not equal to degree,2996,2488,508,1082,1005,77,220,193,27,145,131,14,1694,1290,404,643,512,131
B0103,23,457,District - Balaghat,Total,Graduate and above other than technical degree,57422,36029,21393,31355,25050,6305,6092,3807,2285,3947,2762,1185,19975,7172,12803,6843,3103,3740
B0103,23,457,District - Balaghat,Total,Technical degree or diploma equal to degree or post-graduate degree,5871,4040,1831,2555,2053,502,330,224,106,195,137,58,2986,1763,1223,1331,837,494
B0103,23,457,District - Balaghat,Rural,Total,1456882,719794,737088,458063,282601,175462,344225,141288,202937,198675,97861,100814,654594,295905,358689,30930,13943,16987
B0103,23,457,District - Balaghat,Rural,Illiterate,496664,192705,303959,125217,51506,73711,115206,30418,84788,65876,21457,44419,256241,110781,145460,3821,887,2934
B0103,23,457,District - Balaghat,Rural,Literate,960218,527089,433129,332846,231095,101751,229019,110870,118149,132799,76404,56395,398353,185124,213229,27109,13056,14053
B0103,23,457,District - Balaghat,Rural,Literate but below matric/secondary,735726,396857,338869,242079,164063,78016,176152,83884,92268,102011,57640,44371,317495,148910,168585,12357,5470,6887
B0103,23,457,District - Balaghat,Rural,Matric/secondary but below graduate,150539,86532,64007,55173,41444,13729,33885,17763,16122,19432,12220,7212,61481,27325,34156,9541,4799,4742
B0103,23,457,District - Balaghat,Rural,Technical diploma or certificate not equal to degree,1476,1231,245,324,295,29,167,147,20,112,101,11,985,789,196,381,317,64
B0103,23,457,District - Balaghat,Rural,Graduate and above other than technical degree,30793,20674,10119,16846,13517,3329,5186,3209,1977,3416,2395,1021,8761,3948,4813,3327,1682,1645
B0103,23,457,District - Balaghat,Rural,Technical degree or diploma equal to degree or post-graduate degree,2281,1709,572,917,770,147,227,165,62,143,109,34,1137,774,363,464,327,137
B0103,23,457,District - Balaghat,Urban,Total,244816,122384,122432,72443,55713,16730,18283,9008,9275,10789,6091,4698,154090,57663,96427,16626,6989,9637
B0103,23,457,District - Balaghat,Urban,Illiterate,57411,23005,34406,10724,5192,5532,5685,1712,3973,3181,1148,2033,41002,16101,24901,1158,254,904
B0103,23,457,District - Balaghat,Urban,Literate,187405,99379,88026,61719,50521,11198,12598,7296,5302,7608,4943,2665,113088,41562,71526,15468,6735,8733
B0103,23,457,District - Balaghat,Urban,Literate but below matric/secondary,98694,50488,48206,26312,21186,5126,8600,4730,3870,5246,3294,1952,63782,24572,39210,4577,1733,2844
B0103,23,457,District - Balaghat,Urban,Matric/secondary but below graduate,49476,26268,23208,15461,13465,1996,2420,1584,836,1494,1069,425,31595,11219,20376,5641,2611,3030
B0103,23,457,District - Balaghat,Urban,Technical diploma or certificate not equal to degree,1520,1257,263,758,710,48,53,46,7,33,30,3,709,501,208,262,195,67
B0103,23,457,District - Balaghat,Urban,Graduate and above other than technical degree,26629,15355,11274,14509,11533,2976,906,598,308,531,367,164,11214,3224,7990,3516,1421,2095
B0103,23,457,District - Balaghat,Urban,Technical degree or diploma equal to degree or post-graduate degree,3590,2331,1259,1638,1283,355,103,59,44,52,28,24,1849,989,860,867,510,357
B0103,23,458,District - Guna,Total,Total,1241519,649362,592157,353671,276196,77475,161226,59258,101968,60804,33226,27578,726622,313908,412714,35606,16243,19363
B0103,23,458,District - Guna,Total,Illiterate,587539,248825,338714,146056,91689,54367,96521,21559,74962,33246,12337,20909,344962,135577,209385,10052,1830,8222
B0103,23,458,District - Guna,Total,Literate,653980,400537,253443,207615,184507,23108,64705,37699,27006,27558,20889,6669,381660,178331,203329,25554,14413,11141
B0103,23,458,District - Guna,Total,Literate but below matric/secondary,492530,293276,199254,135517,121035,14482,50368,28167,22201,20565,15385,5180,306645,144074,162571,13325,6912,6413
B0103,23,458,District - Guna,Total,Matric/secondary but below graduate,88588,60860,27728,33576,30893,2683,7319,5555,1764,3741,3239,502,47693,24412,23281,7189,4710,2479
B0103,23,458,District - Guna,Total,Technical diploma or certificate not equal to degree,909,811,98,575,550,25,30,27,3,17,16,1,304,234,70,105,87,18
B0103,23,458,District - Guna,Total,Graduate and above other than technical degree,37069,24427,12642,20998,18110,2888,1702,1360,342,1010,857,153,14369,4957,9412,3418,1873,1545
B0103,23,458,District - Guna,Total,Technical degree or diploma equal to degree or post-graduate degree,3878,2830,1048,2165,1785,380,112,85,27,59,46,13,1601,960,641,576,411,165
B0103,23,458,District - Guna,Rural,Total,928844,486127,442717,269407,204910,64497,146409,50288,96121,53160,27521,25639,513028,230929,282099,20103,9229,10874
B0103,23,458,District - Guna,Rural,Illiterate,481674,204634,277040,127668,79229,48439,90163,19002,71161,30285,10638,19647,263843,106403,157440,6908,1272,5636
B0103,23,458,District - Guna,Rural,Literate,447170,281493,165677,141739,125681,16058,56246,31286,24960,22875,16883,5992,249185,124526,124659,13195,7957,5238
B0103,23,458,District - Guna,Rural,Literate but below matric/secondary,370078,225167,144911,105647,93748,11899,44788,23955,20833,17408,12631,4777,219643,107464,112179,8563,4627,3936
B0103,23,458,District - Guna,Rural,Matric/secondary but below graduate,41963,32762,9201,17459,16113,1346,5628,4163,1465,2775,2386,389,18876,12486,6390,3001,2308,693
B0103,23,458,District - Guna,Rural,Technical diploma or certificate not equal to degree,137,128,9,57,51,6,14,14,0,10,10,0,66,63,3,27,26,1
B0103,23,458,District - Guna,Rural,Graduate and above other than technical degree,9305,7762,1543,5811,5363,448,1026,888,138,670,625,45,2468,1511,957,852,624,228
B0103,23,458,District - Guna,Rural,Technical degree or diploma equal to degree or post-graduate degree,616,503,113,322,281,41,39,34,5,27,25,2,255,188,67,94,77,17
B0103,23,458,District - Guna,Urban,Total,312675,163235,149440,84264,71286,12978,14817,8970,5847,7644,5705,1939,213594,82979,130615,15503,7014,8489
B0103,23,458,District - Guna,Urban,Illiterate,105865,44191,61674,18388,12460,5928,6358,2557,3801,2961,1699,1262,81119,29174,51945,3144,558,2586
B0103,23,458,District - Guna,Urban,Literate,206810,119044,87766,65876,58826,7050,8459,6413,2046,4683,4006,677,132475,53805,78670,12359,6456,5903
B0103,23,458,District - Guna,Urban,Literate but below matric/secondary,122452,68109,54343,29870,27287,2583,5580,4212,1368,3157,2754,403,87002,36610,50392,4762,2285,2477
B0103,23,458,District - Guna,Urban,Matric/secondary but below graduate,46625,28098,18527,16117,14780,1337,1691,1392,299,966,853,113,28817,11926,16891,4188,2402,1786
B0103,23,458,District - Guna,Urban,Technical diploma or certificate not equal to degree,772,683,89,518,499,19,16,13,3,7,6,1,238,171,67,78,61,17
B0103,23,458,District - Guna,Urban,Graduate and above other than technical degree,27764,16665,11099,15187,12747,2440,676,472,204,340,232,108,11901,3446,8455,2566,1249,1317
B0103,23,458,District - Guna,Urban,Technical degree or diploma equal to degree or post-graduate degree,3262,2327,935,1843,1504,339,73,51,22,32,21,11,1346,772,574,482,334,148
B0103,23,459,District - Ashoknagar,Total,Total,845071,443837,401234,241288,199418,41870,73982,32411,41571,34284,20516,13768,529801,212008,317793,23603,10006,13597
B0103,23,459,District - Ashoknagar,Total,Illiterate,375962,153533,222429,80674,52809,27865,40806,10671,30135,17678,7027,10651,254482,90053,164429,7091,1139,5952
B0103,23,459,District - Ashoknagar,Total,Literate,469109,290304,178805,160614,146609,14005,33176,21740,11436,16606,13489,3117,275319,121955,153364,16512,8867,7645
B0103,23,459,District - Ashoknagar,Total,Literate but below matric/secondary,379327,230266,149061,118654,108862,9792,27650,17914,9736,13734,11166,2568,233023,103490,129533,9733,4752,4981
B0103,23,459,District - Ashoknagar,Total,Matric/secondary but below graduate,51928,35873,16055,22241,20581,1660,2748,2122,626,1464,1267,197,26939,13170,13769,4131,2646,1485
B0103,23,459,District - Ashoknagar,Total,Technical diploma or certificate not equal to degree,458,400,58,254,235,19,11,11,0,8,8,0,193,154,39,70,58,12
B0103,23,459,District - Ashoknagar,Total,Graduate and above other than technical degree,19649,13271,6378,11467,10066,1401,745,581,164,414,365,49,7437,2624,4813,1806,988,818
B0103,23,459,District - Ashoknagar,Total,Technical degree or diploma equal to degree or post-graduate degree,1711,1255,456,862,720,142,53,34,19,29,21,8,796,501,295,294,215,79
B0103,23,459,District - Ashoknagar,Rural,Total,691387,363411,327976,196546,162235,34311,68875,29367,39508,31818,18758,13060,425966,171809,254157,16102,6630,9472
B0103,23,459,District - Ashoknagar,Rural,Illiterate,325073,132685,192388,71168,46619,24549,39237,10111,29126,16930,6678,10252,214668,75955,138713,5743,840,4903
B0103,23,459,District - Ashoknagar,Rural,Literate,366314,230726,135588,125378,115616,9762,29638,19256,10382,14888,12080,2808,211298,95854,115444,10359,5790,4569
B0103,23,459,District - Ashoknagar,Rural,Literate but below matric/secondary,314202,193442,120760,100121,92450,7671,25335,16260,9075,12572,10200,2372,188746,84732,104014,7078,3530,3548
B0103,23,459,District - Ashoknagar,Rural,Matric/secondary but below graduate,30951,23280,7671,14417,13539,878,2040,1627,413,1147,1008,139,14494,8114,6380,2183,1562,621
B0103,23,459,District - Ashoknagar,Rural,Technical diploma or certificate not equal to degree,143,118,25,58,46,12,6,6,0,6,6,0,79,66,13,27,24,3
B0103,23,459,District - Ashoknagar,Rural,Graduate and above other than technical degree,7392,5853,1539,4659,4308,351,388,346,42,245,232,13,2345,1199,1146,664,469,195
B0103,23,459,District - Ashoknagar,Rural,Technical degree or diploma equal to degree or post-graduate degree,522,413,109,260,225,35,18,14,4,14,11,3,244,174,70,79,69,10
B0103,23,459,District - Ashoknagar,Urban,Total,153684,80426,73258,44742,37183,7559,5107,3044,2063,2466,1758,708,103835,40199,63636,7501,3376,4125
B0103,23,459,District - Ashoknagar,Urban,Illiterate,50889,20848,30041,9506,6190,3316,1569,560,1009,748,349,399,39814,14098,25716,1348,299,1049
B0103,23,459,District - Ashoknagar,Urban,Literate,102795,59578,43217,35236,30993,4243,3538,2484,1054,1718,1409,309,64021,26101,37920,6153,3077,3076
B0103,23,459,District - Ashoknagar,Urban,Literate but below matric/secondary,65125,36824,28301,18533,16412,2121,2315,1654,661,1162,966,196,44277,18758,25519,2655,1222,1433
B0103,23,459,District - Ashoknagar,Urban,Matric/secondary but below graduate,20977,12593,8384,7824,7042,782,708,495,213,317,259,58,12445,5056,7389,1948,1084,864
B0103,23,459,District - Ashoknagar,Urban,Technical diploma or certificate not equal to degree,315,282,33,196,189,7,5,5,0,2,2,0,114,88,26,43,34,9
B0103,23,459,District - Ashoknagar,Urban,Graduate and above other than technical degree,12257,7418,4839,6808,5758,1050,357,235,122,169,133,36,5092,1425,3667,1142,519,623
B0103,23,459,District - Ashoknagar,Urban,Technical degree or diploma equal to degree or post-graduate degree,1189,842,347,602,495,107,35,20,15,15,10,5,552,327,225,215,146,69
B0103,23,460,District - Shahdol,Total,Total,1066063,540021,526042,240811,170300,70511,252246,122102,130144,159892,85162,74730,573006,247619,325387,41502,18074,23428
B0103,23,460,District - Shahdol,Total,Illiterate,461869,191260,270609,91986,48047,43939,129599,44345,85254,80425,30748,49677,240284,98868,141416,8989,1798,7191
B0103,23,460,District - Shahdol,Total,Literate,604194,348761,255433,148825,122253,26572,122647,77757,44890,79467,54414,25053,332722,148751,183971,32513,16276,16237
B0103,23,460,District - Shahdol,Total,Literate but below matric/secondary,427993,237658,190335,83023,66773,16250,90191,55764,34427,58002,38994,19008,254779,115121,139658,15546,7040,8506
B0103,23,460,District - Shahdol,Total,Matric/secondary but below graduate,103465,65254,38211,33018,28828,4190,16965,12548,4417,11179,8793,2386,53482,23878,29604,10725,5941,4784
B0103,23,460,District - Shahdol,Total,Technical diploma or certificate not equal to degree,1808,1609,199,853,799,54,77,67,10,59,52,7,878,743,135,345,302,43
B0103,23,460,District - Shahdol,Total,Graduate and above other than technical degree,36129,24107,12022,19611,16793,2818,3167,2529,638,2077,1747,330,13351,4785,8566,3779,1891,1888
B0103,23,460,District - Shahdol,Total,Technical degree or diploma equal to degree or post-graduate degree,4189,3014,1175,1947,1617,330,230,181,49,159,128,31,2012,1216,796,846,564,282
B0103,23,460,District - Shahdol,Rural,Total,846463,426583,419880,185833,124053,61780,238080,112871,125209,151715,79375,72340,422550,189659,232891,25313,9813,15500
B0103,23,460,District - Shahdol,Rural,Illiterate,403762,167552,236210,84074,43140,40934,124474,41959,82515,77540,29226,48314,195214,82453,112761,7318,1255,6063
B0103,23,460,District - Shahdol,Rural,Literate,442701,259031,183670,101759,80913,20846,113606,70912,42694,74175,50149,24026,227336,107206,120130,17995,8558,9437
B0103,23,460,District - Shahdol,Rural,Literate but below matric/secondary,345422,194361,151061,66642,52272,14370,84844,51739,33105,54872,36457,18415,193936,90350,103586,10809,4502,6307
B0103,23,460,District - Shahdol,Rural,Matric/secondary but below graduate,57854,39361,18493,19111,16255,2856,14735,10777,3958,9869,7706,2163,24008,12329,11679,5009,2836,2173
B0103,23,460,District - Shahdol,Rural,Technical diploma or certificate not equal to degree,390,352,38,122,116,6,41,34,7,30,26,4,227,202,25,73,64,9
B0103,23,460,District - Shahdol,Rural,Graduate and above other than technical degree,11983,9350,2633,6702,5813,889,2310,1896,414,1594,1373,221,2971,1641,1330,1032,646,386
B0103,23,460,District - Shahdol,Rural,Technical degree or diploma equal to degree or post-graduate degree,961,782,179,399,339,60,130,109,21,95,83,12,432,334,98,185,149,36
B0103,23,460,District - Shahdol,Urban,Total,219600,113438,106162,54978,46247,8731,14166,9231,4935,8177,5787,2390,150456,57960,92496,16189,8261,7928
B0103,23,460,District - Shahdol,Urban,Illiterate,58107,23708,34399,7912,4907,3005,5125,2386,2739,2885,1522,1363,45070,16415,28655,1671,543,1128
B0103,23,460,District - Shahdol,Urban,Literate,161493,89730,71763,47066,41340,5726,9041,6845,2196,5292,4265,1027,105386,41545,63841,14518,7718,6800
B0103,23,460,District - Shahdol,Urban,Literate but below matric/secondary,82571,43297,39274,16381,14501,1880,5347,4025,1322,3130,2537,593,60843,24771,36072,4737,2538,2199
B0103,23,460,District - Shahdol,Urban,Matric/secondary but below graduate,45611,25893,19718,13907,12573,1334,2230,1771,459,1310,1087,223,29474,11549,17925,5716,3105,2611
B0103,23,460,District - Shahdol,Urban,Technical diploma or certificate not equal to degree,1418,1257,161,731,683,48,36,33,3,29,26,3,651,541,110,272,238,34
B0103,23,460,District - Shahdol,Urban,Graduate and above other than technical degree,24146,14757,9389,12909,10980,1929,857,633,224,483,374,109,10380,3144,7236,2747,1245,1502
B0103,23,460,District - Shahdol,Urban,Technical degree or diploma equal to degree or post-graduate degree,3228,2232,996,1548,1278,270,100,72,28,64,45,19,1580,882,698,661,415,246
B0103,23,461,District - Anuppur,Total,Total,749237,379114,370123,227040,154768,72272,119431,52633,66798,65726,33590,32136,402766,171713,231053,27744,12804,14940
B0103,23,461,District - Anuppur,Total,Illiterate,312642,124994,187648,89303,43355,45948,57589,15806,41783,30931,10129,20802,165750,65833,99917,5246,950,4296
B0103,23,461,District - Anuppur,Total,Literate,436595,254120,182475,137737,111413,26324,61842,36827,25015,34795,23461,11334,237016,105880,131136,22498,11854,10644
B0103,23,461,District - Anuppur,Total,Literate but below matric/secondary,311882,175441,136441,86668,68377,18291,48299,28101,20198,26881,17776,9105,176915,78963,97952,10165,4605,5560
B0103,23,461,District - Anuppur,Total,Matric/secondary but below graduate,76144,47318,28826,25794,22498,3296,7490,5212,2278,4362,3321,1041,42860,19608,23252,7674,4542,3132
B0103,23,461,District - Anuppur,Total,Technical diploma or certificate not equal to degree,1453,1312,141,867,827,40,36,34,2,24,24,0,550,451,99,204,177,27
B0103,23,461,District - Anuppur,Total,Graduate and above other than technical degree,24329,16792,7537,13529,11851,1678,1429,1183,246,957,834,123,9371,3758,5613,3090,1713,1377
B0103,23,461,District - Anuppur,Total,Technical degree or diploma equal to degree or post-graduate degree,2567,1987,580,1213,1075,138,70,58,12,44,39,5,1284,854,430,558,399,159
B0103,23,461,District - Anuppur,Rural,Total,543996,272030,271966,173144,108490,64654,111660,47953,63707,60870,30368,30502,259192,115587,143605,14004,5343,8661
B0103,23,461,District - Anuppur,Rural,Illiterate,253103,101377,151726,78393,36116,42277,54456,14612,39844,29031,9303,19728,120254,50649,69605,3780,609,3171
B0103,23,461,District - Anuppur,Rural,Literate,290893,170653,120240,94751,72374,22377,57204,33341,23863,31839,21065,10774,138938,64938,74000,10224,4734,5490
B0103,23,461,District - Anuppur,Rural,Literate but below matric/secondary,231290,131591,99699,68230,51571,16659,45254,25808,19446,24940,16204,8736,117806,54212,63594,6187,2441,3746
B0103,23,461,District - Anuppur,Rural,Matric/secondary but below graduate,35415,23338,12077,13313,10882,2431,6558,4484,2074,3777,2821,956,15544,7972,7572,2752,1541,1211
B0103,23,461,District - Anuppur,Rural,Technical diploma or certificate not equal to degree,195,174,21,83,77,6,18,16,2,13,13,0,94,81,13,29,26,3
B0103,23,461,District - Anuppur,Rural,Graduate and above other than technical degree,8190,6491,1699,5014,4401,613,1100,935,165,732,655,77,2076,1155,921,776,479,297
B0103,23,461,District - Anuppur,Rural,Technical degree or diploma equal to degree or post-graduate degree,478,389,89,216,186,30,33,29,4,21,19,2,229,174,55,84,68,16
B0103,23,461,District - Anuppur,Urban,Total,205241,107084,98157,53896,46278,7618,7771,4680,3091,4856,3222,1634,143574,56126,87448,13740,7461,6279
B0103,23,461,District - Anuppur,Urban,Illiterate,59539,23617,35922,10910,7239,3671,3133,1194,1939,1900,826,1074,45496,15184,30312,1466,341,1125
B0103,23,461,District - Anuppur,Urban,Literate,145702,83467,62235,42986,39039,3947,4638,3486,1152,2956,2396,560,98078,40942,57136,12274,7120,5154
B0103,23,461,District - Anuppur,Urban,Literate but below matric/secondary,80592,43850,36742,18438,16806,1632,3045,2293,752,1941,1572,369,59109,24751,34358,3978,2164,1814
B0103,23,461,District - Anuppur,Urban,Matric/secondary but below graduate,40729,23980,16749,12481,11616,865,932,728,204,585,500,85,27316,11636,15680,4922,3001,1921
B0103,23,461,District - Anuppur,Urban,Technical diploma or certificate not equal to degree,1258,1138,120,784,750,34,18,18,0,11,11,0,456,370,86,175,151,24
B0103,23,461,District - Anuppur,Urban,Graduate and above other than technical degree,16139,10301,5838,8515,7450,1065,329,248,81,225,179,46,7295,2603,4692,2314,1234,1080
B0103,23,461,District - Anuppur,Urban,Technical degree or diploma equal to degree or post-graduate degree,2089,1598,491,997,889,108,37,29,8,23,20,3,1055,680,375,474,331,143
B0103,23,462,District - Sidhi,Total,Total,1127033,575912,551121,275482,194774,80708,186278,89515,96763,89663,53170,36493,665273,291623,373650,36709,15370,21339
B0103,23,462,District - Sidhi,Total,Illiterate,526248,222882,303366,118803,64530,54273,100592,34030,66562,44492,19124,25368,306853,124322,182531,9711,1594,8117
B0103,23,462,District - Sidhi,Total,Literate,600785,353030,247755,156679,130244,26435,85686,55485,30201,45171,34046,11125,358420,167301,191119,26998,13776,13222
B0103,23,462,District - Sidhi,Total,Literate but below matric/secondary,437437,242198,195239,85007,68828,16179,59213,36716,22497,30254,22117,8137,293217,136654,156563,13669,6230,7439
B0103,23,462,District - Sidhi,Total,Matric/secondary but below graduate,110770,74589,36181,44147,38527,5620,18293,13320,4973,10493,8538,1955,48330,22742,25588,9088,5076,4012
B0103,23,462,District - Sidhi,Total,Technical diploma or certificate not equal to degree,584,515,69,231,223,8,39,35,4,24,22,2,314,257,57,107,89,18
B0103,23,462,District - Sidhi,Total,Graduate and above other than technical degree,29014,21645,7369,17779,15241,2538,2944,2380,564,1820,1558,262,8291,4024,4267,2858,1647,1211
B0103,23,462,District - Sidhi,Total,Technical degree or diploma equal to degree or post-graduate degree,2354,1913,441,1178,1037,141,165,139,26,91,80,11,1011,737,274,411,321,90
B0103,23,462,District - Sidhi,Rural,Total,1033912,527378,506534,248497,174052,74445,181679,87222,94457,87245,51688,35557,603736,266104,337632,30881,12812,18069
B0103,23,462,District - Sidhi,Rural,Illiterate,496157,210229,285928,111741,60738,51003,98562,33426,65136,43536,18765,24771,285854,116065,169789,8938,1470,7468
B0103,23,462,District - Sidhi,Rural,Literate,537755,317149,220606,136756,113314,23442,83117,53796,29321,43709,32923,10786,317882,150039,167843,21943,11342,10601
B0103,23,462,District - Sidhi,Rural,Literate but below matric/secondary,402570,223630,178940,77481,62542,14939,57662,35755,21907,29386,21465,7921,267427,125333,142094,12205,5628,6577
B0103,23,462,District - Sidhi,Rural,Matric/secondary but below graduate,93920,64742,29178,38358,33370,4988,17638,12845,4793,10104,8222,1882,37924,18527,19397,6976,4008,2968
B0103,23,462,District - Sidhi,Rural,Technical diploma or certificate not equal to degree,381,347,34,117,112,5,35,32,3,21,20,1,229,203,26,81,72,9
B0103,23,462,District - Sidhi,Rural,Graduate and above other than technical degree,20365,15955,4410,12467,10865,1602,2709,2211,498,1680,1451,229,5189,2879,2310,1729,1099,630
B0103,23,462,District - Sidhi,Rural,Technical degree or diploma equal to degree or post-graduate degree,1350,1156,194,656,588,68,143,120,23,81,70,11,551,448,103,202,173,29
B0103,23,462,District - Sidhi,Urban,Total,93121,48534,44587,26985,20722,6263,4599,2293,2306,2418,1482,936,61537,25519,36018,5828,2558,3270
B0103,23,462,District - Sidhi,Urban,Illiterate,30091,12653,17438,7062,3792,3270,2030,604,1426,956,359,597,20999,8257,12742,773,124,649
B0103,23,462,District - Sidhi,Urban,Literate,63030,35881,27149,19923,16930,2993,2569,1689,880,1462,1123,339,40538,17262,23276,5055,2434,2621
B0103,23,462,District - Sidhi,Urban,Literate but below matric/secondary,34867,18568,16299,7526,6286,1240,1551,961,590,868,652,216,25790,11321,14469,1464,602,862
B0103,23,462,District - Sidhi,Urban,Matric/secondary but below graduate,16850,9847,7003,5789,5157,632,655,475,180,389,316,73,10406,4215,6191,2112,1068,1044
B0103,23,462,District - Sidhi,Urban,Technical diploma or certificate not equal to degree,203,168,35,114,111,3,4,3,1,3,2,1,85,54,31,26,17,9
B0103,23,462,District - Sidhi,Urban,Graduate and above other than technical degree,8649,5690,2959,5312,4376,936,235,169,66,140,107,33,3102,1145,1957,1129,548,581
B0103,23,462,District - Sidhi,Urban,Technical degree or diploma equal to degree or post-graduate degree,1004,757,247,522,449,73,22,19,3,10,10,0,460,289,171,209,148,61
B0103,23,463,District - Singrauli,Total,Total,1178273,613637,564636,348393,242234,106159,151046,62000,89046,55636,31223,24413,678834,309403,369431,24765,12341,12424
B0103,23,463,District - Singrauli,Total,Illiterate,593219,253714,339505,172532,91474,81058,93244,25151,68093,30891,12206,18685,327443,137089,190354,6756,1746,5010
B0103,23,463,District - Singrauli,Total,Literate,585054,359923,225131,175861,150760,25101,57802,36849,20953,24745,19017,5728,351391,172314,179077,18009,10595,7414
B0103,23,463,District - Singrauli,Total,Literate but below matric/secondary,425387,250185,175202,101065,85298,15767,41225,25658,15567,17431,13255,4176,283097,139229,143868,8736,4819,3917
B0103,23,463,District - Singrauli,Total,Matric/secondary but below graduate,88157,61343,26814,36285,32748,3537,8334,6094,2240,3942,3253,689,43538,22501,21037,5246,3333,1913
B0103,23,463,District - Singrauli,Total,Technical diploma or certificate not equal to degree,3324,3058,266,2125,2018,107,109,96,13,59,54,5,1090,944,146,303,271,32
B0103,23,463,District - Singrauli,Total,Graduate and above other than technical degree,26292,18727,7565,15789,14016,1773,1517,1200,317,771,655,116,8986,3511,5475,2054,1150,904
B0103,23,463,District - Singrauli,Total,Technical degree or diploma equal to degree or post-graduate degree,4109,3261,848,2361,2114,247,145,113,32,80,66,14,1603,1034,569,555,407,148
B0103,23,463,District - Singrauli,Rural,Total,951487,493324,458163,290474,191840,98634,140226,55419,84807,50938,27979,22959,520787,246065,274722,14321,7051,7270
B0103,23,463,District - Singrauli,Rural,Illiterate,514423,220809,293614,159067,81834,77233,88573,23103,65470,28964,11189,17775,266783,115872,150911,4844,1307,3537
B0103,23,463,District - Singrauli,Rural,Literate,437064,272515,164549,131407,110006,21401,51653,32316,19337,21974,16790,5184,254004,130193,123811,9477,5744,3733
B0103,23,463,District - Singrauli,Rural,Literate but below matric/secondary,349801,208396,141405,86359,71745,14614,37854,23221,14633,15913,12025,3888,225588,113430,112158,6146,3492,2654
B0103,23,463,District - Singrauli,Rural,Matric/secondary but below graduate,49992,37859,12133,23786,20942,2844,6962,5011,1951,3327,2747,580,19244,11906,7338,2166,1462,704
B0103,23,463,District - Singrauli,Rural,Technical diploma or certificate not equal to degree,494,472,22,191,188,3,48,46,2,29,28,1,255,238,17,71,70,1
B0103,23,463,District - Singrauli,Rural,Graduate and above other than technical degree,10849,9176,1673,7685,6911,774,1037,850,187,554,490,64,2127,1415,712,566,403,163
B0103,23,463,District - Singrauli,Rural,Technical degree or diploma equal to degree or post-graduate degree,756,659,97,409,376,33,59,51,8,31,29,2,288,232,56,98,79,19
B0103,23,463,District - Singrauli,Urban,Total,226786,120313,106473,57919,50394,7525,10820,6581,4239,4698,3244,1454,158047,63338,94709,10444,5290,5154
B0103,23,463,District - Singrauli,Urban,Illiterate,78796,32905,45891,13465,9640,3825,4671,2048,2623,1927,1017,910,60660,21217,39443,1912,439,1473
B0103,23,463,District - Singrauli,Urban,Literate,147990,87408,60582,44454,40754,3700,6149,4533,1616,2771,2227,544,97387,42121,55266,8532,4851,3681
B0103,23,463,District - Singrauli,Urban,Literate but below matric/secondary,75586,41789,33797,14706,13553,1153,3371,2437,934,1518,1230,288,57509,25799,31710,2590,1327,1263
B0103,23,463,District - Singrauli,Urban,Matric/secondary but below graduate,38165,23484,14681,12499,11806,693,1372,1083,289,615,506,109,24294,10595,13699,3080,1871,1209
B0103,23,463,District - Singrauli,Urban,Technical diploma or certificate not equal to degree,2830,2586,244,1934,1830,104,61,50,11,30,26,4,835,706,129,232,201,31
B0103,23,463,District - Singrauli,Urban,Graduate and above other than technical degree,15443,9551,5892,8104,7105,999,480,350,130,217,165,52,6859,2096,4763,1488,747,741
B0103,23,463,District - Singrauli,Urban,Technical degree or diploma equal to degree or post-graduate degree,3353,2602,751,1952,1738,214,86,62,24,49,37,12,1315,802,513,457,328,129
B0103,23,464,District - Jhabua,Total,Total,1025048,515023,510025,370641,211155,159486,144480,54334,90146,80180,33222,46958,509927,249534,260393,19149,8577,10572
B0103,23,464,District - Jhabua,Total,Illiterate,672967,300441,372526,262103,125359,136744,99501,27919,71582,58287,18812,39475,311363,147163,164200,6202,1969,4233
B0103,23,464,District - Jhabua,Total,Literate,352081,214582,137499,108538,85796,22742,44979,26415,18564,21893,14410,7483,198564,102371,96193,12947,6608,6339
B0103,23,464,District - Jhabua,Total,Literate but below matric/secondary,273735,163590,110145,68033,53775,14258,36385,21039,15346,16954,11040,5914,169317,88776,80541,6995,3486,3509
B0103,23,464,District - Jhabua,Total,Matric/secondary but below graduate,43242,28390,14852,19208,15845,3363,4897,3254,1643,2721,1954,767,19137,9291,9846,3945,2183,1762
B0103,23,464,District - Jhabua,Total,Technical diploma or certificate not equal to degree,415,361,54,246,226,20,19,15,4,13,11,2,150,120,30,53,45,8
B0103,23,464,District - Jhabua,Total,Graduate and above other than technical degree,15452,10272,5180,10553,8350,2203,716,501,215,427,333,94,4183,1421,2762,1264,532,732
B0103,23,464,District - Jhabua,Total,Technical degree or diploma equal to degree or post-graduate degree,1315,994,321,860,684,176,39,32,7,24,21,3,416,278,138,194,133,61
B0103,23,464,District - Jhabua,Rural,Total,933065,467468,465597,341710,189269,152441,140656,52502,88154,78419,32168,46251,450699,225697,225002,13904,6587,7317
B0103,23,464,District - Jhabua,Rural,Illiterate,646834,289487,357347,257266,122963,134303,98035,27507,70528,57638,18564,39074,291533,139017,152516,5538,1842,3696
B0103,23,464,District - Jhabua,Rural,Literate,286231,177981,108250,84444,66306,18138,42621,24995,17626,20781,13604,7177,159166,86680,72486,8366,4745,3621
B0103,23,464,District - Jhabua,Rural,Literate but below matric/secondary,238480,144576,93904,58847,46047,12800,34989,20188,14801,16292,10560,5732,144644,78341,66303,5362,2901,2461
B0103,23,464,District - Jhabua,Rural,Matric/secondary but below graduate,26963,19325,7638,12763,10545,2218,4341,2926,1415,2461,1768,693,9859,5854,4005,2202,1377,825
B0103,23,464,District - Jhabua,Rural,Technical diploma or certificate not equal to degree,148,120,28,75,62,13,17,14,3,12,10,2,56,44,12,23,20,3
B0103,23,464,District - Jhabua,Rural,Graduate and above other than technical degree,6032,4592,1440,4327,3601,726,505,380,125,331,267,64,1200,611,589,438,247,191
B0103,23,464,District - Jhabua,Rural,Technical degree or diploma equal to degree or post-graduate degree,459,390,69,309,263,46,22,20,2,15,14,1,128,107,21,55,48,7
B0103,23,464,District - Jhabua,Urban,Total,91983,47555,44428,28931,21886,7045,3824,1832,1992,1761,1054,707,59228,23837,35391,5245,1990,3255
B0103,23,464,District - Jhabua,Urban,Illiterate,26133,10954,15179,4837,2396,2441,1466,412,1054,649,248,401,19830,8146,11684,664,127,537
B0103,23,464,District - Jhabua,Urban,Literate,65850,36601,29249,24094,19490,4604,2358,1420,938,1112,806,306,39398,15691,23707,4581,1863,2718
B0103,23,464,District - Jhabua,Urban,Literate but below matric/secondary,35255,19014,16241,9186,7728,1458,1396,851,545,662,480,182,24673,10435,14238,1633,585,1048
B0103,23,464,District - Jhabua,Urban,Matric/secondary but below graduate,16279,9065,7214,6445,5300,1145,556,328,228,260,186,74,9278,3437,5841,1743,806,937
B0103,23,464,District - Jhabua,Urban,Technical diploma or certificate not equal to degree,267,241,26,171,164,7,2,1,1,1,1,0,94,76,18,30,25,5
B0103,23,464,District - Jhabua,Urban,Graduate and above other than technical degree,9420,5680,3740,6226,4749,1477,211,121,90,96,66,30,2983,810,2173,826,285,541
B0103,23,464,District - Jhabua,Urban,Technical degree or diploma equal to degree or post-graduate degree,856,604,252,551,421,130,17,12,5,9,7,2,288,171,117,139,85,54
B0103,23,465,District - Alirajpur,Total,Total,728999,362542,366457,265029,152147,112882,101768,36551,65217,48316,19779,28537,362202,173844,188358,11183,5187,5996
B0103,23,465,District - Alirajpur,Total,Illiterate,519245,241637,277608,209779,108937,100842,78685,23645,55040,38753,13743,25010,230781,109055,121726,4388,1597,2791
B0103,23,465,District - Alirajpur,Total,Literate,209754,120905,88849,55250,43210,12040,23083,12906,10177,9563,6036,3527,131421,64789,66632,6795,3590,3205
B0103,23,465,District - Alirajpur,Total,Literate but below matric/secondary,165449,92892,72557,33835,26609,7226,18453,10153,8300,7151,4454,2697,113161,56130,57031,3547,1825,1722
B0103,23,465,District - Alirajpur,Total,Matric/secondary but below graduate,25627,15880,9747,9912,7922,1990,2660,1670,990,1401,941,460,13055,6288,6767,2302,1269,1033
B0103,23,465,District - Alirajpur,Total,Technical diploma or certificate not equal to degree,171,111,60,87,82,5,9,8,1,4,4,0,75,21,54,17,11,6
B0103,23,465,District - Alirajpur,Total,Graduate and above other than technical degree,9180,6100,3080,6389,4960,1429,428,300,128,272,209,63,2363,840,1523,673,338,335
B0103,23,465,District - Alirajpur,Total,Technical degree or diploma equal to degree or post-graduate degree,629,472,157,400,330,70,16,14,2,10,8,2,213,128,85,89,62,27
B0103,23,465,District - Alirajpur,Rural,Total,671925,333593,338332,247463,138563,108900,99471,35487,63984,47474,19299,28175,324991,159543,165448,9123,4344,4779
B0103,23,465,District - Alirajpur,Rural,Illiterate,501113,234019,267094,206035,106808,99227,77518,23319,54199,38373,13596,24777,217560,103892,113668,4102,1539,2563
B0103,23,465,District - Alirajpur,Rural,Literate,170812,99574,71238,41428,31755,9673,21953,12168,9785,9101,5703,3398,107431,55651,51780,5021,2805,2216
B0103,23,465,District - Alirajpur,Rural,Literate but below matric/secondary,142937,80860,62077,27994,21481,6513,17706,9661,8045,6864,4244,2620,97237,49718,47519,2851,1545,1306
B0103,23,465,District - Alirajpur,Rural,Matric/secondary but below graduate,15808,10492,5316,6139,4808,1331,2421,1512,909,1281,848,433,7248,4172,3076,1610,942,668
B0103,23,465,District - Alirajpur,Rural,Technical diploma or certificate not equal to degree,49,42,7,28,26,2,9,8,1,4,4,0,12,8,4,9,5,4
B0103,23,465,District - Alirajpur,Rural,Graduate and above other than technical degree,4078,3030,1048,2926,2328,598,343,251,92,237,189,48,809,451,358,381,216,165
B0103,23,465,District - Alirajpur,Rural,Technical degree or diploma equal to degree or post-graduate degree,231,182,49,147,122,25,8,8,0,5,5,0,76,52,24,36,25,11
B0103,23,465,District - Alirajpur,Urban,Total,57074,28949,28125,17566,13584,3982,2297,1064,1233,842,480,362,37211,14301,22910,2060,843,1217
B0103,23,465,District - Alirajpur,Urban,Illiterate,18132,7618,10514,3744,2129,1615,1167,326,841,380,147,233,13221,5163,8058,286,58,228
B0103,23,465,District - Alirajpur,Urban,Literate,38942,21331,17611,13822,11455,2367,1130,738,392,462,333,129,23990,9138,14852,1774,785,989
B0103,23,465,District - Alirajpur,Urban,Literate but below matric/secondary,22512,12032,10480,5841,5128,713,747,492,255,287,210,77,15924,6412,9512,696,280,416
B0103,23,465,District - Alirajpur,Urban,Matric/secondary but below graduate,9819,5388,4431,3773,3114,659,239,158,81,120,93,27,5807,2116,3691,692,327,365
B0103,23,465,District - Alirajpur,Urban,Technical diploma or certificate not equal to degree,122,69,53,59,56,3,0,0,0,0,0,0,63,13,50,8,6,2
B0103,23,465,District - Alirajpur,Urban,Graduate and above other than technical degree,5102,3070,2032,3463,2632,831,85,49,36,35,20,15,1554,389,1165,292,122,170
B0103,23,465,District - Alirajpur,Urban,Technical degree or diploma equal to degree or post-graduate degree,398,290,108,253,208,45,8,6,2,5,3,2,137,76,61,53,37,16
B0103,23,466,District - Khandwa (East Nimar),Total,Total,1310061,674329,635732,492393,323266,169127,120583,46410,74173,59769,29367,30402,697085,304653,392432,28323,12750,15573
B0103,23,466,District - Khandwa (East Nimar),Total,Illiterate,578446,242070,336376,199464,90721,108743,63972,15891,48081,30968,10076,20892,315010,135458,179552,5861,1579,4282
B0103,23,466,District - Khandwa (East Nimar),Total,Literate,731615,432259,299356,292929,232545,60384,56611,30519,26092,28801,19291,9510,382075,169195,212880,22462,11171,11291
B0103,23,466,District - Khandwa (East Nimar),Total,Literate but below matric/secondary,573736,333982,239754,217273,169637,47636,47965,25101,22864,24224,15904,8320,308498,139244,169254,11740,5425,6315
B0103,23,466,District - Khandwa (East Nimar),Total,Matric/secondary but below graduate,97270,61463,35807,41204,36097,5107,5120,3516,1604,2822,2255,567,50946,21850,29096,6616,3735,2881
B0103,23,466,District - Khandwa (East Nimar),Total,Technical diploma or certificate not equal to degree,2656,2326,330,1326,1251,75,102,94,8,66,61,5,1228,981,247,332,273,59
B0103,23,466,District - Khandwa (East Nimar),Total,Graduate and above other than technical degree,32530,19740,12790,19230,15667,3563,956,624,332,511,364,147,12344,3449,8895,2480,1010,1470
B0103,23,466,District - Khandwa (East Nimar),Total,Technical degree or diploma equal to degree or post-graduate degree,5093,3364,1729,2731,2012,719,104,67,37,54,34,20,2258,1285,973,738,456,282
B0103,23,466,District - Khandwa (East Nimar),Rural,Total,1050625,541183,509442,417077,260429,156648,110631,40310,70321,54416,25544,28872,522917,240444,282473,16798,7788,9010
B0103,23,466,District - Khandwa (East Nimar),Rural,Illiterate,509636,212280,297356,188249,83419,104830,60853,14692,46161,29491,9356,20135,260534,114169,146365,4654,1279,3375
B0103,23,466,District - Khandwa (East Nimar),Rural,Literate,540989,328903,212086,228828,177010,51818,49778,25618,24160,24925,16188,8737,262383,126275,136108,12144,6509,5635
B0103,23,466,District - Khandwa (East Nimar),Rural,Literate but below matric/secondary,461512,274380,187132,186685,142187,44498,43123,21586,21537,21413,13638,7775,231704,110607,121097,7737,3696,4041
B0103,23,466,District - Khandwa (East Nimar),Rural,Matric/secondary but below graduate,52115,36839,15276,25525,22192,3333,3929,2625,1304,2159,1686,473,22661,12022,10639,3152,2027,1125
B0103,23,466,District - Khandwa (East Nimar),Rural,Technical diploma or certificate not equal to degree,922,839,83,417,401,16,61,55,6,40,36,4,444,383,61,136,117,19
B0103,23,466,District - Khandwa (East Nimar),Rural,Graduate and above other than technical degree,9042,6544,2498,5948,5091,857,472,338,134,275,218,57,2622,1115,1507,647,372,275
B0103,23,466,District - Khandwa (East Nimar),Rural,Technical degree or diploma equal to degree or post-graduate degree,1206,978,228,691,601,90,25,17,8,11,7,4,490,360,130,146,123,23
B0103,23,466,District - Khandwa (East Nimar),Urban,Total,259436,133146,126290,75316,62837,12479,9952,6100,3852,5353,3823,1530,174168,64209,109959,11525,4962,6563
B0103,23,466,District - Khandwa (East Nimar),Urban,Illiterate,68810,29790,39020,11215,7302,3913,3119,1199,1920,1477,720,757,54476,21289,33187,1207,300,907
B0103,23,466,District - Khandwa (East Nimar),Urban,Literate,190626,103356,87270,64101,55535,8566,6833,4901,1932,3876,3103,773,119692,42920,76772,10318,4662,5656
B0103,23,466,District - Khandwa (East Nimar),Urban,Literate but below matric/secondary,112224,59602,52622,30588,27450,3138,4842,3515,1327,2811,2266,545,76794,28637,48157,4003,1729,2274
B0103,23,466,District - Khandwa (East Nimar),Urban,Matric/secondary but below graduate,45155,24624,20531,15679,13905,1774,1191,891,300,663,569,94,28285,9828,18457,3464,1708,1756
B0103,23,466,District - Khandwa (East Nimar),Urban,Technical diploma or certificate not equal to degree,1734,1487,247,909,850,59,41,39,2,26,25,1,784,598,186,196,156,40
B0103,23,466,District - Khandwa (East Nimar),Urban,Graduate and above other than technical degree,23488,13196,10292,13282,10576,2706,484,286,198,236,146,90,9722,2334,7388,1833,638,1195
B0103,23,466,District - Khandwa (East Nimar),Urban,Technical degree or diploma equal to degree or post-graduate degree,3887,2386,1501,2040,1411,629,79,50,29,43,27,16,1768,925,843,592,333,259
B0103,23,467,District - Burhanpur,Total,Total,757847,388504,369343,274900,189074,85826,53439,22851,30588,28570,15047,13523,429508,176579,252929,16667,7253,9414
B0103,23,467,District - Burhanpur,Total,Illiterate,349168,155431,193737,117789,60567,57222,32435,10690,21745,17000,7097,9903,198944,84174,114770,3574,933,2641
B0103,23,467,District - Burhanpur,Total,Literate,408679,233073,175606,157111,128507,28604,21004,12161,8843,11570,7950,3620,230564,92405,138159,13093,6320,6773
B0103,23,467,District - Burhanpur,Total,Literate but below matric/secondary,304280,171219,133061,109696,88017,21679,17151,9752,7399,9477,6386,3091,177433,73450,103983,6907,3034,3873
B0103,23,467,District - Burhanpur,Total,Matric/secondary but below graduate,67652,39031,28621,26875,23554,3321,2467,1591,876,1397,1063,334,38310,13886,24424,3829,2051,1778
B0103,23,467,District - Burhanpur,Total,Technical diploma or certificate not equal to degree,1201,1038,163,674,648,26,29,21,8,19,14,5,498,369,129,130,104,26
B0103,23,467,District - Burhanpur,Total,Graduate and above other than technical degree,20038,12752,7286,11812,9993,1819,382,291,91,216,184,32,7844,2468,5376,1412,699,713
B0103,23,467,District - Burhanpur,Total,Technical degree or diploma equal to degree or post-graduate degree,3881,2628,1253,2215,1729,486,79,55,24,41,34,7,1587,844,743,428,280,148
B0103,23,467,District - Burhanpur,Rural,Total,497560,254978,242582,195102,122529,72573,45434,18421,27013,24338,12388,11950,257024,114028,142996,7700,3144,4556
B0103,23,467,District - Burhanpur,Rural,Illiterate,268376,119482,148894,101041,49136,51905,29327,9470,19857,15401,6398,9003,138008,60876,77132,2250,510,1740
B0103,23,467,District - Burhanpur,Rural,Literate,229184,135496,93688,94061,73393,20668,16107,8951,7156,8937,5990,2947,119016,53152,65864,5450,2634,2816
B0103,23,467,District - Burhanpur,Rural,Literate but below matric/secondary,188445,109492,78953,73655,56413,17242,13530,7406,6124,7516,4950,2566,101260,45673,55587,3289,1409,1880
B0103,23,467,District - Burhanpur,Rural,Matric/secondary but below graduate,28880,18181,10699,13362,11349,2013,1628,1014,614,946,705,241,13890,5818,8072,1569,880,689
B0103,23,467,District - Burhanpur,Rural,Technical diploma or certificate not equal to degree,384,348,36,219,213,6,14,10,4,7,5,2,151,125,26,42,36,6
B0103,23,467,District - Burhanpur,Rural,Graduate and above other than technical degree,4374,3196,1178,2809,2441,368,166,136,30,101,90,11,1399,619,780,342,183,159
B0103,23,467,District - Burhanpur,Rural,Technical degree or diploma equal to degree or post-graduate degree,992,752,240,562,468,94,38,29,9,21,19,2,392,255,137,115,81,34
B0103,23,467,District - Burhanpur,Urban,Total,260287,133526,126761,79798,66545,13253,8005,4430,3575,4232,2659,1573,172484,62551,109933,8967,4109,4858
B0103,23,467,District - Burhanpur,Urban,Illiterate,80792,35949,44843,16748,11431,5317,3108,1220,1888,1599,699,900,60936,23298,37638,1324,423,901
B0103,23,467,District - Burhanpur,Urban,Literate,179495,97577,81918,63050,55114,7936,4897,3210,1687,2633,1960,673,111548,39253,72295,7643,3686,3957
B0103,23,467,District - Burhanpur,Urban,Literate but below matric/secondary,115835,61727,54108,36041,31604,4437,3621,2346,1275,1961,1436,525,76173,27777,48396,3618,1625,1993
B0103,23,467,District - Burhanpur,Urban,Matric/secondary but below graduate,38772,20850,17922,13513,12205,1308,839,577,262,451,358,93,24420,8068,16352,2260,1171,1089
B0103,23,467,District - Burhanpur,Urban,Technical diploma or certificate not equal to degree,817,690,127,455,435,20,15,11,4,12,9,3,347,244,103,88,68,20
B0103,23,467,District - Burhanpur,Urban,Graduate and above other than technical degree,15664,9556,6108,9003,7552,1451,216,155,61,115,94,21,6445,1849,4596,1070,516,554
B0103,23,467,District - Burhanpur,Urban,Technical degree or diploma equal to degree or post-graduate degree,2889,1876,1013,1653,1261,392,41,26,15,20,15,5,1195,589,606,313,199,114
B0103,24,468,District - Kachchh,Total,Total,2092371,1096737,995634,686937,591369,95568,89291,33335,55956,20054,12125,7929,1316143,472033,844110,35865,14371,21494
B0103,24,468,District - Kachchh,Total,Illiterate,840052,357498,482554,187923,140197,47726,39706,7860,31846,7203,2900,4303,612423,209441,402982,8789,1891,6898
B0103,24,468,District - Kachchh,Total,Literate,1252319,739239,513080,499014,451172,47842,49585,25475,24110,12851,9225,3626,703720,262592,441128,27076,12480,14596
B0103,24,468,District - Kachchh,Total,Literate but below matric/secondary,878275,503565,374710,301133,272539,28594,36472,17415,19057,9813,6969,2844,540670,213611,327059,15405,7103,8302
B0103,24,468,District - Kachchh,Total,Matric/secondary but below graduate,229636,148398,81238,115640,108478,7162,7760,5007,2753,1939,1518,421,106236,34913,71323,6736,3502,3234
B0103,24,468,District - Kachchh,Total,Technical diploma or certificate not equal to degree,17426,13289,4137,12930,10644,2286,406,307,99,122,99,23,4090,2338,1752,638,389,249
B0103,24,468,District - Kachchh,Total,Graduate and above other than technical degree,64969,38378,26591,37788,32441,5347,1768,1075,693,361,215,146,25413,4862,20551,2662,849,1813
B0103,24,468,District - Kachchh,Total,Technical degree or diploma equal to degree or post-graduate degree,13666,9568,4098,9575,7856,1719,367,244,123,74,52,22,3724,1468,2256,569,233,336
B0103,24,468,District - Kachchh,Rural,Total,1363836,713524,650312,448173,382698,65475,68695,22282,46413,15517,9263,6254,846968,308544,538424,21366,8062,13304
B0103,24,468,District - Kachchh,Rural,Illiterate,622914,264339,358575,149725,111112,38613,34331,6004,28327,5975,2349,3626,438858,147223,291635,6361,1209,5152
B0103,24,468,District - Kachchh,Rural,Literate,740922,449185,291737,298448,271586,26862,34364,16278,18086,9542,6914,2628,408110,161321,246789,15005,6853,8152
B0103,24,468,District - Kachchh,Rural,Literate but below matric/secondary,586268,343728,242540,209407,189416,19991,28279,12800,15479,7844,5577,2267,348582,141512,207070,10015,4410,5605
B0103,24,468,District - Kachchh,Rural,Matric/secondary but below graduate,101282,70794,30488,56087,53292,2795,3938,2448,1490,1183,971,212,41257,15054,26203,3107,1708,1399
B0103,24,468,District - Kachchh,Rural,Technical diploma or certificate not equal to degree,8425,6636,1789,6708,5533,1175,177,138,39,66,58,8,1540,965,575,335,218,117
B0103,24,468,District - Kachchh,Rural,Graduate and above other than technical degree,17451,11510,5941,11167,10079,1088,401,259,142,111,82,29,5883,1172,4711,861,275,586
B0103,24,468,District - Kachchh,Rural,Technical degree or diploma equal to degree or post-graduate degree,4240,3184,1056,3291,2800,491,83,55,28,24,20,4,866,329,537,171,67,104
B0103,24,468,District - Kachchh,Urban,Total,728535,383213,345322,238764,208671,30093,20596,11053,9543,4537,2862,1675,469175,163489,305686,14499,6309,8190
B0103,24,468,District - Kachchh,Urban,Illiterate,217138,93159,123979,38198,29085,9113,5375,1856,3519,1228,551,677,173565,62218,111347,2428,682,1746
B0103,24,468,District - Kachchh,Urban,Literate,511397,290054,221343,200566,179586,20980,15221,9197,6024,3309,2311,998,295610,101271,194339,12071,5627,6444
B0103,24,468,District - Kachchh,Urban,Literate but below matric/secondary,292007,159837,132170,91726,83123,8603,8193,4615,3578,1969,1392,577,192088,72099,119989,5390,2693,2697
B0103,24,468,District - Kachchh,Urban,Matric/secondary but below graduate,128354,77604,50750,59553,55186,4367,3822,2559,1263,756,547,209,64979,19859,45120,3629,1794,1835
B0103,24,468,District - Kachchh,Urban,Technical diploma or certificate not equal to degree,9001,6653,2348,6222,5111,1111,229,169,60,56,41,15,2550,1373,1177,303,171,132
B0103,24,468,District - Kachchh,Urban,Graduate and above other than technical degree,47518,26868,20650,26621,22362,4259,1367,816,551,250,133,117,19530,3690,15840,1801,574,1227
B0103,24,468,District - Kachchh,Urban,Technical degree or diploma equal to degree or post-graduate degree,9426,6384,3042,6284,5056,1228,284,189,95,50,32,18,2858,1139,1719,398,166,232
B0103,24,469,District - Banas Kantha,Total,Total,3120506,1610379,1510127,1012080,779716,232364,236520,56552,179968,39098,22732,16366,1871906,774111,1097795,48740,24796,23944
B0103,24,469,District - Banas Kantha,Total,Illiterate,1415583,561977,853606,376144,218734,157410,129656,12025,117631,13057,3824,9233,909783,331218,578565,10053,2115,7938
B0103,24,469,District - Banas Kantha,Total,Literate,1704923,1048402,656521,635936,560982,74954,106864,44527,62337,26041,18908,7133,962123,442893,519230,38687,22681,16006
B0103,24,469,District - Banas Kantha,Total,Literate but below matric/secondary,1309360,763303,546057,434126,376296,57830,85622,31587,54035,18396,12742,5654,789612,355420,434192,20192,10479,9713
B0103,24,469,District - Banas Kantha,Total,Matric/secondary but below graduate,266696,198725,67971,129034,122978,6056,12975,8944,4031,4995,4211,784,124687,66803,57884,11454,7990,3464
B0103,24,469,District - Banas Kantha,Total,Technical diploma or certificate not equal to degree,20937,15235,5702,12750,9711,3039,983,739,244,591,480,111,7204,4785,2419,1802,1174,628
B0103,24,469,District - Banas Kantha,Total,Graduate and above other than technical degree,43378,31647,11731,26042,23865,2177,1585,1199,386,793,667,126,15751,6583,9168,3018,1768,1250
B0103,24,469,District - Banas Kantha,Total,Technical degree or diploma equal to degree or post-graduate degree,12932,9965,2967,7945,6848,1097,438,328,110,243,204,39,4549,2789,1760,1016,659,357
B0103,24,469,District - Banas Kantha,Rural,Total,2705591,1393741,1311850,893138,673361,219777,226398,51213,175185,35686,20500,15186,1586055,669167,916888,38051,19490,18561
B0103,24,469,District - Banas Kantha,Rural,Illiterate,1290027,512102,777925,357880,205076,152804,126496,11207,115289,12132,3508,8624,805651,295819,509832,8435,1684,6751
B0103,24,469,District - Banas Kantha,Rural,Literate,1415564,881639,533925,535258,468285,66973,99902,40006,59896,23554,16992,6562,780404,373348,407056,29616,17806,11810
B0103,24,469,District - Banas Kantha,Rural,Literate but below matric/secondary,1134102,668218,465884,386505,331457,55048,81312,28920,52392,16849,11548,5301,666285,307841,358444,16437,8487,7950
B0103,24,469,District - Banas Kantha,Rural,Matric/secondary but below graduate,192822,152117,40705,98264,93655,4609,11338,7755,3583,4416,3739,677,83220,50707,32513,8389,6193,2196
B0103,24,469,District - Banas Kantha,Rural,Technical diploma or certificate not equal to degree,14714,11481,3233,8586,7012,1574,859,673,186,543,455,88,5269,3796,1473,1461,1008,453
B0103,24,469,District - Banas Kantha,Rural,Graduate and above other than technical degree,22988,18701,4287,14694,13823,871,1094,868,226,611,538,73,7200,4010,3190,1806,1231,575
B0103,24,469,District - Banas Kantha,Rural,Technical degree or diploma equal to degree or post-graduate degree,6502,5270,1232,4046,3594,452,317,241,76,194,170,24,2139,1435,704,561,394,167
B0103,24,469,District - Banas Kantha,Urban,Total,414915,216638,198277,118942,106355,12587,10122,5339,4783,3412,2232,1180,285851,104944,180907,10689,5306,5383
B0103,24,469,District - Banas Kantha,Urban,Illiterate,125556,49875,75681,18264,13658,4606,3160,818,2342,925,316,609,104132,35399,68733,1618,431,1187
B0103,24,469,District - Banas Kantha,Urban,Literate,289359,166763,122596,100678,92697,7981,6962,4521,2441,2487,1916,571,181719,69545,112174,9071,4875,4196
B0103,24,469,District - Banas Kantha,Urban,Literate but below matric/secondary,175258,95085,80173,47621,44839,2782,4310,2667,1643,1547,1194,353,123327,47579,75748,3755,1992,1763
B0103,24,469,District - Banas Kantha,Urban,Matric/secondary but below graduate,73874,46608,27266,30770,29323,1447,1637,1189,448,579,472,107,41467,16096,25371,3065,1797,1268
B0103,24,469,District - Banas Kantha,Urban,Technical diploma or certificate not equal to degree,6223,3754,2469,4164,2699,1465,124,66,58,48,25,23,1935,989,946,341,166,175
B0103,24,469,District - Banas Kantha,Urban,Graduate and above other than technical degree,20390,12946,7444,11348,10042,1306,491,331,160,182,129,53,8551,2573,5978,1212,537,675
B0103,24,469,District - Banas Kantha,Urban,Technical degree or diploma equal to degree or post-graduate degree,6430,4695,1735,3899,3254,645,121,87,34,49,34,15,2410,1354,1056,455,265,190
B0103,24,470,District - Patan  ,Total,Total,1343734,694397,649337,446240,353815,92425,108590,29259,79331,21903,11872,10031,788904,311323,477581,23232,10155,13077
B0103,24,470,District - Patan  ,Total,Illiterate,505821,199766,306055,124421,74782,49639,49925,5447,44478,7471,2008,5463,331475,119537,211938,4486,866,3620
B0103,24,470,District - Patan  ,Total,Literate,837913,494631,343282,321819,279033,42786,58665,23812,34853,14432,9864,4568,457429,191786,265643,18746,9289,9457
B0103,24,470,District - Patan  ,Total,Literate but below matric/secondary,593479,333338,260141,201332,171354,29978,45159,16195,28964,10385,6707,3678,346988,145789,201199,9717,4089,5628
B0103,24,470,District - Patan  ,Total,Matric/secondary but below graduate,152582,102853,49729,71420,66140,5280,8062,4803,3259,2436,1970,466,73100,31910,41190,5201,3183,2018
B0103,24,470,District - Patan  ,Total,Technical diploma or certificate not equal to degree,15636,11122,4514,9308,7149,2159,689,497,192,365,289,76,5639,3476,2163,962,580,382
B0103,24,470,District - Patan  ,Total,Graduate and above other than technical degree,27407,17867,9540,14804,13282,1522,1018,693,325,381,310,71,11585,3892,7693,1511,702,809
B0103,24,470,District - Patan  ,Total,Technical degree or diploma equal to degree or post-graduate degree,8645,6294,2351,4810,4044,766,294,191,103,107,77,30,3541,2059,1482,580,364,216
B0103,24,470,District - Patan  ,Rural,Total,1062653,548324,514329,362912,280986,81926,99197,23721,75476,18756,9572,9184,600544,243617,356927,16479,6842,9637
B0103,24,470,District - Patan  ,Rural,Illiterate,432036,169754,262282,112860,66627,46233,47459,4596,42863,6605,1553,5052,271717,98531,173186,3486,561,2925
B0103,24,470,District - Patan  ,Rural,Literate,630617,378570,252047,250052,214359,35693,51738,19125,32613,12151,8019,4132,328827,145086,183741,12993,6281,6712
B0103,24,470,District - Patan  ,Rural,Literate but below matric/secondary,481550,274047,207503,171487,144100,27387,41112,13580,27532,8919,5530,3389,268951,116367,152584,7562,3001,4561
B0103,24,470,District - Patan  ,Rural,Matric/secondary but below graduate,97022,69897,27125,49775,45709,4066,6402,3576,2826,1969,1571,398,40845,20612,20233,3399,2141,1258
B0103,24,470,District - Patan  ,Rural,Technical diploma or certificate not equal to degree,9967,7588,2379,5668,4679,989,559,419,140,321,257,64,3740,2490,1250,679,427,252
B0103,24,470,District - Patan  ,Rural,Graduate and above other than technical degree,10386,7611,2775,6093,5575,518,600,388,212,265,215,50,3693,1648,2045,638,330,308
B0103,24,470,District - Patan  ,Rural,Technical degree or diploma equal to degree or post-graduate degree,3426,2577,849,1914,1655,259,166,98,68,74,54,20,1346,824,522,233,149,84
B0103,24,470,District - Patan  ,Urban,Total,281081,146073,135008,83328,72829,10499,9393,5538,3855,3147,2300,847,188360,67706,120654,6753,3313,3440
B0103,24,470,District - Patan  ,Urban,Illiterate,73785,30012,43773,11561,8155,3406,2466,851,1615,866,455,411,59758,21006,38752,1000,305,695
B0103,24,470,District - Patan  ,Urban,Literate,207296,116061,91235,71767,64674,7093,6927,4687,2240,2281,1845,436,128602,46700,81902,5753,3008,2745
B0103,24,470,District - Patan  ,Urban,Literate but below matric/secondary,111929,59291,52638,29845,27254,2591,4047,2615,1432,1466,1177,289,78037,29422,48615,2155,1088,1067
B0103,24,470,District - Patan  ,Urban,Matric/secondary but below graduate,55560,32956,22604,21645,20431,1214,1660,1227,433,467,399,68,32255,11298,20957,1802,1042,760
B0103,24,470,District - Patan  ,Urban,Technical diploma or certificate not equal to degree,5669,3534,2135,3640,2470,1170,130,78,52,44,32,12,1899,986,913,283,153,130
B0103,24,470,District - Patan  ,Urban,Graduate and above other than technical degree,17021,10256,6765,8711,7707,1004,418,305,113,116,95,21,7892,2244,5648,873,372,501
B0103,24,470,District - Patan  ,Urban,Technical degree or diploma equal to degree or post-graduate degree,5219,3717,1502,2896,2389,507,128,93,35,33,23,10,2195,1235,960,347,215,132
B0103,24,471,District - Mahesana,Total,Total,2035064,1056520,978544,698768,552121,146647,113296,36578,76718,20258,12838,7420,1223000,467821,755179,43731,19844,23887
B0103,24,471,District - Mahesana,Total,Illiterate,532419,209021,323398,106352,56126,50226,30786,3656,27130,3632,1196,2436,395281,149239,246042,4045,800,3245
B0103,24,471,District - Mahesana,Total,Literate,1502645,847499,655146,592416,495995,96421,82510,32922,49588,16626,11642,4984,827719,318582,509137,39686,19044,20642
B0103,24,471,District - Mahesana,Total,Literate but below matric/secondary,922341,480038,442303,311773,246986,64787,53861,17760,36101,9922,6694,3228,556707,215292,341415,14384,6005,8379
B0103,24,471,District - Mahesana,Total,Matric/secondary but below graduate,364669,233205,131464,171701,155706,15995,16703,8625,8078,3719,2889,830,176265,68874,107391,12933,6953,5980
B0103,24,471,District - Mahesana,Total,Technical diploma or certificate not equal to degree,38748,28918,9830,22615,18311,4304,1660,1235,425,627,521,106,14473,9372,5101,2947,1906,1041
B0103,24,471,District - Mahesana,Total,Graduate and above other than technical degree,84716,53001,31715,44446,39760,4686,3416,2090,1326,943,643,300,36854,11151,25703,5633,2313,3320
B0103,24,471,District - Mahesana,Total,Technical degree or diploma equal to degree or post-graduate degree,24334,17342,6992,12686,10804,1882,916,612,304,251,187,64,10732,5926,4806,2005,1138,867
B0103,24,471,District - Mahesana,Rural,Total,1520734,787175,733559,545869,418708,127161,93669,25080,68589,15127,9283,5844,881196,343387,537809,28599,12933,15666
B0103,24,471,District - Mahesana,Rural,Illiterate,424925,163410,261515,91565,46275,45290,27176,2535,24641,2727,795,1932,306184,114600,191584,2773,428,2345
B0103,24,471,District - Mahesana,Rural,Literate,1095809,623765,472044,454304,372433,81871,66493,22545,43948,12400,8488,3912,575012,228787,346225,25826,12505,13321
B0103,24,471,District - Mahesana,Rural,Literate but below matric/secondary,735739,384946,350793,266888,207096,59792,46779,13546,33233,7699,5065,2634,422072,164304,257768,10011,4083,5928
B0103,24,471,District - Mahesana,Rural,Matric/secondary but below graduate,244631,163195,81436,126444,113040,13404,12343,5557,6786,2611,2007,604,105844,44598,61246,8409,4553,3856
B0103,24,471,District - Mahesana,Rural,Technical diploma or certificate not equal to degree,25936,20134,5802,14576,12215,2361,1135,878,257,526,443,83,10225,7041,3184,2357,1539,818
B0103,24,471,District - Mahesana,Rural,Graduate and above other than technical degree,40301,27254,13047,22503,20398,2105,1717,923,794,616,422,194,16081,5933,10148,3190,1381,1809
B0103,24,471,District - Mahesana,Rural,Technical degree or diploma equal to degree or post-graduate degree,11050,7916,3134,5751,4919,832,418,248,170,151,112,39,4881,2749,2132,1038,559,479
B0103,24,471,District - Mahesana,Urban,Total,514330,269345,244985,152899,133413,19486,19627,11498,8129,5131,3555,1576,341804,124434,217370,15132,6911,8221
B0103,24,471,District - Mahesana,Urban,Illiterate,107494,45611,61883,14787,9851,4936,3610,1121,2489,905,401,504,89097,34639,54458,1272,372,900
B0103,24,471,District - Mahesana,Urban,Literate,406836,223734,183102,138112,123562,14550,16017,10377,5640,4226,3154,1072,252707,89795,162912,13860,6539,7321
B0103,24,471,District - Mahesana,Urban,Literate but below matric/secondary,186602,95092,91510,44885,39890,4995,7082,4214,2868,2223,1629,594,134635,50988,83647,4373,1922,2451
B0103,24,471,District - Mahesana,Urban,Matric/secondary but below graduate,120038,70010,50028,45257,42666,2591,4360,3068,1292,1108,882,226,70421,24276,46145,4524,2400,2124
B0103,24,471,District - Mahesana,Urban,Technical diploma or certificate not equal to degree,12812,8784,4028,8039,6096,1943,525,357,168,101,78,23,4248,2331,1917,590,367,223
B0103,24,471,District - Mahesana,Urban,Graduate and above other than technical degree,44415,25747,18668,21943,19362,2581,1699,1167,532,327,221,106,20773,5218,15555,2443,932,1511
B0103,24,471,District - Mahesana,Urban,Technical degree or diploma equal to degree or post-graduate degree,13284,9426,3858,6935,5885,1050,498,364,134,100,75,25,5851,3177,2674,967,579,388
B0103,24,472,District - Sabar Kantha,Total,Total,2428589,1244231,1184358,795096,598804,196292,289782,82631,207151,78822,41447,37375,1343711,562796,780915,66751,28687,38064
B0103,24,472,District - Sabar Kantha,Total,Illiterate,849855,325606,524249,188973,97727,91246,109712,11721,97991,19671,4591,15080,551170,216158,335012,9671,1603,8068
B0103,24,472,District - Sabar Kantha,Total,Literate,1578734,918625,660109,606123,501077,105046,180070,70910,109160,59151,36856,22295,792541,346638,445903,57080,27084,29996
B0103,24,472,District - Sabar Kantha,Total,Literate but below matric/secondary,971319,530348,440971,304047,243489,60558,111483,40472,71011,32985,19684,13301,555789,246387,309402,21990,8645,13345
B0103,24,472,District - Sabar Kantha,Total,Matric/secondary but below graduate,409455,262387,147068,195382,170887,24495,48294,21011,27283,18029,11933,6096,165779,70489,95290,20560,10744,9816
B0103,24,472,District - Sabar Kantha,Total,Technical diploma or certificate not equal to degree,40686,25882,14804,22294,15331,6963,3038,1948,1090,1807,1359,448,15354,8603,6751,4846,2829,2017
B0103,24,472,District - Sabar Kantha,Total,Graduate and above other than technical degree,73308,50402,22906,43679,38744,4935,5118,2695,2423,2330,1523,807,24511,8963,15548,5439,2721,2718
B0103,24,472,District - Sabar Kantha,Total,Technical degree or diploma equal to degree or post-graduate degree,21120,15477,5643,12171,10315,1856,1497,830,667,771,461,310,7452,4332,3120,1995,1110,885
B0103,24,472,District - Sabar Kantha,Rural,Total,2064869,1056141,1008728,689778,510503,179275,273132,74058,199074,72992,37852,35140,1101959,471580,630379,52015,21966,30049
B0103,24,472,District - Sabar Kantha,Rural,Illiterate,756880,287636,469244,175724,89424,86300,105164,10418,94746,17986,3886,14100,475992,187794,288198,7529,1108,6421
B0103,24,472,District - Sabar Kantha,Rural,Literate,1307989,768505,539484,514054,421079,92975,167968,63640,104328,55006,33966,21040,625967,283786,342181,44486,20858,23628
B0103,24,472,District - Sabar Kantha,Rural,Literate but below matric/secondary,832507,458077,374430,269875,213454,56421,105048,36890,68158,30610,18100,12510,457584,207733,249851,16702,6212,10490
B0103,24,472,District - Sabar Kantha,Rural,Matric/secondary but below graduate,333498,217850,115648,166563,144328,22235,45153,18873,26280,17028,11151,5877,121782,54649,67133,16651,8672,7979
B0103,24,472,District - Sabar Kantha,Rural,Technical diploma or certificate not equal to degree,31787,21173,10614,16898,12186,4712,2731,1783,948,1716,1295,421,12158,7204,4954,4246,2512,1734
B0103,24,472,District - Sabar Kantha,Rural,Graduate and above other than technical degree,47208,34190,13018,29493,26381,3112,4228,2115,2113,2024,1325,699,13487,5694,7793,3804,1972,1832
B0103,24,472,District - Sabar Kantha,Rural,Technical degree or diploma equal to degree or post-graduate degree,13405,9877,3528,7738,6623,1115,1218,626,592,685,399,286,4449,2628,1821,1432,786,646
B0103,24,472,District - Sabar Kantha,Urban,Total,363720,188090,175630,105318,88301,17017,16650,8573,8077,5830,3595,2235,241752,91216,150536,14736,6721,8015
B0103,24,472,District - Sabar Kantha,Urban,Illiterate,92975,37970,55005,13249,8303,4946,4548,1303,3245,1685,705,980,75178,28364,46814,2142,495,1647
B0103,24,472,District - Sabar Kantha,Urban,Literate,270745,150120,120625,92069,79998,12071,12102,7270,4832,4145,2890,1255,166574,62852,103722,12594,6226,6368
B0103,24,472,District - Sabar Kantha,Urban,Literate but below matric/secondary,138812,72271,66541,34172,30035,4137,6435,3582,2853,2375,1584,791,98205,38654,59551,5288,2433,2855
B0103,24,472,District - Sabar Kantha,Urban,Matric/secondary but below graduate,75957,44537,31420,28819,26559,2260,3141,2138,1003,1001,782,219,43997,15840,28157,3909,2072,1837
B0103,24,472,District - Sabar Kantha,Urban,Technical diploma or certificate not equal to degree,8899,4709,4190,5396,3145,2251,307,165,142,91,64,27,3196,1399,1797,600,317,283
B0103,24,472,District - Sabar Kantha,Urban,Graduate and above other than technical degree,26100,16212,9888,14186,12363,1823,890,580,310,306,198,108,11024,3269,7755,1635,749,886
B0103,24,472,District - Sabar Kantha,Urban,Technical degree or diploma equal to degree or post-graduate degree,7715,5600,2115,4433,3692,741,279,204,75,86,62,24,3003,1704,1299,563,324,239
B0103,24,473,District - Gandhinagar,Total,Total,1391753,723864,667889,451951,372747,79204,83025,35328,47697,19960,12978,6982,856777,315789,540988,37658,15890,21768
B0103,24,473,District - Gandhinagar,Total,Illiterate,361259,141178,220081,58140,33491,24649,20649,4263,16386,4125,1617,2508,282470,103424,179046,4500,793,3707
B0103,24,473,District - Gandhinagar,Total,Literate,1030494,582686,447808,393811,339256,54555,62376,31065,31311,15835,11361,4474,574307,212365,361942,33158,15097,18061
B0103,24,473,District - Gandhinagar,Total,Literate but below matric/secondary,607212,320587,286625,193017,162327,30690,39075,17181,21894,9346,6560,2786,375120,141079,234041,12764,5081,7683
B0103,24,473,District - Gandhinagar,Total,Matric/secondary but below graduate,244451,156296,88155,110765,102121,8644,12609,7920,4689,3624,2895,729,121077,46255,74822,10753,5771,4982
B0103,24,473,District - Gandhinagar,Total,Technical diploma or certificate not equal to degree,17736,11812,5924,10302,7706,2596,803,529,274,274,207,67,6631,3577,3054,1125,698,427
B0103,24,473,District - Gandhinagar,Total,Graduate and above other than technical degree,81470,49078,32392,43463,37108,6355,3377,1971,1406,902,523,379,34630,9999,24631,5033,1922,3111
B0103,24,473,District - Gandhinagar,Total,Technical degree or diploma equal to degree or post-graduate degree,21197,14721,6476,11627,9433,2194,916,578,338,241,148,93,8654,4710,3944,1681,970,711
B0103,24,473,District - Gandhinagar,Rural,Total,791126,408436,382690,269978,216773,53205,56975,19623,37352,11570,7398,4172,464173,172040,292133,15068,6002,9066
B0103,24,473,District - Gandhinagar,Rural,Illiterate,227153,85131,142022,40791,21789,19002,15265,2195,13070,2191,771,1420,171097,61147,109950,2216,314,1902
B0103,24,473,District - Gandhinagar,Rural,Literate,563973,323305,240668,229187,194984,34203,41710,17428,24282,9379,6627,2752,293076,110893,182183,12852,5688,7164
B0103,24,473,District - Gandhinagar,Rural,Literate but below matric/secondary,382781,203503,179278,134782,110512,24270,28781,10571,18210,5894,4007,1887,219218,82420,136798,6109,2244,3865
B0103,24,473,District - Gandhinagar,Rural,Matric/secondary but below graduate,117500,81184,36316,61907,56811,5096,7508,4266,3242,2010,1630,380,48085,20107,27978,3846,2108,1738
B0103,24,473,District - Gandhinagar,Rural,Technical diploma or certificate not equal to degree,6490,4487,2003,3312,2520,792,400,262,138,154,116,38,2778,1705,1073,549,346,203
B0103,24,473,District - Gandhinagar,Rural,Graduate and above other than technical degree,19441,13358,6083,11634,10536,1098,1090,578,512,323,186,137,6717,2244,4473,1207,528,679
B0103,24,473,District - Gandhinagar,Rural,Technical degree or diploma equal to degree or post-graduate degree,3939,2816,1123,2142,1790,352,202,110,92,55,31,24,1595,916,679,333,182,151
B0103,24,473,District - Gandhinagar,Urban,Total,600627,315428,285199,181973,155974,25999,26050,15705,10345,8390,5580,2810,392604,143749,248855,22590,9888,12702
B0103,24,473,District - Gandhinagar,Urban,Illiterate,134106,56047,78059,17349,11702,5647,5384,2068,3316,1934,846,1088,111373,42277,69096,2284,479,1805
B0103,24,473,District - Gandhinagar,Urban,Literate,466521,259381,207140,164624,144272,20352,20666,13637,7029,6456,4734,1722,281231,101472,179759,20306,9409,10897
B0103,24,473,District - Gandhinagar,Urban,Literate but below matric/secondary,224431,117084,107347,58235,51815,6420,10294,6610,3684,3452,2553,899,155902,58659,97243,6655,2837,3818
B0103,24,473,District - Gandhinagar,Urban,Matric/secondary but below graduate,126951,75112,51839,48858,45310,3548,5101,3654,1447,1614,1265,349,72992,26148,46844,6907,3663,3244
B0103,24,473,District - Gandhinagar,Urban,Technical diploma or certificate not equal to degree,11246,7325,3921,6990,5186,1804,403,267,136,120,91,29,3853,1872,1981,576,352,224
B0103,24,473,District - Gandhinagar,Urban,Graduate and above other than technical degree,62029,35720,26309,31829,26572,5257,2287,1393,894,579,337,242,27913,7755,20158,3826,1394,2432
B0103,24,473,District - Gandhinagar,Urban,Technical degree or diploma equal to degree or post-graduate degree,17258,11905,5353,9485,7643,1842,714,468,246,186,117,69,7059,3794,3265,1348,788,560
B0103,24,474,District - Ahmadabad,Total,Total,7214225,3788051,3426174,2332409,2005714,326695,262543,121833,140710,71104,43320,27784,4619273,1660504,2958769,183463,83300,100163
B0103,24,474,District - Ahmadabad,Total,Illiterate,1778465,762588,1015877,288154,201809,86345,71698,17352,54346,15857,6378,9479,1418613,543427,875186,22300,6121,16179
B0103,24,474,District - Ahmadabad,Total,Literate,5435760,3025463,2410297,2044255,1803905,240350,190845,104481,86364,55247,36942,18305,3200660,1117077,2083583,161163,77179,83984
B0103,24,474,District - Ahmadabad,Total,Literate but below matric/secondary,2889844,1550958,1338886,880313,785496,94817,110763,56404,54359,32955,22015,10940,1898768,709058,1189710,67448,31104,36344
B0103,24,474,District - Ahmadabad,Total,Matric/secondary but below graduate,1443763,847250,596513,599911,554469,45442,42338,26645,15693,13089,9372,3717,801514,266136,535378,52509,28035,24474
B0103,24,474,District - Ahmadabad,Total,Technical diploma or certificate not equal to degree,88967,60394,28573,53634,42664,10970,2527,1735,792,736,537,199,32806,15995,16811,3806,2300,1506
B0103,24,474,District - Ahmadabad,Total,Graduate and above other than technical degree,678226,371092,307134,352036,290794,61242,17851,9778,8073,4382,2433,1949,308339,70520,237819,25002,9330,15672
B0103,24,474,District - Ahmadabad,Total,Technical degree or diploma equal to degree or post-graduate degree,139404,96149,43255,83652,66949,16703,4034,2669,1365,1012,678,334,51718,26531,25187,6724,3957,2767
B0103,24,474,District - Ahmadabad,Rural,Total,1151178,595583,555595,374763,311753,63010,98461,29781,68680,21245,11542,9703,677954,254049,423905,18237,7948,10289
B0103,24,474,District - Ahmadabad,Rural,Illiterate,448100,172605,275495,95540,61782,33758,42189,5852,36337,6876,2044,4832,310371,104971,205400,4137,689,3448
B0103,24,474,District - Ahmadabad,Rural,Literate,703078,422978,280100,279223,249971,29252,56272,23929,32343,14369,9498,4871,367583,149078,218505,14100,7259,6841
B0103,24,474,District - Ahmadabad,Rural,Literate but below matric/secondary,543049,311988,231061,195986,173339,22647,44538,17630,26908,10991,6986,4005,302525,121019,181506,8594,3766,4828
B0103,24,474,District - Ahmadabad,Rural,Matric/secondary but below graduate,101625,73378,28247,53029,49883,3146,6474,3830,2644,2071,1622,449,42122,19665,22457,3329,2190,1139
B0103,24,474,District - Ahmadabad,Rural,Technical diploma or certificate not equal to degree,6475,5130,1345,3476,2944,532,341,254,87,151,123,28,2658,1932,726,549,393,156
B0103,24,474,District - Ahmadabad,Rural,Graduate and above other than technical degree,13594,10398,3196,8634,8119,515,626,413,213,250,197,53,4334,1866,2468,714,431,283
B0103,24,474,District - Ahmadabad,Rural,Technical degree or diploma equal to degree or post-graduate degree,2565,2060,505,1499,1362,137,140,108,32,60,49,11,926,590,336,187,120,67
B0103,24,474,District - Ahmadabad,Urban,Total,6063047,3192468,2870579,1957646,1693961,263685,164082,92052,72030,49859,31778,18081,3941319,1406455,2534864,165226,75352,89874
B0103,24,474,District - Ahmadabad,Urban,Illiterate,1330365,589983,740382,192614,140027,52587,29509,11500,18009,8981,4334,4647,1108242,438456,669786,18163,5432,12731
B0103,24,474,District - Ahmadabad,Urban,Literate,4732682,2602485,2130197,1765032,1553934,211098,134573,80552,54021,40878,27444,13434,2833077,967999,1865078,147063,69920,77143
B0103,24,474,District - Ahmadabad,Urban,Literate but below matric/secondary,2346795,1238970,1107825,684327,612157,72170,66225,38774,27451,21964,15029,6935,1596243,588039,1008204,58854,27338,31516
B0103,24,474,District - Ahmadabad,Urban,Matric/secondary but below graduate,1342138,773872,568266,546882,504586,42296,35864,22815,13049,11018,7750,3268,759392,246471,512921,49180,25845,23335
B0103,24,474,District - Ahmadabad,Urban,Technical diploma or certificate not equal to degree,82492,55264,27228,50158,39720,10438,2186,1481,705,585,414,171,30148,14063,16085,3257,1907,1350
B0103,24,474,District - Ahmadabad,Urban,Graduate and above other than technical degree,664632,360694,303938,343402,282675,60727,17225,9365,7860,4132,2236,1896,304005,68654,235351,24288,8899,15389
B0103,24,474,District - Ahmadabad,Urban,Technical degree or diploma equal to degree or post-graduate degree,136839,94089,42750,82153,65587,16566,3894,2561,1333,952,629,323,50792,25941,24851,6537,3837,2700
B0103,24,475,District - Surendranagar,Total,Total,1756268,909917,846351,586364,470081,116283,137136,33957,103179,36727,15702,21025,1032768,405879,626889,39964,16658,23306
B0103,24,475,District - Surendranagar,Total,Illiterate,662642,266696,395946,163907,101514,62393,60429,6394,54035,13162,2658,10504,438306,158788,279518,8837,1432,7405
B0103,24,475,District - Surendranagar,Total,Literate,1093626,643221,450405,422457,368567,53890,76707,27563,49144,23565,13044,10521,594462,247091,347371,31127,15226,15901
B0103,24,475,District - Surendranagar,Total,Literate but below matric/secondary,815167,463239,351928,290493,249312,41181,62690,20550,42140,18480,9523,8957,461984,193377,268607,17373,7177,10196
B0103,24,475,District - Surendranagar,Total,Matric/secondary but below graduate,178368,117401,60967,78974,74024,4950,8246,4426,3820,2900,2144,756,91148,38951,52197,8206,5082,3124
B0103,24,475,District - Surendranagar,Total,Technical diploma or certificate not equal to degree,13684,9658,4026,8318,6499,1819,476,332,144,273,204,69,4890,2827,2063,1011,619,392
B0103,24,475,District - Surendranagar,Total,Graduate and above other than technical degree,41904,26986,14918,22876,20717,2159,1156,772,384,507,378,129,17872,5497,12375,2733,1407,1326
B0103,24,475,District - Surendranagar,Total,Technical degree or diploma equal to degree or post-graduate degree,9450,6976,2474,5429,4647,782,296,208,88,166,122,44,3725,2121,1604,830,510,320
B0103,24,475,District - Surendranagar,Rural,Total,1259352,649475,609877,431905,334584,97321,123791,27099,96692,31488,12472,19016,703656,287792,415864,23937,9893,14044
B0103,24,475,District - Surendranagar,Rural,Illiterate,528649,211818,316831,140496,85097,55399,56649,5271,51378,11906,2136,9770,331504,121450,210054,6124,863,5261
B0103,24,475,District - Surendranagar,Rural,Literate,730703,437657,293046,291409,249487,41922,67142,21828,45314,19582,10336,9246,372152,166342,205810,17813,9030,8783
B0103,24,475,District - Surendranagar,Rural,Literate but below matric/secondary,594597,343057,251540,222826,187806,35020,56205,16815,39390,15671,7624,8047,315566,138436,177130,10893,4495,6398
B0103,24,475,District - Surendranagar,Rural,Matric/secondary but below graduate,91225,65158,26067,44379,41121,3258,6437,3188,3249,2210,1627,583,40409,20849,19560,4528,3057,1471
B0103,24,475,District - Surendranagar,Rural,Technical diploma or certificate not equal to degree,6443,5036,1407,3904,3245,659,333,249,84,215,170,45,2206,1542,664,585,400,185
B0103,24,475,District - Surendranagar,Rural,Graduate and above other than technical degree,10794,8276,2518,6333,5935,398,619,432,187,324,266,58,3842,1909,1933,924,601,323
B0103,24,475,District - Surendranagar,Rural,Technical degree or diploma equal to degree or post-graduate degree,2947,2393,554,1760,1580,180,161,124,37,101,85,16,1026,689,337,300,210,90
B0103,24,475,District - Surendranagar,Urban,Total,496916,260442,236474,154459,135497,18962,13345,6858,6487,5239,3230,2009,329112,118087,211025,16027,6765,9262
B0103,24,475,District - Surendranagar,Urban,Illiterate,133993,54878,79115,23411,16417,6994,3780,1123,2657,1256,522,734,106802,37338,69464,2713,569,2144
B0103,24,475,District - Surendranagar,Urban,Literate,362923,205564,157359,131048,119080,11968,9565,5735,3830,3983,2708,1275,222310,80749,141561,13314,6196,7118
B0103,24,475,District - Surendranagar,Urban,Literate but below matric/secondary,220570,120182,100388,67667,61506,6161,6485,3735,2750,2809,1899,910,146418,54941,91477,6480,2682,3798
B0103,24,475,District - Surendranagar,Urban,Matric/secondary but below graduate,87143,52243,34900,34595,32903,1692,1809,1238,571,690,517,173,50739,18102,32637,3678,2025,1653
B0103,24,475,District - Surendranagar,Urban,Technical diploma or certificate not equal to degree,7241,4622,2619,4414,3254,1160,143,83,60,58,34,24,2684,1285,1399,426,219,207
B0103,24,475,District - Surendranagar,Urban,Graduate and above other than technical degree,31110,18710,12400,16543,14782,1761,537,340,197,183,112,71,14030,3588,10442,1809,806,1003
B0103,24,475,District - Surendranagar,Urban,Technical degree or diploma equal to degree or post-graduate degree,6503,4583,1920,3669,3067,602,135,84,51,65,37,28,2699,1432,1267,530,300,230
B0103,24,476,District - Rajkot,Total,Total,3804558,1974445,1830113,1324783,1106368,218415,154267,53112,101155,23265,13052,10213,2325508,814965,1510543,60467,25654,34813
B0103,24,476,District - Rajkot,Total,Illiterate,1079502,460370,619132,233627,156354,77273,45709,8465,37244,5179,1812,3367,800166,295551,504615,7916,1920,5996
B0103,24,476,District - Rajkot,Total,Literate,2725056,1514075,1210981,1091156,950014,141142,108558,44647,63911,18086,11240,6846,1525342,519414,1005928,52551,23734,28817
B0103,24,476,District - Rajkot,Total,Literate but below matric/secondary,1609415,891063,718352,585011,503080,81931,68233,25863,42370,11214,6996,4218,956171,362120,594051,21834,9369,12465
B0103,24,476,District - Rajkot,Total,Matric/secondary but below graduate,660839,382963,277876,290946,266181,24765,22254,10650,11604,3832,2519,1313,347639,106132,241507,16860,8642,8218
B0103,24,476,District - Rajkot,Total,Technical diploma or certificate not equal to degree,27941,17718,10223,16150,11935,4215,776,483,293,221,138,83,11015,5300,5715,1221,643,578
B0103,24,476,District - Rajkot,Total,Graduate and above other than technical degree,198085,102278,95807,94142,81317,12825,5059,2587,2472,1069,549,520,98884,18374,80510,7243,2592,4651
B0103,24,476,District - Rajkot,Total,Technical degree or diploma equal to degree or post-graduate degree,37361,26257,11104,21175,17704,3471,959,619,340,233,142,91,15227,7934,7293,1989,1196,793
B0103,24,476,District - Rajkot,Rural,Total,1590508,816264,774244,605253,465411,139842,103279,23901,79378,12873,6103,6770,881976,326952,555024,19401,7929,11472
B0103,24,476,District - Rajkot,Rural,Illiterate,546573,223509,323064,144004,87639,56365,35614,4397,31217,3233,770,2463,366955,131473,235482,2959,559,2400
B0103,24,476,District - Rajkot,Rural,Literate,1043935,592755,451180,461249,377772,83477,67665,19504,48161,9640,5333,4307,515021,195479,319542,16442,7370,9072
B0103,24,476,District - Rajkot,Rural,Literate but below matric/secondary,736425,416246,320179,308768,250565,58203,46824,12970,33854,6379,3493,2886,380833,152711,228122,7543,3155,4388
B0103,24,476,District - Rajkot,Rural,Matric/secondary but below graduate,191700,114545,77155,94023,80829,13194,11626,3814,7812,1818,1076,742,86051,29902,56149,5082,2582,2500
B0103,24,476,District - Rajkot,Rural,Technical diploma or certificate not equal to degree,7130,4735,2395,3995,2828,1167,313,185,128,128,79,49,2822,1722,1100,565,275,290
B0103,24,476,District - Rajkot,Rural,Graduate and above other than technical degree,25392,14220,11172,12691,10953,1738,1464,548,916,415,217,198,11237,2719,8518,1665,690,975
B0103,24,476,District - Rajkot,Rural,Technical degree or diploma equal to degree or post-graduate degree,4721,3610,1111,2667,2330,337,191,123,68,73,47,26,1863,1157,706,422,263,159
B0103,24,476,District - Rajkot,Urban,Total,2214050,1158181,1055869,719530,640957,78573,50988,29211,21777,10392,6949,3443,1443532,488013,955519,41066,17725,23341
B0103,24,476,District - Rajkot,Urban,Illiterate,532929,236861,296068,89623,68715,20908,10095,4068,6027,1946,1042,904,433211,164078,269133,4957,1361,3596
B0103,24,476,District - Rajkot,Urban,Literate,1681121,921320,759801,629907,572242,57665,40893,25143,15750,8446,5907,2539,1010321,323935,686386,36109,16364,19745
B0103,24,476,District - Rajkot,Urban,Literate but below matric/secondary,872990,474817,398173,276243,252515,23728,21409,12893,8516,4835,3503,1332,575338,209409,365929,14291,6214,8077
B0103,24,476,District - Rajkot,Urban,Matric/secondary but below graduate,469139,268418,200721,196923,185352,11571,10628,6836,3792,2014,1443,571,261588,76230,185358,11778,6060,5718
B0103,24,476,District - Rajkot,Urban,Technical diploma or certificate not equal to degree,20811,12983,7828,12155,9107,3048,463,298,165,93,59,34,8193,3578,4615,656,368,288
B0103,24,476,District - Rajkot,Urban,Graduate and above other than technical degree,172693,88058,84635,81451,70364,11087,3595,2039,1556,654,332,322,87647,15655,71992,5578,1902,3676
B0103,24,476,District - Rajkot,Urban,Technical degree or diploma equal to degree or post-graduate degree,32640,22647,9993,18508,15374,3134,768,496,272,160,95,65,13364,6777,6587,1567,933,634
B0103,24,477,District - Jamnagar,Total,Total,2160119,1114192,1045927,721253,604615,116638,126187,42207,83980,21888,13132,8756,1312679,467370,845309,35439,17034,18405
B0103,24,477,District - Jamnagar,Total,Illiterate,763585,319052,444533,174632,124361,50271,46530,9100,37430,6569,3002,3567,542423,185591,356832,5973,1955,4018
B0103,24,477,District - Jamnagar,Total,Literate,1396534,795140,601394,546621,480254,66367,79657,33107,46550,15319,10130,5189,770256,281779,488477,29466,15079,14387
B0103,24,477,District - Jamnagar,Total,Literate but below matric/secondary,951660,533756,417904,341104,297900,43204,56403,20861,35542,10375,6771,3604,554153,214995,339158,13743,7080,6663
B0103,24,477,District - Jamnagar,Total,Matric/secondary but below graduate,257867,156349,101518,114719,105288,9431,13031,6920,6111,2782,2018,764,130117,44141,85976,8471,4803,3668
B0103,24,477,District - Jamnagar,Total,Technical diploma or certificate not equal to degree,15190,10142,5048,9220,6865,2355,614,405,209,233,164,69,5356,2872,2484,775,449,326
B0103,24,477,District - Jamnagar,Total,Graduate and above other than technical degree,73349,40187,33162,36461,31493,4968,3006,1629,1377,721,408,313,33882,7065,26817,3717,1422,2295
B0103,24,477,District - Jamnagar,Total,Technical degree or diploma equal to degree or post-graduate degree,17425,12579,4846,10966,9324,1642,644,432,212,177,116,61,5815,2823,2992,902,498,404
B0103,24,477,District - Jamnagar,Rural,Total,1189054,610088,578966,422619,341513,81106,89948,21123,68825,12157,6955,5202,676487,247452,429035,13441,6322,7119
B0103,24,477,District - Jamnagar,Rural,Illiterate,473319,195090,278229,122763,84457,38306,37006,5030,31976,3597,1487,2110,313550,105603,207947,2357,599,1758
B0103,24,477,District - Jamnagar,Rural,Literate,715735,414998,300737,299856,257056,42800,52942,16093,36849,8560,5468,3092,362937,141849,221088,11084,5723,5361
B0103,24,477,District - Jamnagar,Rural,Literate but below matric/secondary,560826,318300,242526,221308,188448,32860,41484,11668,29816,6128,3806,2322,298034,118184,179850,5834,2790,3044
B0103,24,477,District - Jamnagar,Rural,Matric/secondary but below graduate,99603,64275,35328,49905,44725,5180,7055,2790,4265,1434,1047,387,42643,16760,25883,3021,1856,1165
B0103,24,477,District - Jamnagar,Rural,Technical diploma or certificate not equal to degree,6091,4284,1807,3694,2714,980,314,197,117,159,104,55,2083,1373,710,417,239,178
B0103,24,477,District - Jamnagar,Rural,Graduate and above other than technical degree,14066,8610,5456,7457,6532,925,866,371,495,322,202,120,5743,1707,4036,1093,510,583
B0103,24,477,District - Jamnagar,Rural,Technical degree or diploma equal to degree or post-graduate degree,3407,2556,851,2230,1896,334,142,92,50,76,57,19,1035,568,467,240,137,103
B0103,24,477,District - Jamnagar,Urban,Total,971065,504104,466961,298634,263102,35532,36239,21084,15155,9731,6177,3554,636192,219918,416274,21998,10712,11286
B0103,24,477,District - Jamnagar,Urban,Illiterate,290266,123962,166304,51869,39904,11965,9524,4070,5454,2972,1515,1457,228873,79988,148885,3616,1356,2260
B0103,24,477,District - Jamnagar,Urban,Literate,680799,380142,300657,246765,223198,23567,26715,17014,9701,6759,4662,2097,407319,139930,267389,18382,9356,9026
B0103,24,477,District - Jamnagar,Urban,Literate but below matric/secondary,390834,215456,175378,119796,109452,10344,14919,9193,5726,4247,2965,1282,256119,96811,159308,7909,4290,3619
B0103,24,477,District - Jamnagar,Urban,Matric/secondary but below graduate,158264,92074,66190,64814,60563,4251,5976,4130,1846,1348,971,377,87474,27381,60093,5450,2947,2503
B0103,24,477,District - Jamnagar,Urban,Technical diploma or certificate not equal to degree,9099,5858,3241,5526,4151,1375,300,208,92,74,60,14,3273,1499,1774,358,210,148
B0103,24,477,District - Jamnagar,Urban,Graduate and above other than technical degree,59283,31577,27706,29004,24961,4043,2140,1258,882,399,206,193,28139,5358,22781,2624,912,1712
B0103,24,477,District - Jamnagar,Urban,Technical degree or diploma equal to degree or post-graduate degree,14018,10023,3995,8736,7428,1308,502,340,162,101,59,42,4780,2255,2525,662,361,301
B0103,24,478,District - Porbandar ,Total,Total,585449,300209,285240,195437,160952,34485,35732,13166,22566,8001,4532,3469,354280,126091,228189,11770,5503,6267
B0103,24,478,District - Porbandar ,Total,Illiterate,191771,78588,113183,44536,29656,14880,12465,2455,10010,2272,745,1527,134770,46477,88293,1600,371,1229
B0103,24,478,District - Porbandar ,Total,Literate,393678,221621,172057,150901,131296,19605,23267,10711,12556,5729,3787,1942,219510,79614,139896,10170,5132,5038
B0103,24,478,District - Porbandar ,Total,Literate but below matric/secondary,268127,147810,120317,94506,81490,13016,15952,6805,9147,4069,2588,1481,157669,59515,98154,5127,2411,2716
B0103,24,478,District - Porbandar ,Total,Matric/secondary but below graduate,67158,41456,25702,29354,27103,2251,2928,1752,1176,749,572,177,34876,12601,22275,2569,1512,1057
B0103,24,478,District - Porbandar ,Total,Technical diploma or certificate not equal to degree,2976,1897,1079,1640,1153,487,127,77,50,47,35,12,1209,667,542,198,112,86
B0103,24,478,District - Porbandar ,Total,Graduate and above other than technical degree,16249,9503,6746,8223,7035,1188,732,474,258,182,131,51,7294,1994,5300,1031,467,564
B0103,24,478,District - Porbandar ,Total,Technical degree or diploma equal to degree or post-graduate degree,3890,2632,1258,2180,1752,428,155,91,64,51,33,18,1555,789,766,283,172,111
B0103,24,478,District - Porbandar ,Rural,Total,299775,153260,146515,106890,84447,22443,25620,6655,18965,5399,2737,2662,167265,62158,105107,4790,1935,2855
B0103,24,478,District - Porbandar ,Rural,Illiterate,116582,47522,69060,30444,20024,10420,10258,1561,8697,1707,487,1220,75880,25937,49943,911,161,750
B0103,24,478,District - Porbandar ,Rural,Literate,183193,105738,77455,76446,64423,12023,15362,5094,10268,3692,2250,1442,91385,36221,55164,3879,1774,2105
B0103,24,478,District - Porbandar ,Rural,Literate but below matric/secondary,137269,77353,59916,53580,44601,8979,11455,3641,7814,2783,1619,1164,72234,29111,43123,2078,808,1270
B0103,24,478,District - Porbandar ,Rural,Matric/secondary but below graduate,24711,16297,8414,12286,11043,1243,1568,684,884,407,294,113,10857,4570,6287,939,551,388
B0103,24,478,District - Porbandar ,Rural,Technical diploma or certificate not equal to degree,1127,764,363,639,455,184,62,44,18,34,27,7,426,265,161,94,52,42
B0103,24,478,District - Porbandar ,Rural,Graduate and above other than technical degree,3525,2310,1215,1922,1700,222,198,112,86,81,62,19,1405,498,907,291,145,146
B0103,24,478,District - Porbandar ,Rural,Technical degree or diploma equal to degree or post-graduate degree,936,664,272,551,451,100,43,28,15,22,16,6,342,185,157,77,44,33
B0103,24,478,District - Porbandar ,Urban,Total,285674,146949,138725,88547,76505,12042,10112,6511,3601,2602,1795,807,187015,63933,123082,6980,3568,3412
B0103,24,478,District - Porbandar ,Urban,Illiterate,75189,31066,44123,14092,9632,4460,2207,894,1313,565,258,307,58890,20540,38350,689,210,479
B0103,24,478,District - Porbandar ,Urban,Literate,210485,115883,94602,74455,66873,7582,7905,5617,2288,2037,1537,500,128125,43393,84732,6291,3358,2933
B0103,24,478,District - Porbandar ,Urban,Literate but below matric/secondary,130858,70457,60401,40926,36889,4037,4497,3164,1333,1286,969,317,85435,30404,55031,3049,1603,1446
B0103,24,478,District - Porbandar ,Urban,Matric/secondary but below graduate,42447,25159,17288,17068,16060,1008,1360,1068,292,342,278,64,24019,8031,15988,1630,961,669
B0103,24,478,District - Porbandar ,Urban,Technical diploma or certificate not equal to degree,1849,1133,716,1001,698,303,65,33,32,13,8,5,783,402,381,104,60,44
B0103,24,478,District - Porbandar ,Urban,Graduate and above other than technical degree,12724,7193,5531,6301,5335,966,534,362,172,101,69,32,5889,1496,4393,740,322,418
B0103,24,478,District - Porbandar ,Urban,Technical degree or diploma equal to degree or post-graduate degree,2954,1968,986,1629,1301,328,112,63,49,29,17,12,1213,604,609,206,128,78
B0103,24,479,District - Junagadh,Total,Total,2743082,1404356,1338726,942709,756431,186278,181000,45428,135572,27072,14320,12752,1619373,602497,1016876,55883,25549,30334
B0103,24,479,District - Junagadh,Total,Illiterate,900264,357375,542889,224732,140236,84496,63981,7755,56226,6475,1847,4628,611551,209384,402167,7345,1670,5675
B0103,24,479,District - Junagadh,Total,Literate,1842818,1046981,795837,717977,616195,101782,117019,37673,79346,20597,12473,8124,1007822,393113,614709,48538,23879,24659
B0103,24,479,District - Junagadh,Total,Literate but below matric/secondary,1181454,659786,521668,420375,357256,63119,74504,21611,52893,11300,6638,4662,686575,280919,405656,18182,8154,10028
B0103,24,479,District - Junagadh,Total,Matric/secondary but below graduate,404609,241796,162813,172921,155839,17082,24148,8889,15259,4484,2941,1543,207540,77068,130472,15946,8785,7161
B0103,24,479,District - Junagadh,Total,Technical diploma or certificate not equal to degree,22817,13831,8986,10994,7515,3479,1145,666,479,566,355,211,10678,5650,5028,2387,1278,1109
B0103,24,479,District - Junagadh,Total,Graduate and above other than technical degree,99308,58187,41121,49860,43646,6214,5230,2469,2761,1786,1095,691,44218,12072,32146,7308,3248,4060
B0103,24,479,District - Junagadh,Total,Technical degree or diploma equal to degree or post-graduate degree,20958,15225,5733,11600,9789,1811,968,638,330,458,331,127,8390,4798,3592,2028,1272,756
B0103,24,479,District - Junagadh,Rural,Total,1836670,940271,896399,667416,516909,150507,155709,31069,124640,21402,10440,10962,1013545,392293,621252,31635,13941,17694
B0103,24,479,District - Junagadh,Rural,Illiterate,658510,259062,399448,179673,108789,70884,57691,5570,52121,5400,1313,4087,421146,144703,276443,4246,797,3449
B0103,24,479,District - Junagadh,Rural,Literate,1178160,681209,496951,487743,408120,79623,98018,25499,72519,16002,9127,6875,592399,247590,344809,27389,13144,14245
B0103,24,479,District - Junagadh,Rural,Literate but below matric/secondary,807661,459043,348618,312090,258765,53325,64023,15154,48869,8791,4789,4002,431548,185124,246424,9959,4124,5835
B0103,24,479,District - Junagadh,Rural,Matric/secondary but below graduate,230843,141539,89304,105922,92443,13479,19533,5677,13856,3361,2089,1272,105388,43419,61969,9112,4945,4167
B0103,24,479,District - Junagadh,Rural,Technical diploma or certificate not equal to degree,12461,7932,4529,5264,3846,1418,876,503,373,486,303,183,6321,3583,2738,1749,926,823
B0103,24,479,District - Junagadh,Rural,Graduate and above other than technical degree,40174,25129,15045,20898,18410,2488,3511,1379,2132,1326,805,521,15765,5340,10425,3813,1771,2042
B0103,24,479,District - Junagadh,Rural,Technical degree or diploma equal to degree or post-graduate degree,8180,6100,2080,4504,3926,578,609,386,223,335,249,86,3067,1788,1279,1005,634,371
B0103,24,479,District - Junagadh,Urban,Total,906412,464085,442327,275293,239522,35771,25291,14359,10932,5670,3880,1790,605828,210204,395624,24248,11608,12640
B0103,24,479,District - Junagadh,Urban,Illiterate,241754,98313,143441,45059,31447,13612,6290,2185,4105,1075,534,541,190405,64681,125724,3099,873,2226
B0103,24,479,District - Junagadh,Urban,Literate,664658,365772,298886,230234,208075,22159,19001,12174,6827,4595,3346,1249,415423,145523,269900,21149,10735,10414
B0103,24,479,District - Junagadh,Urban,Literate but below matric/secondary,373793,200743,173050,108285,98491,9794,10481,6457,4024,2509,1849,660,255027,95795,159232,8223,4030,4193
B0103,24,479,District - Junagadh,Urban,Matric/secondary but below graduate,173766,100257,73509,66999,63396,3603,4615,3212,1403,1123,852,271,102152,33649,68503,6834,3840,2994
B0103,24,479,District - Junagadh,Urban,Technical diploma or certificate not equal to degree,10356,5899,4457,5730,3669,2061,269,163,106,80,52,28,4357,2067,2290,638,352,286
B0103,24,479,District - Junagadh,Urban,Graduate and above other than technical degree,59134,33058,26076,28962,25236,3726,1719,1090,629,460,290,170,28453,6732,21721,3495,1477,2018
B0103,24,479,District - Junagadh,Urban,Technical degree or diploma equal to degree or post-graduate degree,12778,9125,3653,7096,5863,1233,359,252,107,123,82,41,5323,3010,2313,1023,638,385
B0103,24,480,District - Amreli,Total,Total,1514190,771049,743141,529153,425753,103400,127986,27889,100097,18345,8119,10226,857051,317407,539644,25643,10256,15387
B0103,24,480,District - Amreli,Total,Illiterate,518731,212869,305862,135579,88686,46893,46988,5800,41188,5512,1501,4011,336164,118383,217781,3552,796,2756
B0103,24,480,District - Amreli,Total,Literate,995459,558180,437279,393574,337067,56507,80998,22089,58909,12833,6618,6215,520887,199024,321863,22091,9460,12631
B0103,24,480,District - Amreli,Total,Literate but below matric/secondary,703345,393721,309624,268888,230022,38866,58435,15127,43308,8693,4350,4343,376022,148572,227450,9284,3603,5681
B0103,24,480,District - Amreli,Total,Matric/secondary but below graduate,195927,110257,85670,76979,68163,8816,15521,4659,10862,2671,1456,1215,103427,37435,65992,7850,3827,4023
B0103,24,480,District - Amreli,Total,Technical diploma or certificate not equal to degree,10301,6115,4186,5738,3577,2161,371,207,164,161,97,64,4192,2331,1861,758,398,360
B0103,24,480,District - Amreli,Total,Graduate and above other than technical degree,32821,19080,13741,16952,14537,2415,1501,617,884,481,272,209,14368,3926,10442,2586,954,1632
B0103,24,480,District - Amreli,Total,Technical degree or diploma equal to degree or post-graduate degree,6545,4627,1918,3753,3048,705,196,118,78,74,53,21,2596,1461,1135,582,330,252
B0103,24,480,District - Amreli,Rural,Total,1127555,572554,555001,409400,320982,88418,115313,22448,92865,14900,6170,8730,602842,229124,373718,14110,5813,8297
B0103,24,480,District - Amreli,Rural,Illiterate,412512,167616,244896,114737,73266,41471,42783,4788,37995,4565,1132,3433,254992,89562,165430,2148,479,1669
B0103,24,480,District - Amreli,Rural,Literate,715043,404938,310105,294663,247716,46947,72530,17660,54870,10335,5038,5297,347850,139562,208288,11962,5334,6628
B0103,24,480,District - Amreli,Rural,Literate but below matric/secondary,537113,303969,233144,217554,182719,34835,53320,12687,40633,7159,3428,3731,266239,108563,157676,5231,2081,3150
B0103,24,480,District - Amreli,Rural,Matric/secondary but below graduate,123869,70421,53448,50310,43242,7068,13565,3461,10104,2096,1045,1051,59994,23718,36276,4345,2197,2148
B0103,24,480,District - Amreli,Rural,Technical diploma or certificate not equal to degree,5239,3363,1876,2902,1905,997,257,146,111,123,79,44,2080,1312,768,424,228,196
B0103,24,480,District - Amreli,Rural,Graduate and above other than technical degree,13734,7965,5769,6761,5819,942,1012,323,689,311,159,152,5961,1823,4138,1210,489,721
B0103,24,480,District - Amreli,Rural,Technical degree or diploma equal to degree or post-graduate degree,2643,1947,696,1527,1286,241,120,65,55,52,38,14,996,596,400,237,150,87
B0103,24,480,District - Amreli,Urban,Total,386635,198495,188140,119753,104771,14982,12673,5441,7232,3445,1949,1496,254209,88283,165926,11533,4443,7090
B0103,24,480,District - Amreli,Urban,Illiterate,106219,45253,60966,20842,15420,5422,4205,1012,3193,947,369,578,81172,28821,52351,1404,317,1087
B0103,24,480,District - Amreli,Urban,Literate,280416,153242,127174,98911,89351,9560,8468,4429,4039,2498,1580,918,173037,59462,113575,10129,4126,6003
B0103,24,480,District - Amreli,Urban,Literate but below matric/secondary,166232,89752,76480,51334,47303,4031,5115,2440,2675,1534,922,612,109783,40009,69774,4053,1522,2531
B0103,24,480,District - Amreli,Urban,Matric/secondary but below graduate,72058,39836,32222,26669,24921,1748,1956,1198,758,575,411,164,43433,13717,29716,3505,1630,1875
B0103,24,480,District - Amreli,Urban,Technical diploma or certificate not equal to degree,5062,2752,2310,2836,1672,1164,114,61,53,38,18,20,2112,1019,1093,334,170,164
B0103,24,480,District - Amreli,Urban,Graduate and above other than technical degree,19087,11115,7972,10191,8718,1473,489,294,195,170,113,57,8407,2103,6304,1376,465,911
B0103,24,480,District - Amreli,Urban,Technical degree or diploma equal to degree or post-graduate degree,3902,2680,1222,2226,1762,464,76,53,23,22,15,7,1600,865,735,345,180,165
B0103,24,481,District - Bhavnagar,Total,Total,2880365,1490201,1390164,992140,790944,201196,158492,47837,110655,31365,13710,17655,1729733,651420,1078313,57962,21271,36691
B0103,24,481,District - Bhavnagar,Total,Illiterate,993110,402830,590280,240387,145076,95311,60547,8604,51943,10454,2538,7916,692176,249150,443026,12100,1979,10121
B0103,24,481,District - Bhavnagar,Total,Literate,1887255,1087371,799884,751753,645868,105885,97945,39233,58712,20911,11172,9739,1037557,402270,635287,45862,19292,26570
B0103,24,481,District - Bhavnagar,Total,Literate but below matric/secondary,1334629,751800,582829,498769,423339,75430,72001,26013,45988,15169,7600,7569,763859,302448,461411,25410,9003,16407
B0103,24,481,District - Bhavnagar,Total,Matric/secondary but below graduate,292232,185515,106717,121515,112660,8855,11125,6520,4605,2607,1785,822,159592,66335,93257,11114,6139,4975
B0103,24,481,District - Bhavnagar,Total,Technical diploma or certificate not equal to degree,18628,12564,6064,10624,7949,2675,698,459,239,218,155,63,7306,4156,3150,1092,663,429
B0103,24,481,District - Bhavnagar,Total,Graduate and above other than technical degree,69824,42596,27228,37174,32423,4751,2033,1366,667,515,355,160,30617,8807,21810,3318,1471,1847
B0103,24,481,District - Bhavnagar,Total,Technical degree or diploma equal to degree or post-graduate degree,16855,12495,4360,10108,8503,1605,567,405,162,164,133,31,6180,3587,2593,1020,628,392
B0103,24,481,District - Bhavnagar,Rural,Total,1697964,868833,829131,608968,457378,151590,125065,29266,95799,22352,8397,13955,963931,382189,581742,27953,9620,18333
B0103,24,481,District - Bhavnagar,Rural,Illiterate,668028,263807,404221,179384,101053,78331,51792,5477,46315,7831,1427,6404,436852,157277,279575,6870,857,6013
B0103,24,481,District - Bhavnagar,Rural,Literate,1029936,605026,424910,429584,356325,73259,73273,23789,49484,14521,6970,7551,527079,224912,302167,21083,8763,12320
B0103,24,481,District - Bhavnagar,Rural,Literate but below matric/secondary,810886,464575,346311,324189,266276,57913,57427,17263,40164,11081,4945,6136,429270,181036,248234,13217,4355,8862
B0103,24,481,District - Bhavnagar,Rural,Matric/secondary but below graduate,108140,74820,33320,46257,41852,4405,6250,3092,3158,1426,954,472,55633,29876,25757,4366,2707,1659
B0103,24,481,District - Bhavnagar,Rural,Technical diploma or certificate not equal to degree,7022,5223,1799,4125,3239,886,374,263,111,139,100,39,2523,1721,802,536,347,189
B0103,24,481,District - Bhavnagar,Rural,Graduate and above other than technical degree,10816,8385,2431,6520,5959,561,558,385,173,224,172,52,3738,2041,1697,716,491,225
B0103,24,481,District - Bhavnagar,Rural,Technical degree or diploma equal to degree or post-graduate degree,3898,3178,720,2541,2222,319,197,142,55,68,58,10,1160,814,346,249,181,68
B0103,24,481,District - Bhavnagar,Urban,Total,1182401,621368,561033,383172,333566,49606,33427,18571,14856,9013,5313,3700,765802,269231,496571,30009,11651,18358
B0103,24,481,District - Bhavnagar,Urban,Illiterate,325082,139023,186059,61003,44023,16980,8755,3127,5628,2623,1111,1512,255324,91873,163451,5230,1122,4108
B0103,24,481,District - Bhavnagar,Urban,Literate,857319,482345,374974,322169,289543,32626,24672,15444,9228,6390,4202,2188,510478,177358,333120,24779,10529,14250
B0103,24,481,District - Bhavnagar,Urban,Literate but below matric/secondary,523743,287225,236518,174580,157063,17517,14574,8750,5824,4088,2655,1433,334589,121412,213177,12193,4648,7545
B0103,24,481,District - Bhavnagar,Urban,Matric/secondary but below graduate,184092,110695,73397,75258,70808,4450,4875,3428,1447,1181,831,350,103959,36459,67500,6748,3432,3316
B0103,24,481,District - Bhavnagar,Urban,Technical diploma or certificate not equal to degree,11606,7341,4265,6499,4710,1789,324,196,128,79,55,24,4783,2435,2348,556,316,240
B0103,24,481,District - Bhavnagar,Urban,Graduate and above other than technical degree,59008,34211,24797,30654,26464,4190,1475,981,494,291,183,108,26879,6766,20113,2602,980,1622
B0103,24,481,District - Bhavnagar,Urban,Technical degree or diploma equal to degree or post-graduate degree,12957,9317,3640,7567,6281,1286,370,263,107,96,75,21,5020,2773,2247,771,447,324
B0103,24,482,District - Anand  ,Total,Total,2092745,1087224,1005521,690031,570226,119805,154763,57335,97428,37760,22296,15464,1247951,459663,788288,52481,21019,31462
B0103,24,482,District - Anand  ,Total,Illiterate,541492,212743,328749,93557,52411,41146,40241,5876,34365,7203,2119,5084,407694,154456,253238,6162,1084,5078
B0103,24,482,District - Anand  ,Total,Literate,1551253,874481,676772,596474,517815,78659,114522,51459,63063,30557,20177,10380,840257,305207,535050,46319,19935,26384
B0103,24,482,District - Anand  ,Total,Literate but below matric/secondary,961459,514884,446575,323000,274457,48543,76032,29117,46915,19626,11841,7785,562427,211310,351117,20348,7184,13164
B0103,24,482,District - Anand  ,Total,Matric/secondary but below graduate,334556,213852,120704,151623,141212,10411,19664,12593,7071,6161,4934,1227,163269,60047,103222,13822,7280,6542
B0103,24,482,District - Anand  ,Total,Technical diploma or certificate not equal to degree,24972,17774,7198,14494,11316,3178,1281,958,323,462,394,68,9197,5500,3697,1714,1138,576
B0103,24,482,District - Anand  ,Total,Graduate and above other than technical degree,81573,48948,32625,41369,36078,5291,3699,2507,1192,988,753,235,36505,10363,26142,4858,2055,2803
B0103,24,482,District - Anand  ,Total,Technical degree or diploma equal to degree or post-graduate degree,21007,14762,6245,11503,9499,2004,977,692,285,217,166,51,8527,4571,3956,1385,775,610
B0103,24,482,District - Anand  ,Rural,Total,1457758,758499,699259,495207,403545,91662,125805,41700,84105,31286,18077,13209,836746,313254,523492,33473,13008,20465
B0103,24,482,District - Anand  ,Rural,Illiterate,404648,155528,249120,73935,39719,34216,34569,4329,30240,6054,1658,4396,296144,111480,184664,4293,662,3631
B0103,24,482,District - Anand  ,Rural,Literate,1053110,602971,450139,421272,363826,57446,91236,37371,53865,25232,16419,8813,540602,201774,338828,29180,12346,16834
B0103,24,482,District - Anand  ,Rural,Literate but below matric/secondary,706150,380897,325253,248867,208616,40251,64083,22467,41616,16732,9831,6901,393200,149814,243386,14106,4768,9338
B0103,24,482,District - Anand  ,Rural,Matric/secondary but below graduate,207936,141026,66910,104474,97656,6818,14092,8875,5217,4887,3971,916,89370,34495,54875,8300,4529,3771
B0103,24,482,District - Anand  ,Rural,Technical diploma or certificate not equal to degree,14045,10670,3375,7913,6552,1361,800,627,173,351,307,44,5332,3491,1841,1176,803,373
B0103,24,482,District - Anand  ,Rural,Graduate and above other than technical degree,32362,21458,10904,17726,16297,1429,1558,1073,485,586,472,114,13078,4088,8990,2336,1036,1300
B0103,24,482,District - Anand  ,Rural,Technical degree or diploma equal to degree or post-graduate degree,6919,4967,1952,3792,3243,549,325,234,91,112,95,17,2802,1490,1312,595,330,265
B0103,24,482,District - Anand  ,Urban,Total,634987,328725,306262,194824,166681,28143,28958,15635,13323,6474,4219,2255,411205,146409,264796,19008,8011,10997
B0103,24,482,District - Anand  ,Urban,Illiterate,136844,57215,79629,19622,12692,6930,5672,1547,4125,1149,461,688,111550,42976,68574,1869,422,1447
B0103,24,482,District - Anand  ,Urban,Literate,498143,271510,226633,175202,153989,21213,23286,14088,9198,5325,3758,1567,299655,103433,196222,17139,7589,9550
B0103,24,482,District - Anand  ,Urban,Literate but below matric/secondary,255309,133987,121322,74133,65841,8292,11949,6650,5299,2894,2010,884,169227,61496,107731,6242,2416,3826
B0103,24,482,District - Anand  ,Urban,Matric/secondary but below graduate,126620,72826,53794,47149,43556,3593,5572,3718,1854,1274,963,311,73899,25552,48347,5522,2751,2771
B0103,24,482,District - Anand  ,Urban,Technical diploma or certificate not equal to degree,10927,7104,3823,6581,4764,1817,481,331,150,111,87,24,3865,2009,1856,538,335,203
B0103,24,482,District - Anand  ,Urban,Graduate and above other than technical degree,49211,27490,21721,23643,19781,3862,2141,1434,707,402,281,121,23427,6275,17152,2522,1019,1503
B0103,24,482,District - Anand  ,Urban,Technical degree or diploma equal to degree or post-graduate degree,14088,9795,4293,7711,6256,1455,652,458,194,105,71,34,5725,3081,2644,790,445,345
B0103,24,483,District - Kheda,Total,Total,2299885,1185727,1114158,722134,593568,128566,211849,81018,130831,51389,34231,17158,1365902,511141,854761,48537,22020,26517
B0103,24,483,District - Kheda,Total,Illiterate,639642,243247,396395,100479,57465,43014,55081,7841,47240,7869,2664,5205,484082,177941,306141,6411,1237,5174
B0103,24,483,District - Kheda,Total,Literate,1660243,942480,717763,621655,536103,85552,156768,73177,83591,43520,31567,11953,881820,333200,548620,42126,20783,21343
B0103,24,483,District - Kheda,Total,Literate but below matric/secondary,1058840,562879,495961,339548,284541,55007,101636,40574,61062,26414,17950,8464,617656,237764,379892,19183,7857,11326
B0103,24,483,District - Kheda,Total,Matric/secondary but below graduate,339921,230366,109555,162718,151360,11358,28500,18960,9540,10004,8473,1531,148703,60046,88657,12171,7325,4846
B0103,24,483,District - Kheda,Total,Technical diploma or certificate not equal to degree,26967,19075,7892,14877,11564,3313,1926,1404,522,864,701,163,10164,6107,4057,2327,1532,795
B0103,24,483,District - Kheda,Total,Graduate and above other than technical degree,61833,40035,21798,33211,29799,3412,3359,2437,922,1007,779,228,25263,7799,17464,3368,1670,1698
B0103,24,483,District - Kheda,Total,Technical degree or diploma equal to degree or post-graduate degree,14802,10878,3924,8168,6914,1254,780,565,215,258,206,52,5854,3399,2455,1033,661,372
B0103,24,483,District - Kheda,Rural,Total,1776276,915197,861079,568726,461277,107449,189354,67258,122096,45714,30050,15664,1018196,386662,631534,34268,14932,19336
B0103,24,483,District - Kheda,Rural,Illiterate,519035,192752,326283,83476,46070,37406,51052,6468,44584,6970,2195,4775,384507,140214,244293,4639,770,3869
B0103,24,483,District - Kheda,Rural,Literate,1257241,722445,534796,485250,415207,70043,138302,60790,77512,38744,27855,10889,633689,246448,387241,29629,14162,15467
B0103,24,483,District - Kheda,Rural,Literate but below matric/secondary,855226,457593,397633,286385,236999,49386,92680,35016,57664,23962,16035,7927,476161,185578,290583,14740,5620,9120
B0103,24,483,District - Kheda,Rural,Matric/secondary but below graduate,233495,167443,66052,121658,113030,8628,23988,15530,8458,8763,7458,1305,87849,38883,48966,8062,4911,3151
B0103,24,483,District - Kheda,Rural,Technical diploma or certificate not equal to degree,17339,13279,4060,9114,7700,1414,1524,1160,364,765,634,131,6701,4419,2282,1760,1197,563
B0103,24,483,District - Kheda,Rural,Graduate and above other than technical degree,25420,18418,7002,14896,13850,1046,1905,1396,509,721,601,120,8619,3172,5447,1590,870,720
B0103,24,483,District - Kheda,Rural,Technical degree or diploma equal to degree or post-graduate degree,6068,4718,1350,3466,3100,366,440,317,123,183,149,34,2162,1301,861,503,328,175
B0103,24,483,District - Kheda,Urban,Total,523609,270530,253079,153408,132291,21117,22495,13760,8735,5675,4181,1494,347706,124479,223227,14269,7088,7181
B0103,24,483,District - Kheda,Urban,Illiterate,120607,50495,70112,17003,11395,5608,4029,1373,2656,899,469,430,99575,37727,61848,1772,467,1305
B0103,24,483,District - Kheda,Urban,Literate,403002,220035,182967,136405,120896,15509,18466,12387,6079,4776,3712,1064,248131,86752,161379,12497,6621,5876
B0103,24,483,District - Kheda,Urban,Literate but below matric/secondary,203614,105286,98328,53163,47542,5621,8956,5558,3398,2452,1915,537,141495,52186,89309,4443,2237,2206
B0103,24,483,District - Kheda,Urban,Matric/secondary but below graduate,106426,62923,43503,41060,38330,2730,4512,3430,1082,1241,1015,226,60854,21163,39691,4109,2414,1695
B0103,24,483,District - Kheda,Urban,Technical diploma or certificate not equal to degree,9628,5796,3832,5763,3864,1899,402,244,158,99,67,32,3463,1688,1775,567,335,232
B0103,24,483,District - Kheda,Urban,Graduate and above other than technical degree,36413,21617,14796,18315,15949,2366,1454,1041,413,286,178,108,16644,4627,12017,1778,800,978
B0103,24,483,District - Kheda,Urban,Technical degree or diploma equal to degree or post-graduate degree,8734,6160,2574,4702,3814,888,340,248,92,75,57,18,3692,2098,1594,530,333,197
B0103,24,484,District - Panch Mahals,Total,Total,2390776,1226961,1163815,685141,561301,123840,412366,112264,300102,112532,57231,55301,1293269,553396,739873,43939,21354,22585
B0103,24,484,District - Panch Mahals,Total,Illiterate,949971,368907,581064,189984,123550,66434,192035,21015,171020,37416,9178,28238,567952,224342,343610,8181,1668,6513
B0103,24,484,District - Panch Mahals,Total,Literate,1440805,858054,582751,495157,437751,57406,220331,91249,129082,75116,48053,27063,725317,329054,396263,35758,19686,16072
B0103,24,484,District - Panch Mahals,Total,Literate but below matric/secondary,965955,549440,416515,272380,241285,31095,142232,55768,86464,45521,28717,16804,551343,252387,298956,16787,8678,8109
B0103,24,484,District - Panch Mahals,Total,Matric/secondary but below graduate,305620,202245,103375,137178,125462,11716,51550,23784,27766,19524,12861,6663,116892,52999,63893,10730,6393,4337
B0103,24,484,District - Panch Mahals,Total,Technical diploma or certificate not equal to degree,31804,20834,10970,18410,12982,5428,3213,1895,1318,1836,1228,608,10181,5957,4224,2521,1532,989
B0103,24,484,District - Panch Mahals,Total,Graduate and above other than technical degree,43618,29100,14518,24614,21893,2721,3968,2131,1837,1873,1272,601,15036,5076,9960,2570,1346,1224
B0103,24,484,District - Panch Mahals,Total,Technical degree or diploma equal to degree or post-graduate degree,14835,10844,3991,8573,7258,1315,1526,834,692,880,555,325,4736,2752,1984,1203,693,510
B0103,24,484,District - Panch Mahals,Rural,Total,2055949,1053376,1002573,591265,478499,112766,401913,106081,295832,108725,54429,54296,1062771,468796,593975,33749,15441,18308
B0103,24,484,District - Panch Mahals,Rural,Illiterate,868115,334248,533867,180465,116596,63869,189195,20065,169130,36537,8738,27799,498455,197587,300868,7310,1320,5990
B0103,24,484,District - Panch Mahals,Rural,Literate,1187834,719128,468706,410800,361903,48897,212718,86016,126702,72188,45691,26497,564316,271209,293107,26439,14121,12318
B0103,24,484,District - Panch Mahals,Rural,Literate but below matric/secondary,824363,475576,348787,237334,208423,28911,137859,52712,85147,43723,27229,16494,449170,214441,234729,12573,6030,6543
B0103,24,484,District - Panch Mahals,Rural,Matric/secondary but below graduate,241414,164805,76609,113138,102987,10151,49752,22541,27211,18884,12339,6545,78524,39277,39247,8063,4749,3314
B0103,24,484,District - Panch Mahals,Rural,Technical diploma or certificate not equal to degree,23857,16156,7701,12890,9443,3447,3041,1790,1251,1772,1185,587,7926,4923,3003,2098,1301,797
B0103,24,484,District - Panch Mahals,Rural,Graduate and above other than technical degree,21431,15847,5584,12585,11446,1139,3367,1750,1617,1679,1141,538,5479,2651,2828,1429,812,617
B0103,24,484,District - Panch Mahals,Rural,Technical degree or diploma equal to degree or post-graduate degree,8771,6465,2306,5013,4298,715,1367,734,633,826,517,309,2391,1433,958,711,404,307
B0103,24,484,District - Panch Mahals,Urban,Total,334827,173585,161242,93876,82802,11074,10453,6183,4270,3807,2802,1005,230498,84600,145898,10190,5913,4277
B0103,24,484,District - Panch Mahals,Urban,Illiterate,81856,34659,47197,9519,6954,2565,2840,950,1890,879,440,439,69497,26755,42742,871,348,523
B0103,24,484,District - Panch Mahals,Urban,Literate,252971,138926,114045,84357,75848,8509,7613,5233,2380,2928,2362,566,161001,57845,103156,9319,5565,3754
B0103,24,484,District - Panch Mahals,Urban,Literate but below matric/secondary,141592,73864,67728,35046,32862,2184,4373,3056,1317,1798,1488,310,102173,37946,64227,4214,2648,1566
B0103,24,484,District - Panch Mahals,Urban,Matric/secondary but below graduate,64206,37440,26766,24040,22475,1565,1798,1243,555,640,522,118,38368,13722,24646,2667,1644,1023
B0103,24,484,District - Panch Mahals,Urban,Technical diploma or certificate not equal to degree,7947,4678,3269,5520,3539,1981,172,105,67,64,43,21,2255,1034,1221,423,231,192
B0103,24,484,District - Panch Mahals,Urban,Graduate and above other than technical degree,22187,13253,8934,12029,10447,1582,601,381,220,194,131,63,9557,2425,7132,1141,534,607
B0103,24,484,District - Panch Mahals,Urban,Technical degree or diploma equal to degree or post-graduate degree,6064,4379,1685,3560,2960,600,159,100,59,54,38,16,2345,1319,1026,492,289,203
B0103,24,485,District - Dohad  ,Total,Total,2127086,1068651,1058435,553395,416295,137100,445729,124586,321143,144306,60869,83437,1127962,527770,600192,35351,15761,19590
B0103,24,485,District - Dohad  ,Total,Illiterate,1119915,469616,650299,266675,168734,97941,267474,40401,227073,73530,18421,55109,585766,260481,325285,9030,2231,6799
B0103,24,485,District - Dohad  ,Total,Literate,1007171,599035,408136,286720,247561,39159,178255,84185,94070,70776,42448,28328,542196,267289,274907,26321,13530,12791
B0103,24,485,District - Dohad  ,Total,Literate but below matric/secondary,696253,402734,293519,154298,134190,20108,111429,53037,58392,42347,25365,16982,430526,215507,215019,11761,5686,6075
B0103,24,485,District - Dohad  ,Total,Matric/secondary but below graduate,194805,123666,71139,77586,68491,9095,42143,19634,22509,17705,10755,6950,75076,35541,39535,8480,4619,3861
B0103,24,485,District - Dohad  ,Total,Technical diploma or certificate not equal to degree,17693,11094,6599,8958,6216,2742,2475,1408,1067,1456,937,519,6260,3470,2790,1797,1051,746
B0103,24,485,District - Dohad  ,Total,Graduate and above other than technical degree,26186,17094,9092,14083,12289,1794,3270,1724,1546,1679,1072,607,8833,3081,5752,1910,931,979
B0103,24,485,District - Dohad  ,Total,Technical degree or diploma equal to degree or post-graduate degree,9545,6511,3034,5134,4114,1020,1360,691,669,767,427,340,3051,1706,1345,910,500,410
B0103,24,485,District - Dohad  ,Rural,Total,1935461,970963,964498,499970,371396,128574,434376,120206,314170,140817,58940,81877,1001115,479361,521754,29026,13029,15997
B0103,24,485,District - Dohad  ,Rural,Illiterate,1062909,445823,617086,257817,162917,94900,262722,39485,223237,72370,18053,54317,542370,243421,298949,8209,2057,6152
B0103,24,485,District - Dohad  ,Rural,Literate,872552,525140,347412,242153,208479,33674,171654,80721,90933,68447,40887,27560,458745,235940,222805,20817,10972,9845
B0103,24,485,District - Dohad  ,Rural,Literate but below matric/secondary,625495,364556,260939,136663,118145,18518,107461,50863,56598,40975,24389,16586,381371,195548,185823,9843,4856,4987
B0103,24,485,District - Dohad  ,Rural,Matric/secondary but below graduate,158843,103668,55175,64750,56770,7980,40621,18908,21713,17163,10416,6747,53472,27990,25482,6612,3691,2921
B0103,24,485,District - Dohad  ,Rural,Technical diploma or certificate not equal to degree,13551,8661,4890,6380,4581,1799,2349,1344,1005,1401,909,492,4822,2736,2086,1462,855,607
B0103,24,485,District - Dohad  ,Rural,Graduate and above other than technical degree,14566,10603,3963,8125,7209,916,2872,1536,1336,1529,990,539,3569,1858,1711,1115,630,485
B0103,24,485,District - Dohad  ,Rural,Technical degree or diploma equal to degree or post-graduate degree,6116,4180,1936,3210,2589,621,1265,645,620,721,403,318,1641,946,695,593,332,261
B0103,24,485,District - Dohad  ,Urban,Total,191625,97688,93937,53425,44899,8526,11353,4380,6973,3489,1929,1560,126847,48409,78438,6325,2732,3593
B0103,24,485,District - Dohad  ,Urban,Illiterate,57006,23793,33213,8858,5817,3041,4752,916,3836,1160,368,792,43396,17060,26336,821,174,647
B0103,24,485,District - Dohad  ,Urban,Literate,134619,73895,60724,44567,39082,5485,6601,3464,3137,2329,1561,768,83451,31349,52102,5504,2558,2946
B0103,24,485,District - Dohad  ,Urban,Literate but below matric/secondary,70758,38178,32580,17635,16045,1590,3968,2174,1794,1372,976,396,49155,19959,29196,1918,830,1088
B0103,24,485,District - Dohad  ,Urban,Matric/secondary but below graduate,35962,19998,15964,12836,11721,1115,1522,726,796,542,339,203,21604,7551,14053,1868,928,940
B0103,24,485,District - Dohad  ,Urban,Technical diploma or certificate not equal to degree,4142,2433,1709,2578,1635,943,126,64,62,55,28,27,1438,734,704,335,196,139
B0103,24,485,District - Dohad  ,Urban,Graduate and above other than technical degree,11620,6491,5129,5958,5080,878,398,188,210,150,82,68,5264,1223,4041,795,301,494
B0103,24,485,District - Dohad  ,Urban,Technical degree or diploma equal to degree or post-graduate degree,3429,2331,1098,1924,1525,399,95,46,49,46,24,22,1410,760,650,317,168,149
B0103,24,486,District - Vadodara,Total,Total,4165626,2153736,2011890,1360660,1121791,238869,332813,111521,221292,80668,43782,36886,2472153,920424,1551729,91283,41194,50089
B0103,24,486,District - Vadodara,Total,Illiterate,1272546,539649,732897,291790,190656,101134,159514,26201,133313,29330,9087,20243,821242,322792,498450,11929,3270,8659
B0103,24,486,District - Vadodara,Total,Literate,2893080,1614087,1278993,1068870,931135,137735,173299,85320,87979,51338,34695,16643,1650911,597632,1053279,79354,37924,41430
B0103,24,486,District - Vadodara,Total,Literate but below matric/secondary,1648914,881160,767754,504151,435667,68484,116413,51946,64467,34212,22312,11900,1028350,393547,634803,34566,15055,19511
B0103,24,486,District - Vadodara,Total,Matric/secondary but below graduate,713797,427462,286335,300441,277365,23076,32858,20648,12210,10597,8173,2424,380498,129449,251049,25238,13538,11700
B0103,24,486,District - Vadodara,Total,Technical diploma or certificate not equal to degree,63906,48899,15007,39464,33237,6227,2106,1618,488,748,634,114,22336,14044,8292,2914,2078,836
B0103,24,486,District - Vadodara,Total,Graduate and above other than technical degree,260983,137459,123524,127899,104480,23419,6233,3812,2421,1660,1080,580,126851,29167,97684,10109,3850,6259
B0103,24,486,District - Vadodara,Total,Technical degree or diploma equal to degree or post-graduate degree,68928,49219,19709,41283,33951,7332,1709,1173,536,496,343,153,25936,14095,11841,2973,1803,1170
B0103,24,486,District - Vadodara,Rural,Total,2099855,1077943,1021912,712860,567617,145243,279580,77299,202281,63551,31491,32060,1107415,433027,674388,33082,14389,18693
B0103,24,486,District - Vadodara,Rural,Illiterate,871247,362083,509164,234186,151250,82936,150268,21977,128291,26192,7389,18803,486793,188856,297937,6593,1638,4955
B0103,24,486,District - Vadodara,Rural,Literate,1228608,715860,512748,478674,416367,62307,129312,55322,73990,37359,24102,13257,620622,244171,376451,26489,12751,13738
B0103,24,486,District - Vadodara,Rural,Literate but below matric/secondary,896794,495835,400959,309871,262854,47017,94760,37375,57385,26439,16354,10085,492163,195606,296557,15003,6158,8845
B0103,24,486,District - Vadodara,Rural,Matric/secondary but below graduate,218898,151378,67520,113809,106161,7648,20832,11899,8933,6904,5240,1664,84257,33318,50939,7331,4331,3000
B0103,24,486,District - Vadodara,Rural,Technical diploma or certificate not equal to degree,12692,10392,2300,6963,6042,921,944,734,210,437,375,62,4785,3616,1169,909,701,208
B0103,24,486,District - Vadodara,Rural,Graduate and above other than technical degree,23937,16619,7318,13695,12747,948,1485,1017,468,577,445,132,8757,2855,5902,1327,663,664
B0103,24,486,District - Vadodara,Rural,Technical degree or diploma equal to degree or post-graduate degree,4640,3587,1053,2729,2404,325,326,216,110,138,104,34,1585,967,618,296,194,102
B0103,24,486,District - Vadodara,Urban,Total,2065771,1075793,989978,647800,554174,93626,53233,34222,19011,17117,12291,4826,1364738,487397,877341,58201,26805,31396
B0103,24,486,District - Vadodara,Urban,Illiterate,401299,177566,223733,57604,39406,18198,9246,4224,5022,3138,1698,1440,334449,133936,200513,5336,1632,3704
B0103,24,486,District - Vadodara,Urban,Literate,1664472,898227,766245,590196,514768,75428,43987,29998,13989,13979,10593,3386,1030289,353461,676828,52865,25173,27692
B0103,24,486,District - Vadodara,Urban,Literate but below matric/secondary,752120,385325,366795,194280,172813,21467,21653,14571,7082,7773,5958,1815,536187,197941,338246,19563,8897,10666
B0103,24,486,District - Vadodara,Urban,Matric/secondary but below graduate,494899,276084,218815,186632,171204,15428,12026,8749,3277,3693,2933,760,296241,96131,200110,17907,9207,8700
B0103,24,486,District - Vadodara,Urban,Technical diploma or certificate not equal to degree,51214,38507,12707,32501,27195,5306,1162,884,278,311,259,52,17551,10428,7123,2005,1377,628
B0103,24,486,District - Vadodara,Urban,Graduate and above other than technical degree,237046,120840,116206,114204,91733,22471,4748,2795,1953,1083,635,448,118094,26312,91782,8782,3187,5595
B0103,24,486,District - Vadodara,Urban,Technical degree or diploma equal to degree or post-graduate degree,64288,45632,18656,38554,31547,7007,1383,957,426,358,239,119,24351,13128,11223,2677,1609,1068
B0103,24,487,District - Narmada,Total,Total,590297,301086,289211,193916,141516,52400,100879,32766,68113,35862,17020,18842,295502,126804,168698,14103,6077,8026
B0103,24,487,District - Narmada,Total,Illiterate,219961,89319,130642,60900,33563,27337,39919,6761,33158,11852,3110,8742,119142,48995,70147,2581,606,1975
B0103,24,487,District - Narmada,Total,Literate,370336,211767,158569,133016,107953,25063,60960,26005,34955,24010,13910,10100,176360,77809,98551,11522,5471,6051
B0103,24,487,District - Narmada,Total,Literate but below matric/secondary,260496,143633,116863,83543,66437,17106,43037,17131,25906,16629,9120,7509,133916,60065,73851,5818,2577,3241
B0103,24,487,District - Narmada,Total,Matric/secondary but below graduate,61739,39638,22101,25959,22807,3152,8824,4960,3864,4015,2775,1240,26956,11871,15085,3295,1761,1534
B0103,24,487,District - Narmada,Total,Technical diploma or certificate not equal to degree,3347,2218,1129,1820,1288,532,265,166,99,117,84,33,1262,764,498,339,217,122
B0103,24,487,District - Narmada,Total,Graduate and above other than technical degree,9956,6748,3208,5482,4802,680,973,632,341,500,368,132,3501,1314,2187,825,357,468
B0103,24,487,District - Narmada,Total,Technical degree or diploma equal to degree or post-graduate degree,2782,1968,814,1558,1259,299,276,166,110,138,95,43,948,543,405,273,150,123
B0103,24,487,District - Narmada,Rural,Total,528425,269408,259017,176539,126973,49566,97174,30940,66234,33969,16018,17951,254712,111495,143217,10679,4666,6013
B0103,24,487,District - Narmada,Rural,Illiterate,206748,83842,122906,58806,32261,26545,39043,6504,32539,11432,2955,8477,108899,45077,63822,2281,553,1728
B0103,24,487,District - Narmada,Rural,Literate,321677,185566,136111,117733,94712,23021,58131,24436,33695,22537,13063,9474,145813,66418,79395,8398,4113,4285
B0103,24,487,District - Narmada,Rural,Literate but below matric/secondary,234914,130574,104340,77612,61217,16395,41442,16279,25163,15773,8644,7129,115860,53078,62782,4671,2108,2563
B0103,24,487,District - Narmada,Rural,Matric/secondary but below graduate,47535,31658,15877,21110,18396,2714,7993,4452,3541,3571,2501,1070,18432,8810,9622,2099,1197,902
B0103,24,487,District - Narmada,Rural,Technical diploma or certificate not equal to degree,2146,1517,629,1112,846,266,220,141,79,97,73,24,814,530,284,229,157,72
B0103,24,487,District - Narmada,Rural,Graduate and above other than technical degree,5784,4178,1606,3212,2849,363,810,537,273,430,324,106,1762,792,970,436,226,210
B0103,24,487,District - Narmada,Rural,Technical degree or diploma equal to degree or post-graduate degree,1605,1178,427,911,771,140,239,150,89,121,90,31,455,257,198,136,75,61
B0103,24,487,District - Narmada,Urban,Total,61872,31678,30194,17377,14543,2834,3705,1826,1879,1893,1002,891,40790,15309,25481,3424,1411,2013
B0103,24,487,District - Narmada,Urban,Illiterate,13213,5477,7736,2094,1302,792,876,257,619,420,155,265,10243,3918,6325,300,53,247
B0103,24,487,District - Narmada,Urban,Literate,48659,26201,22458,15283,13241,2042,2829,1569,1260,1473,847,626,30547,11391,19156,3124,1358,1766
B0103,24,487,District - Narmada,Urban,Literate but below matric/secondary,25582,13059,12523,5931,5220,711,1595,852,743,856,476,380,18056,6987,11069,1147,469,678
B0103,24,487,District - Narmada,Urban,Matric/secondary but below graduate,14204,7980,6224,4849,4411,438,831,508,323,444,274,170,8524,3061,5463,1196,564,632
B0103,24,487,District - Narmada,Urban,Technical diploma or certificate not equal to degree,1201,701,500,708,442,266,45,25,20,20,11,9,448,234,214,110,60,50
B0103,24,487,District - Narmada,Urban,Graduate and above other than technical degree,4172,2570,1602,2270,1953,317,163,95,68,70,44,26,1739,522,1217,389,131,258
B0103,24,487,District - Narmada,Urban,Technical degree or diploma equal to degree or post-graduate degree,1177,790,387,647,488,159,37,16,21,17,5,12,493,286,207,137,75,62
B0103,24,488,District - Bharuch,Total,Total,1551019,805707,745312,526541,423884,102657,100583,45035,55548,28720,17382,11338,923895,336788,587107,34038,17412,16626
B0103,24,488,District - Bharuch,Total,Illiterate,432743,182660,250083,107998,62518,45480,32107,8593,23514,7926,3180,4746,292638,111549,181089,4004,1126,2878
B0103,24,488,District - Bharuch,Total,Literate,1118276,623047,495229,418543,361366,57177,68476,36442,32034,20794,14202,6592,631257,225239,406018,30034,16286,13748
B0103,24,488,District - Bharuch,Total,Literate but below matric/secondary,655197,349087,306110,207442,174821,32621,41430,20552,20878,12425,8308,4117,406325,153714,252611,13382,6829,6553
B0103,24,488,District - Bharuch,Total,Matric/secondary but below graduate,239691,146171,93520,103390,95765,7625,11721,7557,4164,3591,2777,814,124580,42849,81731,8645,5294,3351
B0103,24,488,District - Bharuch,Total,Technical diploma or certificate not equal to degree,24570,19368,5202,15583,13286,2297,1167,951,216,442,381,61,7820,5131,2689,1317,971,346
B0103,24,488,District - Bharuch,Total,Graduate and above other than technical degree,58932,33642,25290,30406,26462,3944,2188,1357,831,611,399,212,26338,5823,20515,2441,997,1444
B0103,24,488,District - Bharuch,Total,Technical degree or diploma equal to degree or post-graduate degree,17767,12867,4900,10900,9317,1583,712,496,216,209,147,62,6155,3054,3101,799,467,332
B0103,24,488,District - Bharuch,Rural,Total,1026060,529393,496667,363649,281479,82170,83536,33712,49824,23783,14040,9743,578875,214202,364673,22277,11271,11006
B0103,24,488,District - Bharuch,Rural,Illiterate,320602,132509,188093,90626,50465,40161,28758,6957,21801,6883,2588,4295,201218,75087,126131,2777,661,2116
B0103,24,488,District - Bharuch,Rural,Literate,705458,396884,308574,273023,231014,42009,54778,26755,28023,16900,11452,5448,377657,139115,238542,19500,10610,8890
B0103,24,488,District - Bharuch,Rural,Literate but below matric/secondary,463937,250055,213882,159435,131769,27666,35345,16349,18996,10477,6955,3522,269157,101937,167220,9726,4719,5007
B0103,24,488,District - Bharuch,Rural,Matric/secondary but below graduate,126393,81089,45304,59027,54327,4700,8340,5051,3289,2692,2100,592,59026,21711,37315,5232,3341,1891
B0103,24,488,District - Bharuch,Rural,Technical diploma or certificate not equal to degree,11742,9403,2339,6945,5894,1051,661,525,136,306,257,49,4136,2984,1152,893,679,214
B0103,24,488,District - Bharuch,Rural,Graduate and above other than technical degree,17726,11041,6685,9453,8408,1045,894,556,338,336,241,95,7379,2077,5302,1064,489,575
B0103,24,488,District - Bharuch,Rural,Technical degree or diploma equal to degree or post-graduate degree,5663,3963,1700,3429,2860,569,287,185,102,101,71,30,1947,918,1029,362,216,146
B0103,24,488,District - Bharuch,Urban,Total,524959,276314,248645,162892,142405,20487,17047,11323,5724,4937,3342,1595,345020,122586,222434,11761,6141,5620
B0103,24,488,District - Bharuch,Urban,Illiterate,112141,50151,61990,17372,12053,5319,3349,1636,1713,1043,592,451,91420,36462,54958,1227,465,762
B0103,24,488,District - Bharuch,Urban,Literate,412818,226163,186655,145520,130352,15168,13698,9687,4011,3894,2750,1144,253600,86124,167476,10534,5676,4858
B0103,24,488,District - Bharuch,Urban,Literate but below matric/secondary,191260,99032,92228,48007,43052,4955,6085,4203,1882,1948,1353,595,137168,51777,85391,3656,2110,1546
B0103,24,488,District - Bharuch,Urban,Matric/secondary but below graduate,113298,65082,48216,44363,41438,2925,3381,2506,875,899,677,222,65554,21138,44416,3413,1953,1460
B0103,24,488,District - Bharuch,Urban,Technical diploma or certificate not equal to degree,12828,9965,2863,8638,7392,1246,506,426,80,136,124,12,3684,2147,1537,424,292,132
B0103,24,488,District - Bharuch,Urban,Graduate and above other than technical degree,41206,22601,18605,20953,18054,2899,1294,801,493,275,158,117,18959,3746,15213,1377,508,869
B0103,24,488,District - Bharuch,Urban,Technical degree or diploma equal to degree or post-graduate degree,12104,8904,3200,7471,6457,1014,425,311,114,108,76,32,4208,2136,2072,437,251,186
B0103,24,489,District - The Dangs,Total,Total,228291,113821,114470,88038,53926,34112,30219,7403,22816,9878,3990,5888,110034,52492,57542,3765,1515,2250
B0103,24,489,District - The Dangs,Total,Illiterate,87323,36507,50816,26951,11826,15125,10633,1257,9376,2544,532,2012,49739,23424,26315,449,125,324
B0103,24,489,District - The Dangs,Total,Literate,140968,77314,63654,61087,42100,18987,19586,6146,13440,7334,3458,3876,60295,29068,31227,3316,1390,1926
B0103,24,489,District - The Dangs,Total,Literate but below matric/secondary,115967,62716,53251,48188,32713,15475,16381,4967,11414,5918,2730,3188,51398,25036,26362,1928,749,1179
B0103,24,489,District - The Dangs,Total,Matric/secondary but below graduate,16092,9538,6554,7748,5848,1900,2014,770,1244,839,460,379,6330,2920,3410,832,393,439
B0103,24,489,District - The Dangs,Total,Technical diploma or certificate not equal to degree,1485,902,583,961,616,345,113,43,70,63,25,38,411,243,168,133,63,70
B0103,24,489,District - The Dangs,Total,Graduate and above other than technical degree,2786,1787,999,1735,1329,406,272,129,143,150,93,57,779,329,450,263,113,150
B0103,24,489,District - The Dangs,Total,Technical degree or diploma equal to degree or post-graduate degree,791,503,288,514,363,151,73,31,42,41,20,21,204,109,95,83,46,37
B0103,24,489,District - The Dangs,Rural,Total,203604,101710,101894,81533,48807,32726,29353,6951,22402,9484,3716,5768,92718,45952,46766,2246,1102,1144
B0103,24,489,District - The Dangs,Rural,Illiterate,82007,34310,47697,26160,11337,14823,10444,1200,9244,2479,494,1985,45403,21773,23630,275,96,179
B0103,24,489,District - The Dangs,Rural,Literate,121597,67400,54197,55373,37470,17903,18909,5751,13158,7005,3222,3783,47315,24179,23136,1971,1006,965
B0103,24,489,District - The Dangs,Rural,Literate but below matric/secondary,103711,56458,47253,45237,30255,14982,15926,4702,11224,5700,2570,3130,42548,21501,21047,1242,575,667
B0103,24,489,District - The Dangs,Rural,Matric/secondary but below graduate,11497,7257,4240,6337,4655,1682,1873,687,1186,765,409,356,3287,1915,1372,414,264,150
B0103,24,489,District - The Dangs,Rural,Technical diploma or certificate not equal to degree,1078,659,419,712,469,243,101,37,64,53,20,33,265,153,112,105,52,53
B0103,24,489,District - The Dangs,Rural,Graduate and above other than technical degree,1661,1130,531,1092,837,255,241,108,133,139,85,54,328,185,143,123,71,52
B0103,24,489,District - The Dangs,Rural,Technical degree or diploma equal to degree or post-graduate degree,506,341,165,326,246,80,66,27,39,36,16,20,114,68,46,48,27,21
B0103,24,489,District - The Dangs,Urban,Total,24687,12111,12576,6505,5119,1386,866,452,414,394,274,120,17316,6540,10776,1519,413,1106
B0103,24,489,District - The Dangs,Urban,Illiterate,5316,2197,3119,791,489,302,189,57,132,65,38,27,4336,1651,2685,174,29,145
B0103,24,489,District - The Dangs,Urban,Literate,19371,9914,9457,5714,4630,1084,677,395,282,329,236,93,12980,4889,8091,1345,384,961
B0103,24,489,District - The Dangs,Urban,Literate but below matric/secondary,12256,6258,5998,2951,2458,493,455,265,190,218,160,58,8850,3535,5315,686,174,512
B0103,24,489,District - The Dangs,Urban,Matric/secondary but below graduate,4595,2281,2314,1411,1193,218,141,83,58,74,51,23,3043,1005,2038,418,129,289
B0103,24,489,District - The Dangs,Urban,Technical diploma or certificate not equal to degree,407,243,164,249,147,102,12,6,6,10,5,5,146,90,56,28,11,17
B0103,24,489,District - The Dangs,Urban,Graduate and above other than technical degree,1125,657,468,643,492,151,31,21,10,11,8,3,451,144,307,140,42,98
B0103,24,489,District - The Dangs,Urban,Technical degree or diploma equal to degree or post-graduate degree,285,162,123,188,117,71,7,4,3,5,4,1,90,41,49,35,19,16
B0103,24,490,District - Navsari  ,Total,Total,1329672,678165,651507,510004,375375,134629,81830,32506,49324,20819,11999,8820,737838,270284,467554,34748,15458,19290
B0103,24,490,District - Navsari  ,Total,Illiterate,327763,138694,189069,94391,49608,44783,22239,5084,17155,4024,1668,2356,211133,84002,127131,2300,697,1603
B0103,24,490,District - Navsari  ,Total,Literate,1001909,539471,462438,415613,325767,89846,59591,27422,32169,16795,10331,6464,526705,186282,340423,32448,14761,17687
B0103,24,490,District - Navsari  ,Total,Literate but below matric/secondary,554938,297968,256970,211110,163016,48094,31979,14778,17201,8565,5333,3232,311849,120174,191675,10922,4813,6109
B0103,24,490,District - Navsari  ,Total,Matric/secondary but below graduate,261384,140572,120812,109994,91486,18508,14883,6725,8158,4241,2648,1593,136507,42361,94146,11100,5455,5645
B0103,24,490,District - Navsari  ,Total,Technical diploma or certificate not equal to degree,27163,17774,9389,15144,10938,4206,1444,901,543,712,479,233,10575,5935,4640,2773,1523,1250
B0103,24,490,District - Navsari  ,Total,Graduate and above other than technical degree,60935,30740,30195,30878,23802,7076,2762,1187,1575,893,466,427,27295,5751,21544,3725,1134,2591
B0103,24,490,District - Navsari  ,Total,Technical degree or diploma equal to degree or post-graduate degree,16127,10826,5301,9140,7049,2091,631,361,270,229,145,84,6356,3416,2940,1203,635,568
B0103,24,490,District - Navsari  ,Rural,Total,920535,464749,455786,365102,256694,108408,71802,26931,44871,18619,10537,8082,483631,181124,302507,24461,11301,13160
B0103,24,490,District - Navsari  ,Rural,Illiterate,244452,101826,142626,78695,40233,38462,20326,4271,16055,3561,1408,2153,145431,57322,88109,1469,445,1024
B0103,24,490,District - Navsari  ,Rural,Literate,676083,362923,313160,286407,216461,69946,51476,22660,28816,15058,9129,5929,338200,123802,214398,22992,10856,12136
B0103,24,490,District - Navsari  ,Rural,Literate but below matric/secondary,394573,212099,182474,156646,116922,39724,27892,12437,15455,7666,4681,2985,210035,82740,127295,7488,3432,4056
B0103,24,490,District - Navsari  ,Rural,Matric/secondary but below graduate,164221,87115,77106,69698,55527,14171,12711,5442,7269,3795,2359,1436,81812,26146,55666,7969,4080,3889
B0103,24,490,District - Navsari  ,Rural,Technical diploma or certificate not equal to degree,19746,12799,6947,10500,7435,3065,1309,813,496,674,455,219,7937,4551,3386,2392,1304,1088
B0103,24,490,District - Navsari  ,Rural,Graduate and above other than technical degree,29944,15055,14889,15271,11577,3694,2146,839,1307,758,382,376,12527,2639,9888,2301,714,1587
B0103,24,490,District - Navsari  ,Rural,Technical degree or diploma equal to degree or post-graduate degree,8136,5291,2845,4487,3391,1096,488,265,223,193,120,73,3161,1635,1526,768,374,394
B0103,24,490,District - Navsari  ,Urban,Total,409137,213416,195721,144902,118681,26221,10028,5575,4453,2200,1462,738,254207,89160,165047,10287,4157,6130
B0103,24,490,District - Navsari  ,Urban,Illiterate,83311,36868,46443,15696,9375,6321,1913,813,1100,463,260,203,65702,26680,39022,831,252,579
B0103,24,490,District - Navsari  ,Urban,Literate,325826,176548,149278,129206,109306,19900,8115,4762,3353,1737,1202,535,188505,62480,126025,9456,3905,5551
B0103,24,490,District - Navsari  ,Urban,Literate but below matric/secondary,160365,85869,74496,54464,46094,8370,4087,2341,1746,899,652,247,101814,37434,64380,3434,1381,2053
B0103,24,490,District - Navsari  ,Urban,Matric/secondary but below graduate,97163,53457,43706,40296,35959,4337,2172,1283,889,446,289,157,54695,16215,38480,3131,1375,1756
B0103,24,490,District - Navsari  ,Urban,Technical diploma or certificate not equal to degree,7417,4975,2442,4644,3503,1141,135,88,47,38,24,14,2638,1384,1254,381,219,162
B0103,24,490,District - Navsari  ,Urban,Graduate and above other than technical degree,30991,15685,15306,15607,12225,3382,616,348,268,135,84,51,14768,3112,11656,1424,420,1004
B0103,24,490,District - Navsari  ,Urban,Technical degree or diploma equal to degree or post-graduate degree,7991,5535,2456,4653,3658,995,143,96,47,36,25,11,3195,1781,1414,435,261,174
B0103,24,491,District - Valsad,Total,Total,1705678,887222,818456,577327,450394,126933,165918,65794,100124,47527,24131,23396,962433,371034,591399,43637,18842,24795
B0103,24,491,District - Valsad,Total,Illiterate,535021,231694,303327,121542,75076,46466,73026,21314,51712,21023,8528,12495,340453,135304,205149,6445,1649,4796
B0103,24,491,District - Valsad,Total,Literate,1170657,655528,515129,455785,375318,80467,92892,44480,48412,26504,15603,10901,621980,235730,386250,37192,17193,19999
B0103,24,491,District - Valsad,Total,Literate but below matric/secondary,638264,346813,291451,202915,163440,39475,48786,23438,25348,13995,8287,5708,386563,159935,226628,13476,5884,7592
B0103,24,491,District - Valsad,Total,Matric/secondary but below graduate,315325,185489,129836,140951,122805,18146,23930,11724,12206,7074,4320,2754,150444,50960,99484,14364,7307,7057
B0103,24,491,District - Valsad,Total,Technical diploma or certificate not equal to degree,21259,13675,7584,11842,8688,3154,1280,738,542,531,317,214,8137,4249,3888,1775,966,809
B0103,24,491,District - Valsad,Total,Graduate and above other than technical degree,74112,41522,32590,41186,33762,7424,3738,1696,2042,962,454,508,29188,6064,23124,3489,1117,2372
B0103,24,491,District - Valsad,Total,Technical degree or diploma equal to degree or post-graduate degree,18787,12657,6130,11217,8803,2414,883,519,364,288,168,120,6687,3335,3352,1176,666,510
B0103,24,491,District - Valsad,Rural,Total,1070177,542644,527533,350874,259041,91833,142560,52808,89752,41849,20698,21151,576743,230795,345948,27095,11390,15705
B0103,24,491,District - Valsad,Rural,Illiterate,398972,170335,228637,99220,60393,38827,68790,19659,49131,19955,8051,11904,230962,90283,140679,4938,1123,3815
B0103,24,491,District - Valsad,Rural,Literate,671205,372309,298896,251654,198648,53006,73770,33149,40621,21894,12647,9247,345781,140512,205269,22157,10267,11890
B0103,24,491,District - Valsad,Rural,Literate but below matric/secondary,401769,218430,183339,127405,99028,28377,40080,18487,21593,11832,6900,4932,234284,100915,133369,8364,3565,4799
B0103,24,491,District - Valsad,Rural,Matric/secondary but below graduate,160687,92772,67915,70235,58279,11956,18102,8022,10080,5648,3364,2284,72350,26471,45879,8374,4289,4085
B0103,24,491,District - Valsad,Rural,Technical diploma or certificate not equal to degree,12677,8007,4670,6478,4543,1935,1011,567,444,464,273,191,5188,2897,2291,1342,728,614
B0103,24,491,District - Valsad,Rural,Graduate and above other than technical degree,23184,13384,9800,13211,10620,2591,2086,826,1260,673,306,367,7887,1938,5949,1483,503,980
B0103,24,491,District - Valsad,Rural,Technical degree or diploma equal to degree or post-graduate degree,6004,3862,2142,3356,2501,855,469,237,232,198,104,94,2179,1124,1055,564,307,257
B0103,24,491,District - Valsad,Urban,Total,635501,344578,290923,226453,191353,35100,23358,12986,10372,5678,3433,2245,385690,140239,245451,16542,7452,9090
B0103,24,491,District - Valsad,Urban,Illiterate,136049,61359,74690,22322,14683,7639,4236,1655,2581,1068,477,591,109491,45021,64470,1507,526,981
B0103,24,491,District - Valsad,Urban,Literate,499452,283219,216233,204131,176670,27461,19122,11331,7791,4610,2956,1654,276199,95218,180981,15035,6926,8109
B0103,24,491,District - Valsad,Urban,Literate but below matric/secondary,236495,128383,108112,75510,64412,11098,8706,4951,3755,2163,1387,776,152279,59020,93259,5112,2319,2793
B0103,24,491,District - Valsad,Urban,Matric/secondary but below graduate,154638,92717,61921,70716,64526,6190,5828,3702,2126,1426,956,470,78094,24489,53605,5990,3018,2972
B0103,24,491,District - Valsad,Urban,Technical diploma or certificate not equal to degree,8582,5668,2914,5364,4145,1219,269,171,98,67,44,23,2949,1352,1597,433,238,195
B0103,24,491,District - Valsad,Urban,Graduate and above other than technical degree,50928,28138,22790,27975,23142,4833,1652,870,782,289,148,141,21301,4126,17175,2006,614,1392
B0103,24,491,District - Valsad,Urban,Technical degree or diploma equal to degree or post-graduate degree,12783,8795,3988,7861,6302,1559,414,282,132,90,64,26,4508,2211,2297,612,359,253
B0103,24,492,District - Surat,Total,Total,6081322,3402224,2679098,2405288,2075920,329368,148254,66899,81355,30271,16901,13370,3527780,1259405,2268375,76463,34396,42067
B0103,24,492,District - Surat,Total,Illiterate,1509912,714756,795156,347477,233102,114375,40235,11240,28995,7762,2968,4794,1122200,470414,651786,8160,2646,5514
B0103,24,492,District - Surat,Total,Literate,4571410,2687468,1883942,2057811,1842818,214993,108019,55659,52360,22509,13933,8576,2405580,788991,1616589,68303,31750,36553
B0103,24,492,District - Surat,Total,Literate but below matric/secondary,2575347,1484151,1091196,1022648,907538,115110,61207,29396,31811,12895,7830,5065,1491492,547217,944275,28799,13267,15532
B0103,24,492,District - Surat,Total,Matric/secondary but below graduate,1280310,783089,497221,642567,599512,43055,26969,15050,11919,5506,3599,1907,610774,168527,442247,22697,11212,11485
B0103,24,492,District - Surat,Total,Technical diploma or certificate not equal to degree,57768,39699,18069,36570,28588,7982,1318,862,456,508,372,136,19880,10249,9631,2715,1642,1073
B0103,24,492,District - Surat,Total,Graduate and above other than technical degree,283140,156990,126150,156099,132855,23244,4676,2384,2292,1078,596,482,122365,21751,100614,7703,2532,5171
B0103,24,492,District - Surat,Total,Technical degree or diploma equal to degree or post-graduate degree,61456,42629,18827,39572,31622,7950,1071,617,454,302,170,132,20813,10390,10423,2193,1221,972
B0103,24,492,District - Surat,Rural,Total,1232109,640060,592049,522191,375267,146924,73208,25183,48025,18737,9480,9257,636710,239610,397100,22934,10107,12827
B0103,24,492,District - Surat,Rural,Illiterate,391665,170045,221620,147143,77443,69700,26556,5339,21217,5379,1701,3678,217966,87263,130703,2296,596,1700
B0103,24,492,District - Surat,Rural,Literate,840444,470015,370429,375048,297824,77224,46652,19844,26808,13358,7779,5579,418744,152347,266397,20638,9511,11127
B0103,24,492,District - Surat,Rural,Literate but below matric/secondary,540499,296027,244472,224506,172720,51786,29484,11868,17616,8148,4616,3532,286509,111439,175070,8259,3667,4592
B0103,24,492,District - Surat,Rural,Matric/secondary but below graduate,183550,107710,75840,87767,76268,11499,9459,4447,5012,2854,1770,1084,86324,26995,59329,6655,3346,3309
B0103,24,492,District - Surat,Rural,Technical diploma or certificate not equal to degree,13879,9315,4564,7773,5762,2011,622,409,213,314,228,86,5484,3144,2340,1424,825,599
B0103,24,492,District - Surat,Rural,Graduate and above other than technical degree,32732,18777,13955,17936,15087,2849,1412,694,718,518,309,209,13384,2996,10388,2191,751,1440
B0103,24,492,District - Surat,Rural,Technical degree or diploma equal to degree or post-graduate degree,7744,5062,2682,4405,3420,985,336,172,164,140,77,63,3003,1470,1533,617,298,319
B0103,24,492,District - Surat,Urban,Total,4849213,2762164,2087049,1883097,1700653,182444,75046,41716,33330,11534,7421,4113,2891070,1019795,1871275,53529,24289,29240
B0103,24,492,District - Surat,Urban,Illiterate,1118247,544711,573536,200334,155659,44675,13679,5901,7778,2383,1267,1116,904234,383151,521083,5864,2050,3814
B0103,24,492,District - Surat,Urban,Literate,3730966,2217453,1513513,1682763,1544994,137769,61367,35815,25552,9151,6154,2997,1986836,636644,1350192,47665,22239,25426
B0103,24,492,District - Surat,Urban,Literate but below matric/secondary,2034848,1188124,846724,798142,734818,63324,31723,17528,14195,4747,3214,1533,1204983,435778,769205,20540,9600,10940
B0103,24,492,District - Surat,Urban,Matric/secondary but below graduate,1096760,675379,421381,554800,523244,31556,17510,10603,6907,2652,1829,823,524450,141532,382918,16042,7866,8176
B0103,24,492,District - Surat,Urban,Technical diploma or certificate not equal to degree,43889,30384,13505,28797,22826,5971,696,453,243,194,144,50,14396,7105,7291,1291,817,474
B0103,24,492,District - Surat,Urban,Graduate and above other than technical degree,250408,138213,112195,138163,117768,20395,3264,1690,1574,560,287,273,108981,18755,90226,5512,1781,3731
B0103,24,492,District - Surat,Urban,Technical degree or diploma equal to degree or post-graduate degree,53712,37567,16145,35167,28202,6965,735,445,290,162,93,69,17810,8920,8890,1576,923,653
B0103,24,493,District - Tapi,Total,Total,807022,402188,404834,337579,214069,123510,113323,36980,76343,32251,14851,17400,356120,151139,204981,17083,7839,9244
B0103,24,493,District - Tapi,Total,Illiterate,316986,133181,183805,130418,65713,64705,46952,10198,36754,10889,3550,7339,139616,57270,82346,1989,615,1374
B0103,24,493,District - Tapi,Total,Literate,490036,269007,221029,207161,148356,58805,66371,26782,39589,21362,11301,10061,216504,93869,122635,15094,7224,7870
B0103,24,493,District - Tapi,Total,Literate but below matric/secondary,306508,167940,138568,119233,85084,34149,40064,15789,24275,12279,6520,5759,147211,67067,80144,5477,2572,2905
B0103,24,493,District - Tapi,Total,Matric/secondary but below graduate,91827,51223,40604,39267,29620,9647,12513,5294,7219,4378,2415,1963,40047,16309,23738,4825,2519,2306
B0103,24,493,District - Tapi,Total,Technical diploma or certificate not equal to degree,8794,5272,3522,4951,3247,1704,760,415,345,345,192,153,3083,1610,1473,887,472,415
B0103,24,493,District - Tapi,Total,Graduate and above other than technical degree,18828,10153,8675,9497,7076,2421,2274,964,1310,980,502,478,7057,2113,4944,1747,688,1059
B0103,24,493,District - Tapi,Total,Technical degree or diploma equal to degree or post-graduate degree,5653,3461,2192,2895,2159,736,582,277,305,257,114,143,2176,1025,1151,663,304,359
B0103,24,493,District - Tapi,Rural,Total,727535,361548,365987,313142,194738,118404,108059,33857,74202,30701,13777,16924,306334,132953,173381,13757,6493,7264
B0103,24,493,District - Tapi,Rural,Illiterate,297159,124814,172345,126478,63415,63063,45885,9773,36112,10620,3413,7207,124796,51626,73170,1718,540,1178
B0103,24,493,District - Tapi,Rural,Literate,430376,236734,193642,186664,131323,55341,62174,24084,38090,20081,10364,9717,181538,81327,100211,12039,5953,6086
B0103,24,493,District - Tapi,Rural,Literate but below matric/secondary,277378,152386,124992,111204,78329,32875,38122,14530,23592,11620,6031,5589,128052,59527,68525,4491,2195,2296
B0103,24,493,District - Tapi,Rural,Matric/secondary but below graduate,76661,42858,33803,33909,24892,9017,11449,4596,6853,4062,2178,1884,31303,13370,17933,3811,2047,1764
B0103,24,493,District - Tapi,Rural,Technical diploma or certificate not equal to degree,6936,4065,2871,3769,2409,1360,658,345,313,319,175,144,2509,1311,1198,753,381,372
B0103,24,493,District - Tapi,Rural,Graduate and above other than technical degree,13746,7554,6192,7047,5173,1874,1954,785,1169,890,444,446,4745,1596,3149,1294,557,737
B0103,24,493,District - Tapi,Rural,Technical degree or diploma equal to degree or post-graduate degree,4036,2407,1629,2041,1490,551,483,224,259,227,97,130,1512,693,819,493,214,279
B0103,24,493,District - Tapi,Urban,Total,79487,40640,38847,24437,19331,5106,5264,3123,2141,1550,1074,476,49786,18186,31600,3326,1346,1980
B0103,24,493,District - Tapi,Urban,Illiterate,19827,8367,11460,3940,2298,1642,1067,425,642,269,137,132,14820,5644,9176,271,75,196
B0103,24,493,District - Tapi,Urban,Literate,59660,32273,27387,20497,17033,3464,4197,2698,1499,1281,937,344,34966,12542,22424,3055,1271,1784
B0103,24,493,District - Tapi,Urban,Literate but below matric/secondary,29130,15554,13576,8029,6755,1274,1942,1259,683,659,489,170,19159,7540,11619,986,377,609
B0103,24,493,District - Tapi,Urban,Matric/secondary but below graduate,15166,8365,6801,5358,4728,630,1064,698,366,316,237,79,8744,2939,5805,1014,472,542
B0103,24,493,District - Tapi,Urban,Technical diploma or certificate not equal to degree,1858,1207,651,1182,838,344,102,70,32,26,17,9,574,299,275,134,91,43
B0103,24,493,District - Tapi,Urban,Graduate and above other than technical degree,5082,2599,2483,2450,1903,547,320,179,141,90,58,32,2312,517,1795,453,131,322
B0103,24,493,District - Tapi,Urban,Technical degree or diploma equal to degree or post-graduate degree,1617,1054,563,854,669,185,99,53,46,30,17,13,664,332,332,170,90,80
B0103,25,494,District - Diu,Total,Total,52074,25642,26432,14718,12659,2059,1032,273,759,362,151,211,36324,12710,23614,3185,1198,1987
B0103,25,494,District - Diu,Total,Illiterate,14016,5315,8701,2127,1361,766,328,33,295,68,7,61,11561,3921,7640,277,34,243
B0103,25,494,District - Diu,Total,Literate,38058,20327,17731,12591,11298,1293,704,240,464,294,144,150,24763,8789,15974,2908,1164,1744
B0103,25,494,District - Diu,Total,Literate but below matric/secondary,23351,11344,12007,5885,5206,679,445,109,336,160,59,101,17021,6029,10992,1040,257,783
B0103,25,494,District - Diu,Total,Matric/secondary but below graduate,11582,6959,4623,4989,4662,327,199,99,100,99,65,34,6394,2198,4196,1425,664,761
B0103,25,494,District - Diu,Total,Technical diploma or certificate not equal to degree,448,311,137,243,190,53,6,4,2,4,2,2,199,117,82,76,40,36
B0103,25,494,District - Diu,Total,Graduate and above other than technical degree,1580,1067,513,931,795,136,24,16,8,17,12,5,625,256,369,251,136,115
B0103,25,494,District - Diu,Total,Technical degree or diploma equal to degree or post-graduate degree,486,368,118,311,256,55,8,4,4,6,3,3,167,108,59,75,50,25
B0103,25,494,District - Diu,Rural,Total,28083,14028,14055,7943,6773,1170,581,143,438,174,69,105,19559,7112,12447,1524,551,973
B0103,25,494,District - Diu,Rural,Illiterate,9887,3765,6122,1902,1243,659,262,29,233,50,5,45,7723,2493,5230,200,16,184
B0103,25,494,District - Diu,Rural,Literate,18196,10263,7933,6041,5530,511,319,114,205,124,64,60,11836,4619,7217,1324,535,789
B0103,25,494,District - Diu,Rural,Literate but below matric/secondary,12777,7077,5700,3966,3647,319,191,60,131,74,32,42,8620,3370,5250,502,122,380
B0103,25,494,District - Diu,Rural,Matric/secondary but below graduate,4220,2314,1906,1436,1308,128,100,37,63,35,23,12,2684,969,1715,614,265,349
B0103,25,494,District - Diu,Rural,Technical diploma or certificate not equal to degree,172,121,51,73,61,12,2,0,2,2,0,2,97,60,37,43,23,20
B0103,25,494,District - Diu,Rural,Graduate and above other than technical degree,587,471,116,353,324,29,10,8,2,6,5,1,224,139,85,115,91,24
B0103,25,494,District - Diu,Rural,Technical degree or diploma equal to degree or post-graduate degree,174,150,24,100,92,8,3,3,0,2,2,0,71,55,16,41,32,9
B0103,25,494,District - Diu,Urban,Total,23991,11614,12377,6775,5886,889,451,130,321,188,82,106,16765,5598,11167,1661,647,1014
B0103,25,494,District - Diu,Urban,Illiterate,4129,1550,2579,225,118,107,66,4,62,18,2,16,3838,1428,2410,77,18,59
B0103,25,494,District - Diu,Urban,Literate,19862,10064,9798,6550,5768,782,385,126,259,170,80,90,12927,4170,8757,1584,629,955
B0103,25,494,District - Diu,Urban,Literate but below matric/secondary,10574,4267,6307,1919,1559,360,254,49,205,86,27,59,8401,2659,5742,538,135,403
B0103,25,494,District - Diu,Urban,Matric/secondary but below graduate,7362,4645,2717,3553,3354,199,99,62,37,64,42,22,3710,1229,2481,811,399,412
B0103,25,494,District - Diu,Urban,Technical diploma or certificate not equal to degree,276,190,86,170,129,41,4,4,0,2,2,0,102,57,45,33,17,16
B0103,25,494,District - Diu,Urban,Graduate and above other than technical degree,993,596,397,578,471,107,14,8,6,11,7,4,401,117,284,136,45,91
B0103,25,494,District - Diu,Urban,Technical degree or diploma equal to degree or post-graduate degree,312,218,94,211,164,47,5,1,4,4,1,3,96,53,43,34,18,16
B0103,25,495,District - Daman,Total,Total,191173,124659,66514,101717,91955,9762,3804,2547,1257,873,621,252,85652,30157,55495,4271,1555,2716
B0103,25,495,District - Daman,Total,Illiterate,40825,20343,20482,10231,7867,2364,725,346,379,140,74,66,29869,12130,17739,393,86,307
B0103,25,495,District - Daman,Total,Literate,150348,104316,46032,91486,84088,7398,3079,2201,878,733,547,186,55783,18027,37756,3878,1469,2409
B0103,25,495,District - Daman,Total,Literate but below matric/secondary,80345,54828,25517,45086,41133,3953,1749,1261,488,403,315,88,33510,12434,21076,1486,597,889
B0103,25,495,District - Daman,Total,Matric/secondary but below graduate,50409,36262,14147,33196,31401,1795,972,690,282,255,185,70,16241,4171,12070,1612,647,965
B0103,25,495,District - Daman,Total,Technical diploma or certificate not equal to degree,2549,1915,634,1755,1519,236,47,36,11,13,10,3,747,360,387,155,63,92
B0103,25,495,District - Daman,Total,Graduate and above other than technical degree,8805,5672,3133,5988,5246,742,112,72,40,23,9,14,2705,354,2351,368,69,299
B0103,25,495,District - Daman,Total,Technical degree or diploma equal to degree or post-graduate degree,1931,1318,613,1392,1111,281,28,17,11,9,4,5,511,190,321,104,35,69
B0103,25,495,District - Daman,Rural,Total,32313,18367,13946,13492,11358,2134,1287,588,699,231,133,98,17534,6421,11113,829,392,437
B0103,25,495,District - Daman,Rural,Illiterate,7420,3101,4319,1396,884,512,297,84,213,34,12,22,5727,2133,3594,53,17,36
B0103,25,495,District - Daman,Rural,Literate,24893,15266,9627,12096,10474,1622,990,504,486,197,121,76,11807,4288,7519,776,375,401
B0103,25,495,District - Daman,Rural,Literate but below matric/secondary,14744,8706,6038,6559,5472,1087,624,323,301,108,62,46,7561,2911,4650,274,133,141
B0103,25,495,District - Daman,Rural,Matric/secondary but below graduate,7675,5020,2655,4120,3811,309,273,141,132,67,47,20,3282,1068,2214,339,178,161
B0103,25,495,District - Daman,Rural,Technical diploma or certificate not equal to degree,418,290,128,212,169,43,17,11,6,6,5,1,189,110,79,54,23,31
B0103,25,495,District - Daman,Rural,Graduate and above other than technical degree,744,502,242,514,453,61,11,4,7,3,0,3,219,45,174,55,18,37
B0103,25,495,District - Daman,Rural,Technical degree or diploma equal to degree or post-graduate degree,164,100,64,89,72,17,5,3,2,4,2,2,70,25,45,19,4,15
B0103,25,495,District - Daman,Urban,Total,158860,106292,52568,88225,80597,7628,2517,1959,558,642,488,154,68118,23736,44382,3442,1163,2279
B0103,25,495,District - Daman,Urban,Illiterate,33405,17242,16163,8835,6983,1852,428,262,166,106,62,44,24142,9997,14145,340,69,271
B0103,25,495,District - Daman,Urban,Literate,125455,89050,36405,79390,73614,5776,2089,1697,392,536,426,110,43976,13739,30237,3102,1094,2008
B0103,25,495,District - Daman,Urban,Literate but below matric/secondary,65601,46122,19479,38527,35661,2866,1125,938,187,295,253,42,25949,9523,16426,1212,464,748
B0103,25,495,District - Daman,Urban,Matric/secondary but below graduate,42734,31242,11492,29076,27590,1486,699,549,150,188,138,50,12959,3103,9856,1273,469,804
B0103,25,495,District - Daman,Urban,Technical diploma or certificate not equal to degree,2131,1625,506,1543,1350,193,30,25,5,7,5,2,558,250,308,101,40,61
B0103,25,495,District - Daman,Urban,Graduate and above other than technical degree,8061,5170,2891,5474,4793,681,101,68,33,20,9,11,2486,309,2177,313,51,262
B0103,25,495,District - Daman,Urban,Technical degree or diploma equal to degree or post-graduate degree,1767,1218,549,1303,1039,264,23,14,9,5,2,3,441,165,276,85,31,54
B0103,26,496,District - Dadra & Nagar Haveli,Total,Total,343709,193760,149949,130299,109125,21174,26862,10168,16694,5337,2704,2633,186548,74467,112081,7095,2451,4644
B0103,26,496,District - Dadra & Nagar Haveli,Total,Illiterate,120479,51239,69240,29021,18218,10803,13967,2815,11152,2487,875,1612,77491,30206,47285,1723,259,1464
B0103,26,496,District - Dadra & Nagar Haveli,Total,Literate,223230,142521,80709,101278,90907,10371,12895,7353,5542,2850,1829,1021,109057,44261,64796,5372,2192,3180
B0103,26,496,District - Dadra & Nagar Haveli,Total,Literate but below matric/secondary,129530,78204,51326,44636,39430,5206,8083,4238,3845,1833,1154,679,76811,34536,42275,2300,999,1301
B0103,26,496,District - Dadra & Nagar Haveli,Total,Matric/secondary but below graduate,56128,39427,16701,32867,30868,1999,2630,1755,875,505,344,161,20631,6804,13827,1566,686,880
B0103,26,496,District - Dadra & Nagar Haveli,Total,Technical diploma or certificate not equal to degree,4748,3645,1103,3456,2982,474,179,130,49,71,50,21,1113,533,580,246,108,138
B0103,26,496,District - Dadra & Nagar Haveli,Total,Graduate and above other than technical degree,14733,9248,5485,9512,8339,1173,462,259,203,84,44,40,4759,650,4109,577,123,454
B0103,26,496,District - Dadra & Nagar Haveli,Total,Technical degree or diploma equal to degree or post-graduate degree,4441,2979,1462,3073,2410,663,190,116,74,74,41,33,1178,453,725,340,142,198
B0103,26,496,District - Dadra & Nagar Haveli,Rural,Total,183114,98305,84809,62211,48239,13972,21912,7564,14348,4517,2217,2300,98991,42502,56489,3750,1373,2377
B0103,26,496,District - Dadra & Nagar Haveli,Rural,Illiterate,83972,34255,49717,23915,14610,9305,13001,2558,10443,2349,816,1533,47056,17087,29969,1380,188,1192
B0103,26,496,District - Dadra & Nagar Haveli,Rural,Literate,99142,64050,35092,38296,33629,4667,8911,5006,3905,2168,1401,767,51935,25415,26520,2370,1185,1185
B0103,26,496,District - Dadra & Nagar Haveli,Rural,Literate but below matric/secondary,71029,43225,27804,22032,18935,3097,6216,3196,3020,1503,937,566,42781,21094,21687,1292,611,681
B0103,26,496,District - Dadra & Nagar Haveli,Rural,Matric/secondary but below graduate,17672,13467,4205,10186,9410,776,1456,1026,430,309,218,91,6030,3031,2999,551,320,231
B0103,26,496,District - Dadra & Nagar Haveli,Rural,Technical diploma or certificate not equal to degree,1007,733,274,588,487,101,70,50,20,41,30,11,349,196,153,109,55,54
B0103,26,496,District - Dadra & Nagar Haveli,Rural,Graduate and above other than technical degree,2100,1516,584,1355,1239,116,106,78,28,24,19,5,639,199,440,102,46,56
B0103,26,496,District - Dadra & Nagar Haveli,Rural,Technical degree or diploma equal to degree or post-graduate degree,1079,726,353,657,509,148,75,49,26,47,30,17,347,168,179,157,80,77
B0103,26,496,District - Dadra & Nagar Haveli,Urban,Total,160595,95455,65140,68088,60886,7202,4950,2604,2346,820,487,333,87557,31965,55592,3345,1078,2267
B0103,26,496,District - Dadra & Nagar Haveli,Urban,Illiterate,36507,16984,19523,5106,3608,1498,966,257,709,138,59,79,30435,13119,17316,343,71,272
B0103,26,496,District - Dadra & Nagar Haveli,Urban,Literate,124088,78471,45617,62982,57278,5704,3984,2347,1637,682,428,254,57122,18846,38276,3002,1007,1995
B0103,26,496,District - Dadra & Nagar Haveli,Urban,Literate but below matric/secondary,58501,34979,23522,22604,20495,2109,1867,1042,825,330,217,113,34030,13442,20588,1008,388,620
B0103,26,496,District - Dadra & Nagar Haveli,Urban,Matric/secondary but below graduate,38456,25960,12496,22681,21458,1223,1174,729,445,196,126,70,14601,3773,10828,1015,366,649
B0103,26,496,District - Dadra & Nagar Haveli,Urban,Technical diploma or certificate not equal to degree,3741,2912,829,2868,2495,373,109,80,29,30,20,10,764,337,427,137,53,84
B0103,26,496,District - Dadra & Nagar Haveli,Urban,Graduate and above other than technical degree,12633,7732,4901,8157,7100,1057,356,181,175,60,25,35,4120,451,3669,475,77,398
B0103,26,496,District - Dadra & Nagar Haveli,Urban,Technical degree or diploma equal to degree or post-graduate degree,3362,2253,1109,2416,1901,515,115,67,48,27,11,16,831,285,546,183,62,121
B0103,27,497,District - Nandurbar,Total,Total,1648295,833170,815125,664193,395928,268265,127872,46970,80902,49833,23647,26186,856230,390272,465958,36062,19153,16909
B0103,27,497,District - Nandurbar,Total,Illiterate,741786,321071,420715,317009,147447,169562,66619,17573,49046,24494,8785,15709,358158,156051,202107,6313,1959,4354
B0103,27,497,District - Nandurbar,Total,Literate,906509,512099,394410,347184,248481,98703,61253,29397,31856,25339,14862,10477,498072,234221,263851,29749,17194,12555
B0103,27,497,District - Nandurbar,Total,Literate but below matric/secondary,544807,297822,246985,170164,116651,53513,31574,14488,17086,12843,7238,5605,343069,166683,176386,9835,4837,4998
B0103,27,497,District - Nandurbar,Total,Matric/secondary but below graduate,202766,122462,80304,87663,69681,17982,13747,7773,5974,6244,4221,2023,101356,45008,56348,12656,8099,4557
B0103,27,497,District - Nandurbar,Total,Technical diploma or certificate not equal to degree,7981,6389,1592,3946,3551,395,395,304,91,208,157,51,3640,2534,1106,962,731,231
B0103,27,497,District - Nandurbar,Total,Graduate and above other than technical degree,33784,23660,10124,19918,17228,2690,1957,1414,543,901,717,184,11909,5018,6891,2424,1481,943
B0103,27,497,District - Nandurbar,Total,Technical degree or diploma equal to degree or post-graduate degree,15044,10628,4416,8426,6645,1781,752,520,232,295,211,84,5866,3463,2403,1667,1026,641
B0103,27,497,District - Nandurbar,Rural,Total,1372821,687671,685150,584986,333204,251782,116578,40425,76153,45055,20725,24330,671257,314042,357215,25481,12997,12484
B0103,27,497,District - Nandurbar,Rural,Illiterate,676561,292357,384204,304334,140299,164035,63662,16447,47215,22984,8147,14837,308565,135611,172954,5485,1744,3741
B0103,27,497,District - Nandurbar,Rural,Literate,696260,395314,300946,280652,192905,87747,52916,23978,28938,22071,12578,9493,362692,178431,184261,19996,11253,8743
B0103,27,497,District - Nandurbar,Rural,Literate but below matric/secondary,442621,243659,198962,147890,98549,49341,28131,12328,15803,11412,6248,5164,266600,132782,133818,7621,3823,3798
B0103,27,497,District - Nandurbar,Rural,Matric/secondary but below graduate,138016,85720,52296,65126,49739,15387,11035,5896,5139,5161,3378,1783,61855,30085,31770,7833,4706,3127
B0103,27,497,District - Nandurbar,Rural,Technical diploma or certificate not equal to degree,4860,3892,968,2272,2020,252,275,202,73,168,123,45,2313,1670,643,556,413,143
B0103,27,497,District - Nandurbar,Rural,Graduate and above other than technical degree,16744,12484,4260,9957,8763,1194,1305,961,344,702,577,125,5482,2760,2722,1350,898,452
B0103,27,497,District - Nandurbar,Rural,Technical degree or diploma equal to degree or post-graduate degree,7845,5834,2011,4208,3452,756,483,336,147,208,157,51,3154,2046,1108,967,640,327
B0103,27,497,District - Nandurbar,Urban,Total,275474,145499,129975,79207,62724,16483,11294,6545,4749,4778,2922,1856,184973,76230,108743,10581,6156,4425
B0103,27,497,District - Nandurbar,Urban,Illiterate,65225,28714,36511,12675,7148,5527,2957,1126,1831,1510,638,872,49593,20440,29153,828,215,613
B0103,27,497,District - Nandurbar,Urban,Literate,210249,116785,93464,66532,55576,10956,8337,5419,2918,3268,2284,984,135380,55790,79590,9753,5941,3812
B0103,27,497,District - Nandurbar,Urban,Literate but below matric/secondary,102186,54163,48023,22274,18102,4172,3443,2160,1283,1431,990,441,76469,33901,42568,2214,1014,1200
B0103,27,497,District - Nandurbar,Urban,Matric/secondary but below graduate,64750,36742,28008,22537,19942,2595,2712,1877,835,1083,843,240,39501,14923,24578,4823,3393,1430
B0103,27,497,District - Nandurbar,Urban,Technical diploma or certificate not equal to degree,3121,2497,624,1674,1531,143,120,102,18,40,34,6,1327,864,463,406,318,88
B0103,27,497,District - Nandurbar,Urban,Graduate and above other than technical degree,17040,11176,5864,9961,8465,1496,652,453,199,199,140,59,6427,2258,4169,1074,583,491
B0103,27,497,District - Nandurbar,Urban,Technical degree or diploma equal to degree or post-graduate degree,7199,4794,2405,4218,3193,1025,269,184,85,87,54,33,2712,1417,1295,700,386,314
B0103,27,498,District - Dhule,Total,Total,2050862,1054031,996831,825875,526267,299608,110495,44181,66314,29913,16219,13694,1114492,483583,630909,38468,21416,17052
B0103,27,498,District - Dhule,Total,Illiterate,756946,330643,426303,291780,134594,157186,41955,12041,29914,11336,4401,6935,423211,184008,239203,4493,1740,2753
B0103,27,498,District - Dhule,Total,Literate,1293916,723388,570528,534095,391673,142422,68540,32140,36400,18577,11818,6759,691281,299575,391706,33975,19676,14299
B0103,27,498,District - Dhule,Total,Literate but below matric/secondary,746640,391798,354842,265665,179370,86295,38275,15595,22680,9518,5395,4123,442700,196833,245867,10036,5082,4954
B0103,27,498,District - Dhule,Total,Matric/secondary but below graduate,346932,208699,138233,158333,129150,29183,18598,10119,8479,5502,4015,1487,170001,69430,100571,13956,8691,5265
B0103,27,498,District - Dhule,Total,Technical diploma or certificate not equal to degree,14894,12288,2606,7526,6917,609,632,539,93,312,271,41,6736,4832,1904,1241,992,249
B0103,27,498,District - Dhule,Total,Graduate and above other than technical degree,67898,45477,22421,39158,33538,5620,2729,1858,871,980,751,229,26011,10081,15930,4346,2396,1950
B0103,27,498,District - Dhule,Total,Technical degree or diploma equal to degree or post-graduate degree,29660,20268,9392,16216,12331,3885,1109,781,328,416,305,111,12335,7156,5179,2758,1697,1061
B0103,27,498,District - Dhule,Rural,Total,1479826,758916,720910,663077,391024,272053,95009,34445,60564,25479,13070,12409,721740,333447,388293,23012,12987,10025
B0103,27,498,District - Dhule,Rural,Illiterate,622386,269438,352948,269714,120019,149695,38766,10550,28216,10449,3942,6507,313906,138869,175037,3204,1255,1949
B0103,27,498,District - Dhule,Rural,Literate,857440,489478,367962,393363,271005,122358,56243,23895,32348,15030,9128,5902,407834,194578,213256,19808,11732,8076
B0103,27,498,District - Dhule,Rural,Literate but below matric/secondary,536624,287257,249367,215982,137092,78890,33160,12390,20770,8040,4307,3733,287482,137775,149707,6458,3193,3265
B0103,27,498,District - Dhule,Rural,Matric/secondary but below graduate,211407,134597,76810,112323,87784,24539,14577,7276,7301,4307,3052,1255,84507,39537,44970,8660,5468,3192
B0103,27,498,District - Dhule,Rural,Technical diploma or certificate not equal to degree,7450,6338,1112,3753,3460,293,441,381,60,239,207,32,3256,2497,759,715,594,121
B0103,27,498,District - Dhule,Rural,Graduate and above other than technical degree,24859,18710,6149,15666,13721,1945,1492,1002,490,598,463,135,7701,3987,3714,1715,1093,622
B0103,27,498,District - Dhule,Rural,Technical degree or diploma equal to degree or post-graduate degree,12634,9360,3274,6901,5554,1347,692,499,193,282,219,63,5041,3307,1734,1252,861,391
B0103,27,498,District - Dhule,Urban,Total,571036,295115,275921,162798,135243,27555,15486,9736,5750,4434,3149,1285,392752,150136,242616,15456,8429,7027
B0103,27,498,District - Dhule,Urban,Illiterate,134560,61205,73355,22066,14575,7491,3189,1491,1698,887,459,428,109305,45139,64166,1289,485,804
B0103,27,498,District - Dhule,Urban,Literate,436476,233910,202566,140732,120668,20064,12297,8245,4052,3547,2690,857,283447,104997,178450,14167,7944,6223
B0103,27,498,District - Dhule,Urban,Literate but below matric/secondary,210016,104541,105475,49683,42278,7405,5115,3205,1910,1478,1088,390,155218,59058,96160,3578,1889,1689
B0103,27,498,District - Dhule,Urban,Matric/secondary but below graduate,135525,74102,61423,46010,41366,4644,4021,2843,1178,1195,963,232,85494,29893,55601,5296,3223,2073
B0103,27,498,District - Dhule,Urban,Technical diploma or certificate not equal to degree,7444,5950,1494,3773,3457,316,191,158,33,73,64,9,3480,2335,1145,526,398,128
B0103,27,498,District - Dhule,Urban,Graduate and above other than technical degree,43039,26767,16272,23492,19817,3675,1237,856,381,382,288,94,18310,6094,12216,2631,1303,1328
B0103,27,498,District - Dhule,Urban,Technical degree or diploma equal to degree or post-graduate degree,17026,10908,6118,9315,6777,2538,417,282,135,134,86,48,7294,3849,3445,1506,836,670
B0103,27,499,District - Jalgaon,Total,Total,4229917,2197365,2032552,1643955,1082936,561019,219616,103536,116080,79254,47567,31687,2366346,1010893,1355453,95703,53454,42249
B0103,27,499,District - Jalgaon,Total,Illiterate,1338035,568142,769893,426409,187352,239057,67778,21268,46510,22932,9278,13654,843848,359522,484326,11041,3726,7315
B0103,27,499,District - Jalgaon,Total,Literate,2891882,1629223,1262659,1217546,895584,321962,151838,82268,69570,56322,38289,18033,1522498,651371,871127,84662,49728,34934
B0103,27,499,District - Jalgaon,Total,Literate but below matric/secondary,1703206,900532,802674,647933,438603,209330,88040,42995,45045,31205,19735,11470,967233,418934,548299,27108,13550,13558
B0103,27,499,District - Jalgaon,Total,Matric/secondary but below graduate,783349,475765,307584,354010,289147,64863,41196,25641,15555,16825,12749,4076,388143,160977,227166,35028,22113,12915
B0103,27,499,District - Jalgaon,Total,Technical diploma or certificate not equal to degree,37913,32619,5294,20279,18950,1329,1717,1506,211,910,830,80,15917,12163,3754,3460,2955,505
B0103,27,499,District - Jalgaon,Total,Graduate and above other than technical degree,153164,100494,52670,83858,72192,11666,6214,4448,1766,2610,2028,582,63092,23854,39238,10228,6000,4228
B0103,27,499,District - Jalgaon,Total,Technical degree or diploma equal to degree or post-graduate degree,56551,39510,17041,30586,24034,6552,1949,1333,616,789,561,228,24016,14143,9873,5258,3320,1938
B0103,27,499,District - Jalgaon,Rural,Total,2887206,1500514,1386692,1259810,766492,493318,167881,70667,97214,60056,33790,26266,1459515,663355,796160,55979,32365,23614
B0103,27,499,District - Jalgaon,Rural,Illiterate,1009644,420264,589380,372083,152600,219483,56092,15830,40262,18680,6988,11692,581469,251834,329635,7141,2287,4854
B0103,27,499,District - Jalgaon,Rural,Literate,1877562,1080250,797312,887727,613892,273835,111789,54837,56952,41376,26802,14574,878046,411521,466525,48838,30078,18760
B0103,27,499,District - Jalgaon,Rural,Literate but below matric/secondary,1203725,649149,554576,522702,334093,188609,68183,30054,38129,23661,14086,9575,612840,285002,327838,16815,8559,8256
B0103,27,499,District - Jalgaon,Rural,Matric/secondary but below graduate,468846,300450,168396,246893,192970,53923,29069,16720,12349,12140,8900,3240,192884,90760,102124,20991,13877,7114
B0103,27,499,District - Jalgaon,Rural,Technical diploma or certificate not equal to degree,18802,16681,2121,9504,8922,582,1053,939,114,638,589,49,8245,6820,1425,2130,1895,235
B0103,27,499,District - Jalgaon,Rural,Graduate and above other than technical degree,54496,40757,13739,33077,29126,3951,2927,2108,819,1446,1167,279,18492,9523,8969,4369,2982,1387
B0103,27,499,District - Jalgaon,Rural,Technical degree or diploma equal to degree or post-graduate degree,22468,17035,5433,12018,9970,2048,981,727,254,441,337,104,9469,6338,3131,2510,1712,798
B0103,27,499,District - Jalgaon,Urban,Total,1342711,696851,645860,384145,316444,67701,51735,32869,18866,19198,13777,5421,906831,347538,559293,39724,21089,18635
B0103,27,499,District - Jalgaon,Urban,Illiterate,328391,147878,180513,54326,34752,19574,11686,5438,6248,4252,2290,1962,262379,107688,154691,3900,1439,2461
B0103,27,499,District - Jalgaon,Urban,Literate,1014320,548973,465347,329819,281692,48127,40049,27431,12618,14946,11487,3459,644452,239850,404602,35824,19650,16174
B0103,27,499,District - Jalgaon,Urban,Literate but below matric/secondary,499481,251383,248098,125231,104510,20721,19857,12941,6916,7544,5649,1895,354393,133932,220461,10293,4991,5302
B0103,27,499,District - Jalgaon,Urban,Matric/secondary but below graduate,314503,175315,139188,107117,96177,10940,12127,8921,3206,4685,3849,836,195259,70217,125042,14037,8236,5801
B0103,27,499,District - Jalgaon,Urban,Technical diploma or certificate not equal to degree,19111,15938,3173,10775,10028,747,664,567,97,272,241,31,7672,5343,2329,1330,1060,270
B0103,27,499,District - Jalgaon,Urban,Graduate and above other than technical degree,98668,59737,38931,50781,43066,7715,3287,2340,947,1164,861,303,44600,14331,30269,5859,3018,2841
B0103,27,499,District - Jalgaon,Urban,Technical degree or diploma equal to degree or post-graduate degree,34083,22475,11608,18568,14064,4504,968,606,362,348,224,124,14547,7805,6742,2748,1608,1140
B0103,27,500,District - Buldana,Total,Total,2586258,1337560,1248698,1107542,682638,424904,112099,51386,60713,40851,24583,16268,1366617,603536,763081,46114,26631,19483
B0103,27,500,District - Buldana,Total,Illiterate,706384,288668,417716,213387,74564,138823,26347,6557,19790,8458,2869,5589,466650,207547,259103,3332,936,2396
B0103,27,500,District - Buldana,Total,Literate,1879874,1048892,830982,894155,608074,286081,85752,44829,40923,32393,21714,10679,899967,395989,503978,42782,25695,17087
B0103,27,500,District - Buldana,Total,Literate but below matric/secondary,1137875,601624,536251,494857,313136,181721,49156,23799,25357,18490,11859,6631,593862,264689,329173,13460,6908,6552
B0103,27,500,District - Buldana,Total,Matric/secondary but below graduate,436449,275243,161206,219681,172964,46717,19875,12403,7472,8036,6126,1910,196893,89876,107017,17409,11255,6154
B0103,27,500,District - Buldana,Total,Technical diploma or certificate not equal to degree,9296,7686,1610,4592,4204,388,373,323,50,194,176,18,4331,3159,1172,936,722,214
B0103,27,500,District - Buldana,Total,Graduate and above other than technical degree,68883,48862,20021,40769,35700,5069,2489,1963,526,1057,890,167,25625,11199,14426,4588,2936,1652
B0103,27,500,District - Buldana,Total,Technical degree or diploma equal to degree or post-graduate degree,30047,22873,7174,17030,14086,2944,1069,849,220,435,360,75,11948,7938,4010,3241,2275,966
B0103,27,500,District - Buldana,Rural,Total,2037398,1055242,982156,945137,552106,393031,93460,38715,54745,33084,18842,14242,998801,464421,534380,32809,19123,13686
B0103,27,500,District - Buldana,Rural,Illiterate,586640,236671,349969,196481,65564,130917,23354,5335,18019,7236,2271,4965,366805,165772,201033,2505,649,1856
B0103,27,500,District - Buldana,Rural,Literate,1450758,818571,632187,748656,486542,262114,70106,33380,36726,25848,16571,9277,631996,298649,333347,30304,18474,11830
B0103,27,500,District - Buldana,Rural,Literate but below matric/secondary,913522,487762,425760,433578,263281,170297,40783,17794,22989,14590,8821,5769,439161,206687,232474,9978,4966,5012
B0103,27,500,District - Buldana,Rural,Matric/secondary but below graduate,323136,211245,111891,179489,137260,42229,15966,9337,6629,6460,4818,1642,127681,64648,63033,13033,8597,4436
B0103,27,500,District - Buldana,Rural,Technical diploma or certificate not equal to degree,5699,4820,879,2552,2335,217,286,249,37,161,148,13,2861,2236,625,687,556,131
B0103,27,500,District - Buldana,Rural,Graduate and above other than technical degree,35470,27601,7869,22864,20255,2609,1605,1256,349,779,663,116,11001,6090,4911,2464,1760,704
B0103,27,500,District - Buldana,Rural,Technical degree or diploma equal to degree or post-graduate degree,16349,13347,3002,9139,7917,1222,734,607,127,340,287,53,6476,4823,1653,1988,1498,490
B0103,27,500,District - Buldana,Urban,Total,548860,282318,266542,162405,130532,31873,18639,12671,5968,7767,5741,2026,367816,139115,228701,13305,7508,5797
B0103,27,500,District - Buldana,Urban,Illiterate,119744,51997,67747,16906,9000,7906,2993,1222,1771,1222,598,624,99845,41775,58070,827,287,540
B0103,27,500,District - Buldana,Urban,Literate,429116,230321,198795,145499,121532,23967,15646,11449,4197,6545,5143,1402,267971,97340,170631,12478,7221,5257
B0103,27,500,District - Buldana,Urban,Literate but below matric/secondary,224353,113862,110491,61279,49855,11424,8373,6005,2368,3900,3038,862,154701,58002,96699,3482,1942,1540
B0103,27,500,District - Buldana,Urban,Matric/secondary but below graduate,113313,63998,49315,40192,35704,4488,3909,3066,843,1576,1308,268,69212,25228,43984,4376,2658,1718
B0103,27,500,District - Buldana,Urban,Technical diploma or certificate not equal to degree,3597,2866,731,2040,1869,171,87,74,13,33,28,5,1470,923,547,249,166,83
B0103,27,500,District - Buldana,Urban,Graduate and above other than technical degree,33413,21261,12152,17905,15445,2460,884,707,177,278,227,51,14624,5109,9515,2124,1176,948
B0103,27,500,District - Buldana,Urban,Technical degree or diploma equal to degree or post-graduate degree,13698,9526,4172,7891,6169,1722,335,242,93,95,73,22,5472,3115,2357,1253,777,476
B0103,27,501,District - Akola,Total,Total,1813906,932334,881572,691025,480913,210112,77129,39449,37680,32588,20476,12112,1045752,411972,633780,44460,23288,21172
B0103,27,501,District - Akola,Total,Illiterate,402625,173357,229268,95478,41152,54326,13386,3927,9459,5335,1957,3378,293761,128278,165483,2430,903,1527
B0103,27,501,District - Akola,Total,Literate,1411281,758977,652304,595547,439761,155786,63743,35522,28221,27253,18519,8734,751991,283694,468297,42030,22385,19645
B0103,27,501,District - Akola,Total,Literate but below matric/secondary,789458,408487,380971,300876,210401,90475,34541,18262,16279,14863,9806,5057,454041,179824,274217,12287,6035,6252
B0103,27,501,District - Akola,Total,Matric/secondary but below graduate,398611,226570,172041,176018,142241,33777,18442,11371,7071,8201,6071,2130,204151,72958,131193,18526,10419,8107
B0103,27,501,District - Akola,Total,Technical diploma or certificate not equal to degree,7548,6096,1452,3747,3411,336,279,243,36,157,138,19,3522,2442,1080,742,558,184
B0103,27,501,District - Akola,Total,Graduate and above other than technical degree,75130,45482,29648,40191,33511,6680,2199,1507,692,899,666,233,32740,10464,22276,5307,2610,2697
B0103,27,501,District - Akola,Total,Technical degree or diploma equal to degree or post-graduate degree,26054,17389,8665,14452,10902,3550,722,501,221,326,232,94,10880,5986,4894,2764,1646,1118
B0103,27,501,District - Akola,Rural,Total,1094165,563933,530232,469517,299554,169963,59837,27120,32717,24789,14410,10379,564811,237259,327552,23519,12667,10852
B0103,27,501,District - Akola,Rural,Illiterate,264810,110789,154021,76355,29714,46641,11214,2886,8328,4390,1428,2962,177241,78189,99052,1367,476,891
B0103,27,501,District - Akola,Rural,Literate,829355,453144,376211,393162,269840,123322,48623,24234,24389,20399,12982,7417,387570,159070,228500,22152,12191,9961
B0103,27,501,District - Akola,Rural,Literate but below matric/secondary,493638,259896,233742,216765,140545,76220,26837,12561,14276,11075,6714,4361,250036,106790,143246,6261,3039,3222
B0103,27,501,District - Akola,Rural,Matric/secondary but below graduate,228470,134174,94296,114574,87723,26851,14192,7986,6206,6312,4481,1831,99704,38465,61239,11102,6334,4768
B0103,27,501,District - Akola,Rural,Technical diploma or certificate not equal to degree,3069,2523,546,1219,1107,112,196,171,25,116,104,12,1654,1245,409,420,342,78
B0103,27,501,District - Akola,Rural,Graduate and above other than technical degree,22002,14857,7145,12517,10777,1740,1052,716,336,493,380,113,8433,3364,5069,1961,1123,838
B0103,27,501,District - Akola,Rural,Technical degree or diploma equal to degree or post-graduate degree,8156,5976,2180,4254,3438,816,357,268,89,168,128,40,3545,2270,1275,1100,726,374
B0103,27,501,District - Akola,Urban,Total,719741,368401,351340,221508,181359,40149,17292,12329,4963,7799,6066,1733,480941,174713,306228,20941,10621,10320
B0103,27,501,District - Akola,Urban,Illiterate,137815,62568,75247,19123,11438,7685,2172,1041,1131,945,529,416,116520,50089,66431,1063,427,636
B0103,27,501,District - Akola,Urban,Literate,581926,305833,276093,202385,169921,32464,15120,11288,3832,6854,5537,1317,364421,124624,239797,19878,10194,9684
B0103,27,501,District - Akola,Urban,Literate but below matric/secondary,295820,148591,147229,84111,69856,14255,7704,5701,2003,3788,3092,696,204005,73034,130971,6026,2996,3030
B0103,27,501,District - Akola,Urban,Matric/secondary but below graduate,170141,92396,77745,61444,54518,6926,4250,3385,865,1889,1590,299,104447,34493,69954,7424,4085,3339
B0103,27,501,District - Akola,Urban,Technical diploma or certificate not equal to degree,4479,3573,906,2528,2304,224,83,72,11,41,34,7,1868,1197,671,322,216,106
B0103,27,501,District - Akola,Urban,Graduate and above other than technical degree,53128,30625,22503,27674,22734,4940,1147,791,356,406,286,120,24307,7100,17207,3346,1487,1859
B0103,27,501,District - Akola,Urban,Technical degree or diploma equal to degree or post-graduate degree,17898,11413,6485,10198,7464,2734,365,233,132,158,104,54,7335,3716,3619,1664,920,744
B0103,27,502,District - Washim,Total,Total,1197160,620302,576858,502755,309242,193513,67037,31111,35926,33025,18635,14390,627368,279949,347419,26497,14727,11770
B0103,27,502,District - Washim,Total,Illiterate,327243,132599,194644,100613,34703,65910,16303,4142,12161,7515,2322,5193,210327,93754,116573,2035,549,1486
B0103,27,502,District - Washim,Total,Literate,869917,487703,382214,402142,274539,127603,50734,26969,23765,25510,16313,9197,417041,186195,230846,24462,14178,10284
B0103,27,502,District - Washim,Total,Literate but below matric/secondary,527642,279993,247649,219459,139223,80236,29196,14375,14821,14368,8701,5667,278987,126395,152592,8227,4010,4217
B0103,27,502,District - Washim,Total,Matric/secondary but below graduate,223407,141192,82215,112812,88934,23878,13578,8608,4970,7285,5389,1896,97017,43650,53367,10967,6844,4123
B0103,27,502,District - Washim,Total,Technical diploma or certificate not equal to degree,3773,3091,682,1798,1616,182,183,151,32,108,93,15,1792,1324,468,438,356,82
B0103,27,502,District - Washim,Total,Graduate and above other than technical degree,30294,21755,8539,18311,16150,2161,1240,986,254,679,579,100,10743,4619,6124,2022,1279,743
B0103,27,502,District - Washim,Total,Technical degree or diploma equal to degree or post-graduate degree,13245,10182,3063,7614,6375,1239,444,339,105,230,181,49,5187,3468,1719,1523,1114,409
B0103,27,502,District - Washim,Rural,Total,985747,511727,474020,440589,258773,181816,59983,26416,33567,29433,15942,13491,485175,226538,258637,20955,11843,9112
B0103,27,502,District - Washim,Rural,Illiterate,278991,111243,167748,93182,30513,62669,14910,3589,11321,6871,1995,4876,170899,77141,93758,1695,442,1253
B0103,27,502,District - Washim,Rural,Literate,706756,400484,306272,347407,228260,119147,45073,22827,22246,22562,13947,8615,314276,149397,164879,19260,11401,7859
B0103,27,502,District - Washim,Rural,Literate but below matric/secondary,438819,234996,203823,195469,119476,75993,26035,12109,13926,12659,7342,5317,217315,103411,113904,6469,3164,3305
B0103,27,502,District - Washim,Rural,Matric/secondary but below graduate,177614,115644,61970,96344,74153,22191,12016,7356,4660,6454,4676,1778,69254,34135,35119,9031,5758,3273
B0103,27,502,District - Washim,Rural,Technical diploma or certificate not equal to degree,2587,2135,452,1154,1030,124,145,117,28,91,77,14,1288,988,300,334,276,58
B0103,27,502,District - Washim,Rural,Graduate and above other than technical degree,18260,14100,4160,11634,10363,1271,963,772,191,554,477,77,5663,2965,2698,1346,926,420
B0103,27,502,District - Washim,Rural,Technical degree or diploma equal to degree or post-graduate degree,8418,6800,1618,4742,4105,637,348,272,76,184,149,35,3328,2423,905,1051,820,231
B0103,27,502,District - Washim,Urban,Total,211413,108575,102838,62166,50469,11697,7054,4695,2359,3592,2693,899,142193,53411,88782,5542,2884,2658
B0103,27,502,District - Washim,Urban,Illiterate,48252,21356,26896,7431,4190,3241,1393,553,840,644,327,317,39428,16613,22815,340,107,233
B0103,27,502,District - Washim,Urban,Literate,163161,87219,75942,54735,46279,8456,5661,4142,1519,2948,2366,582,102765,36798,65967,5202,2777,2425
B0103,27,502,District - Washim,Urban,Literate but below matric/secondary,88823,44997,43826,23990,19747,4243,3161,2266,895,1709,1359,350,61672,22984,38688,1758,846,912
B0103,27,502,District - Washim,Urban,Matric/secondary but below graduate,45793,25548,20245,16468,14781,1687,1562,1252,310,831,713,118,27763,9515,18248,1936,1086,850
B0103,27,502,District - Washim,Urban,Technical diploma or certificate not equal to degree,1186,956,230,644,586,58,38,34,4,17,16,1,504,336,168,104,80,24
B0103,27,502,District - Washim,Urban,Graduate and above other than technical degree,12034,7655,4379,6677,5787,890,277,214,63,125,102,23,5080,1654,3426,676,353,323
B0103,27,502,District - Washim,Urban,Technical degree or diploma equal to degree or post-graduate degree,4827,3382,1445,2872,2270,602,96,67,29,46,32,14,1859,1045,814,472,294,178
B0103,27,503,District - Amravati,Total,Total,2888445,1480768,1407677,1061544,753682,307862,174778,83895,90883,80986,47659,33327,1652123,643191,1008932,98065,45221,52844
B0103,27,503,District - Amravati,Total,Illiterate,636570,273664,362906,155996,72155,83841,33617,9298,24319,14109,4665,9444,446957,192211,254746,5181,1503,3678
B0103,27,503,District - Amravati,Total,Literate,2251875,1207104,1044771,905548,681527,224021,141161,74597,66564,66877,42994,23883,1205166,450980,754186,92884,43718,49166
B0103,27,503,District - Amravati,Total,Literate but below matric/secondary,1340066,704349,635717,514136,367804,146332,88028,43798,44230,40773,24884,15889,737902,292747,445155,28137,12216,15921
B0103,27,503,District - Amravati,Total,Matric/secondary but below graduate,651483,351334,300149,261990,212283,49707,40385,23278,17107,19809,13889,5920,349108,115773,233335,42268,20536,21732
B0103,27,503,District - Amravati,Total,Technical diploma or certificate not equal to degree,15442,12322,3120,6757,6100,657,772,649,123,479,427,52,7913,5573,2340,2146,1620,526
B0103,27,503,District - Amravati,Total,Graduate and above other than technical degree,145205,82997,62208,71905,59732,12173,5600,3628,1972,2756,1962,794,67700,19637,48063,12979,5532,7447
B0103,27,503,District - Amravati,Total,Technical degree or diploma equal to degree or post-graduate degree,45872,29334,16538,24665,18345,6320,1369,921,448,737,508,229,19838,10068,9770,5473,2946,2527
B0103,27,503,District - Amravati,Rural,Total,1851158,950633,900525,754483,499510,254973,137618,58707,78911,62541,33911,28630,959057,392416,566641,56227,25021,31206
B0103,27,503,District - Amravati,Rural,Illiterate,450463,188968,261495,131223,56474,74749,28451,6792,21659,11636,3301,8335,290789,125702,165087,3209,815,2394
B0103,27,503,District - Amravati,Rural,Literate,1400695,761665,639030,623260,443036,180224,109167,51915,57252,50905,30610,20295,668268,266714,401554,53018,24206,28812
B0103,27,503,District - Amravati,Rural,Literate but below matric/secondary,903361,481347,422014,390825,263518,127307,70021,30988,39033,31441,17551,13890,442515,186841,255674,16410,6541,9869
B0103,27,503,District - Amravati,Rural,Matric/secondary but below graduate,387921,214991,172930,175600,135937,39663,30993,16460,14533,15307,10322,4985,181328,62594,118734,26376,12514,13862
B0103,27,503,District - Amravati,Rural,Technical diploma or certificate not equal to degree,7242,5809,1433,2710,2437,273,526,452,74,361,325,36,4006,2920,1086,1352,1046,306
B0103,27,503,District - Amravati,Rural,Graduate and above other than technical degree,49742,30338,19404,25812,22041,3771,2935,1831,1104,1608,1169,439,20995,6466,14529,5690,2462,3228
B0103,27,503,District - Amravati,Rural,Technical degree or diploma equal to degree or post-graduate degree,14379,10035,4344,7660,6149,1511,643,474,169,407,310,97,6076,3412,2664,2164,1224,940
B0103,27,503,District - Amravati,Urban,Total,1037287,530135,507152,307061,254172,52889,37160,25188,11972,18445,13748,4697,693066,250775,442291,41838,20200,21638
B0103,27,503,District - Amravati,Urban,Illiterate,186107,84696,101411,24773,15681,9092,5166,2506,2660,2473,1364,1109,156168,66509,89659,1972,688,1284
B0103,27,503,District - Amravati,Urban,Literate,851180,445439,405741,282288,238491,43797,31994,22682,9312,15972,12384,3588,536898,184266,352632,39866,19512,20354
B0103,27,503,District - Amravati,Urban,Literate but below matric/secondary,436705,223002,213703,123311,104286,19025,18007,12810,5197,9332,7333,1999,295387,105906,189481,11727,5675,6052
B0103,27,503,District - Amravati,Urban,Matric/secondary but below graduate,263562,136343,127219,86390,76346,10044,9392,6818,2574,4502,3567,935,167780,53179,114601,15892,8022,7870
B0103,27,503,District - Amravati,Urban,Technical diploma or certificate not equal to degree,8200,6513,1687,4047,3663,384,246,197,49,118,102,16,3907,2653,1254,794,574,220
B0103,27,503,District - Amravati,Urban,Graduate and above other than technical degree,95463,52659,42804,46093,37691,8402,2665,1797,868,1148,793,355,46705,13171,33534,7289,3070,4219
B0103,27,503,District - Amravati,Urban,Technical degree or diploma equal to degree or post-graduate degree,31493,19299,12194,17005,12196,4809,726,447,279,330,198,132,13762,6656,7106,3309,1722,1587
B0103,27,504,District - Wardha,Total,Total,1300774,668385,632389,529623,357852,171771,78612,34464,44148,34133,19660,14473,692539,276069,416470,49351,23031,26320
B0103,27,504,District - Wardha,Total,Illiterate,281316,115768,165548,75714,31001,44713,14985,3678,11307,4886,1605,3281,190617,81089,109528,1681,433,1248
B0103,27,504,District - Wardha,Total,Literate,1019458,552617,466841,453909,326851,127058,63627,30786,32841,29247,18055,11192,501922,194980,306942,47670,22598,25072
B0103,27,504,District - Wardha,Total,Literate but below matric/secondary,600044,319266,280778,261418,175812,85606,39779,17969,21810,17510,10237,7273,298847,125485,173362,13283,5986,7297
B0103,27,504,District - Wardha,Total,Matric/secondary but below graduate,304743,165136,139607,133113,103976,29137,18752,9817,8935,9037,6030,3007,152878,51343,101535,22130,10772,11358
B0103,27,504,District - Wardha,Total,Technical diploma or certificate not equal to degree,9240,6918,2322,4045,3577,468,317,261,56,210,179,31,4878,3080,1798,1465,975,490
B0103,27,504,District - Wardha,Total,Graduate and above other than technical degree,67201,39380,27821,34967,29182,5785,2464,1583,881,1374,935,439,29770,8615,21155,7331,3097,4234
B0103,27,504,District - Wardha,Total,Technical degree or diploma equal to degree or post-graduate degree,19737,12357,7380,10669,7870,2799,489,338,151,314,226,88,8579,4149,4430,2723,1429,1294
B0103,27,504,District - Wardha,Rural,Total,877474,451874,425600,399804,253277,146527,60974,23806,37168,24802,13381,11421,416696,174791,241905,27908,13006,14902
B0103,27,504,District - Wardha,Rural,Illiterate,212392,86676,125716,67243,26944,40299,12762,2929,9833,3776,1141,2635,132387,56803,75584,1146,293,853
B0103,27,504,District - Wardha,Rural,Literate,665082,365198,299884,332561,226333,106228,48212,20877,27335,21026,12240,8786,284309,117988,166321,26762,12713,14049
B0103,27,504,District - Wardha,Rural,Literate but below matric/secondary,431706,232786,198920,213680,137520,76160,31097,12660,18437,12869,7092,5777,186929,82606,104323,8178,3527,4651
B0103,27,504,District - Wardha,Rural,Matric/secondary but below graduate,185100,102382,82718,92821,68378,24443,13932,6454,7478,6453,4031,2422,78347,27550,50797,13313,6374,6939
B0103,27,504,District - Wardha,Rural,Technical diploma or certificate not equal to degree,3879,3053,826,1548,1371,177,195,161,34,130,113,17,2136,1521,615,714,522,192
B0103,27,504,District - Wardha,Rural,Graduate and above other than technical degree,24417,15492,8925,13376,11453,1923,1226,774,452,725,504,221,9815,3265,6550,3129,1499,1630
B0103,27,504,District - Wardha,Rural,Technical degree or diploma equal to degree or post-graduate degree,6203,4257,1946,3375,2665,710,239,174,65,165,126,39,2589,1418,1171,961,546,415
B0103,27,504,District - Wardha,Urban,Total,423300,216511,206789,129819,104575,25244,17638,10658,6980,9331,6279,3052,275843,101278,174565,21443,10025,11418
B0103,27,504,District - Wardha,Urban,Illiterate,68924,29092,39832,8471,4057,4414,2223,749,1474,1110,464,646,58230,24286,33944,535,140,395
B0103,27,504,District - Wardha,Urban,Literate,354376,187419,166957,121348,100518,20830,15415,9909,5506,8221,5815,2406,217613,76992,140621,20908,9885,11023
B0103,27,504,District - Wardha,Urban,Literate but below matric/secondary,168338,86480,81858,47738,38292,9446,8682,5309,3373,4641,3145,1496,111918,42879,69039,5105,2459,2646
B0103,27,504,District - Wardha,Urban,Matric/secondary but below graduate,119643,62754,56889,40292,35598,4694,4820,3363,1457,2584,1999,585,74531,23793,50738,8817,4398,4419
B0103,27,504,District - Wardha,Urban,Technical diploma or certificate not equal to degree,5361,3865,1496,2497,2206,291,122,100,22,80,66,14,2742,1559,1183,751,453,298
B0103,27,504,District - Wardha,Urban,Graduate and above other than technical degree,42784,23888,18896,21591,17729,3862,1238,809,429,649,431,218,19955,5350,14605,4202,1598,2604
B0103,27,504,District - Wardha,Urban,Technical degree or diploma equal to degree or post-graduate degree,13534,8100,5434,7294,5205,2089,250,164,86,149,100,49,5990,2731,3259,1762,883,879
B0103,27,505,District - Nagpur,Total,Total,4653570,2384975,2268595,1654778,1224048,430730,213782,110163,103619,94718,56996,37722,2785010,1050764,1734246,171508,79270,92238
B0103,27,505,District - Nagpur,Total,Illiterate,979762,425755,554007,204883,102573,102310,41420,13257,28163,16254,6282,9972,733459,309925,423534,8977,2957,6020
B0103,27,505,District - Nagpur,Total,Literate,3673808,1959220,1714588,1449895,1121475,328420,172362,96906,75456,78464,50714,27750,2051551,740839,1310712,162531,76313,86218
B0103,27,505,District - Nagpur,Total,Literate but below matric/secondary,1873010,983495,889515,666442,493990,172452,97050,52410,44640,44521,28123,16398,1109518,437095,672423,46520,21680,24840
B0103,27,505,District - Nagpur,Total,Matric/secondary but below graduate,1127023,605864,521159,440565,367900,72665,48827,29580,19247,22565,15541,7024,637631,208384,429247,67525,33141,34384
B0103,27,505,District - Nagpur,Total,Technical diploma or certificate not equal to degree,41013,32547,8466,21681,19335,2346,1371,1132,239,767,645,122,17961,12080,5881,3999,2996,1003
B0103,27,505,District - Nagpur,Total,Graduate and above other than technical degree,389830,204954,184876,195287,152590,42697,10872,6360,4512,4565,2780,1785,183671,46004,137667,28703,10562,18141
B0103,27,505,District - Nagpur,Total,Technical degree or diploma equal to degree or post-graduate degree,106884,63298,43586,60507,41775,18732,2817,1617,1200,1212,714,498,43560,19906,23654,10581,5673,4908
B0103,27,505,District - Nagpur,Rural,Total,1474811,758357,716454,632330,404990,227340,115669,51033,64636,53725,29931,23794,726812,302334,424478,45567,21722,23845
B0103,27,505,District - Nagpur,Rural,Illiterate,401832,168530,233302,124502,53932,70570,27730,7797,19933,11004,3939,7065,249600,106801,142799,3097,962,2135
B0103,27,505,District - Nagpur,Rural,Literate,1072979,589827,483152,507828,351058,156770,87939,43236,44703,42721,25992,16729,477212,195533,281679,42470,20760,21710
B0103,27,505,District - Nagpur,Rural,Literate but below matric/secondary,674308,365766,308542,310914,204623,106291,54730,25929,28801,26291,15490,10801,308664,135214,173450,14003,6285,7718
B0103,27,505,District - Nagpur,Rural,Matric/secondary but below graduate,280390,155850,124540,132466,99741,32725,22665,11791,10874,11489,7382,4107,125259,44318,80941,18875,9396,9479
B0103,27,505,District - Nagpur,Rural,Technical diploma or certificate not equal to degree,6327,5243,1084,2650,2402,248,401,342,59,264,231,33,3276,2499,777,1043,863,180
B0103,27,505,District - Nagpur,Rural,Graduate and above other than technical degree,38215,23168,15047,19907,16783,3124,2303,1483,820,1250,891,359,16005,4902,11103,4685,2186,2499
B0103,27,505,District - Nagpur,Rural,Technical degree or diploma equal to degree or post-graduate degree,9623,6431,3192,5119,3954,1165,453,313,140,257,189,68,4051,2164,1887,1643,1013,630
B0103,27,505,District - Nagpur,Urban,Total,3178759,1626618,1552141,1022448,819058,203390,98113,59130,38983,40993,27065,13928,2058198,748430,1309768,125941,57548,68393
B0103,27,505,District - Nagpur,Urban,Illiterate,577930,257225,320705,80381,48641,31740,13690,5460,8230,5250,2343,2907,483859,203124,280735,5880,1995,3885
B0103,27,505,District - Nagpur,Urban,Literate,2600829,1369393,1231436,942067,770417,171650,84423,53670,30753,35743,24722,11021,1574339,545306,1029033,120061,55553,64508
B0103,27,505,District - Nagpur,Urban,Literate but below matric/secondary,1198702,617729,580973,355528,289367,66161,42320,26481,15839,18230,12633,5597,800854,301881,498973,32517,15395,17122
B0103,27,505,District - Nagpur,Urban,Matric/secondary but below graduate,846633,450014,396619,308099,268159,39940,26162,17789,8373,11076,8159,2917,512372,164066,348306,48650,23745,24905
B0103,27,505,District - Nagpur,Urban,Technical diploma or certificate not equal to degree,34686,27304,7382,19031,16933,2098,970,790,180,503,414,89,14685,9581,5104,2956,2133,823
B0103,27,505,District - Nagpur,Urban,Graduate and above other than technical degree,351615,181786,169829,175380,135807,39573,8569,4877,3692,3315,1889,1426,167666,41102,126564,24018,8376,15642
B0103,27,505,District - Nagpur,Urban,Technical degree or diploma equal to degree or post-graduate degree,97261,56867,40394,55388,37821,17567,2364,1304,1060,955,525,430,39509,17742,21767,8938,4660,4278
B0103,27,506,District - Bhandara,Total,Total,1200334,605520,594814,413838,263217,150621,183467,81837,101630,107438,55305,52133,603029,260466,342563,50325,24234,26091
B0103,27,506,District - Bhandara,Total,Illiterate,300474,116811,183663,69012,27077,41935,39250,9563,29687,19331,5468,13863,192212,80171,112041,3784,1235,2549
B0103,27,506,District - Bhandara,Total,Literate,899860,488709,411151,344826,236140,108686,144217,72274,71943,88107,49837,38270,410817,180295,230522,46541,22999,23542
B0103,27,506,District - Bhandara,Total,Literate but below matric/secondary,536911,285767,251144,194213,125796,68417,89876,43304,46572,53412,28908,24504,252822,116667,136155,12853,5755,7098
B0103,27,506,District - Bhandara,Total,Matric/secondary but below graduate,268337,147510,120827,105084,76467,28617,43388,22901,20487,27806,16610,11196,119865,48142,71723,22600,11511,11089
B0103,27,506,District - Bhandara,Total,Technical diploma or certificate not equal to degree,6441,5113,1328,2649,2332,317,432,354,78,322,269,53,3360,2427,933,1201,932,269
B0103,27,506,District - Bhandara,Total,Graduate and above other than technical degree,48885,29979,18906,24472,19959,4513,4779,3262,1517,3357,2462,895,19634,6758,12876,6361,2893,3468
B0103,27,506,District - Bhandara,Total,Technical degree or diploma equal to degree or post-graduate degree,15758,10332,5426,8437,6276,2161,826,588,238,529,390,139,6495,3468,3027,2602,1498,1104
B0103,27,506,District - Bhandara,Rural,Total,966503,487484,479019,348458,213109,135349,167629,73214,94415,98367,49904,48463,450416,201161,249255,34358,16607,17751
B0103,27,506,District - Bhandara,Rural,Illiterate,258175,99042,159133,63921,24530,39391,36639,8802,27837,18002,5047,12955,157615,65710,91905,3111,954,2157
B0103,27,506,District - Bhandara,Rural,Literate,708328,388442,319886,284537,188579,95958,130990,64412,66578,80365,44857,35508,292801,135451,157350,31247,15653,15594
B0103,27,506,District - Bhandara,Rural,Literate but below matric/secondary,451917,243369,208548,173756,110736,63020,82761,39272,43489,49361,26448,22913,195400,93361,102039,9425,4141,5284
B0103,27,506,District - Bhandara,Rural,Matric/secondary but below graduate,200837,111612,89225,83887,58417,25470,39048,20125,18923,25183,14775,10408,77902,33070,44832,15915,8109,7806
B0103,27,506,District - Bhandara,Rural,Technical diploma or certificate not equal to degree,3483,2809,674,1194,1044,150,318,261,57,234,197,37,1971,1504,467,714,562,152
B0103,27,506,District - Bhandara,Rural,Graduate and above other than technical degree,24824,16934,7890,12968,10794,2174,3761,2636,1125,2709,2036,673,8095,3504,4591,3227,1719,1508
B0103,27,506,District - Bhandara,Rural,Technical degree or diploma equal to degree or post-graduate degree,7669,5492,2177,4006,3152,854,615,461,154,413,323,90,3048,1879,1169,1364,867,497
B0103,27,506,District - Bhandara,Urban,Total,233831,118036,115795,65380,50108,15272,15838,8623,7215,9071,5401,3670,152613,59305,93308,15967,7627,8340
B0103,27,506,District - Bhandara,Urban,Illiterate,42299,17769,24530,5091,2547,2544,2611,761,1850,1329,421,908,34597,14461,20136,673,281,392
B0103,27,506,District - Bhandara,Urban,Literate,191532,100267,91265,60289,47561,12728,13227,7862,5365,7742,4980,2762,118016,44844,73172,15294,7346,7948
B0103,27,506,District - Bhandara,Urban,Literate but below matric/secondary,84994,42398,42596,20457,15060,5397,7115,4032,3083,4051,2460,1591,57422,23306,34116,3428,1614,1814
B0103,27,506,District - Bhandara,Urban,Matric/secondary but below graduate,67500,35898,31602,21197,18050,3147,4340,2776,1564,2623,1835,788,41963,15072,26891,6685,3402,3283
B0103,27,506,District - Bhandara,Urban,Technical diploma or certificate not equal to degree,2958,2304,654,1455,1288,167,114,93,21,88,72,16,1389,923,466,487,370,117
B0103,27,506,District - Bhandara,Urban,Graduate and above other than technical degree,24061,13045,11016,11504,9165,2339,1018,626,392,648,426,222,11539,3254,8285,3134,1174,1960
B0103,27,506,District - Bhandara,Urban,Technical degree or diploma equal to degree or post-graduate degree,8089,4840,3249,4431,3124,1307,211,127,84,116,67,49,3447,1589,1858,1238,631,607
B0103,27,507,District - Gondiya,Total,Total,1322507,661554,660953,433962,281710,152252,231457,101441,130016,116722,61743,54979,657088,278403,378685,43203,19781,23422
B0103,27,507,District - Gondiya,Total,Illiterate,318264,118717,199547,65119,24187,40932,46742,10079,36663,19853,5353,14500,206403,84451,121952,3041,731,2310
B0103,27,507,District - Gondiya,Total,Literate,1004243,542837,461406,368843,257523,111320,184715,91362,93353,96869,56390,40479,450685,193952,256733,40162,19050,21112
B0103,27,507,District - Gondiya,Total,Literate but below matric/secondary,591690,313749,277941,199508,133078,66430,106989,51084,55905,55439,31076,24363,285193,129587,155606,11942,4977,6965
B0103,27,507,District - Gondiya,Total,Matric/secondary but below graduate,266479,149032,117447,101892,76307,25585,49622,26562,23060,27662,17289,10373,114965,46163,68802,18527,9312,9215
B0103,27,507,District - Gondiya,Total,Technical diploma or certificate not equal to degree,5204,4143,1061,1907,1664,243,548,463,85,374,325,49,2749,2016,733,830,638,192
B0103,27,507,District - Gondiya,Total,Graduate and above other than technical degree,40589,24863,15726,20209,16706,3503,4270,2925,1345,2440,1824,616,16110,5232,10878,4116,1893,2223
B0103,27,507,District - Gondiya,Total,Technical degree or diploma equal to degree or post-graduate degree,13315,9217,4098,7307,5767,1540,936,677,259,517,396,121,5072,2773,2299,1756,1017,739
B0103,27,507,District - Gondiya,Rural,Total,1096577,547934,548643,367716,230853,136863,216553,92734,123819,110575,57771,52804,512308,224347,287961,32520,14895,17625
B0103,27,507,District - Gondiya,Rural,Illiterate,278156,102444,175712,60103,21977,38126,44667,9492,35175,19079,5088,13991,173386,70975,102411,2593,576,2017
B0103,27,507,District - Gondiya,Rural,Literate,818421,445490,372931,307613,208876,98737,171886,83242,88644,91496,52683,38813,338922,153372,185550,29927,14319,15608
B0103,27,507,District - Gondiya,Rural,Literate but below matric/secondary,509424,272231,237193,178148,117046,61102,101092,47630,53462,52907,29374,23533,230184,107555,122629,9539,3918,5621
B0103,27,507,District - Gondiya,Rural,Matric/secondary but below graduate,206152,116439,89713,81656,59098,22558,45691,23838,21853,25908,16030,9878,78805,33503,45302,14069,7066,7003
B0103,27,507,District - Gondiya,Rural,Technical diploma or certificate not equal to degree,3339,2680,659,994,857,137,460,384,76,324,281,43,1885,1439,446,616,474,142
B0103,27,507,District - Gondiya,Rural,Graduate and above other than technical degree,19994,13541,6453,10385,8645,1740,3209,2187,1022,2037,1547,490,6400,2709,3691,2295,1202,1093
B0103,27,507,District - Gondiya,Rural,Technical degree or diploma equal to degree or post-graduate degree,7247,5409,1838,3910,3254,656,657,480,177,402,317,85,2680,1675,1005,1101,693,408
B0103,27,507,District - Gondiya,Urban,Total,225930,113620,112310,66246,50857,15389,14904,8707,6197,6147,3972,2175,144780,54056,90724,10683,4886,5797
B0103,27,507,District - Gondiya,Urban,Illiterate,40108,16273,23835,5016,2210,2806,2075,587,1488,774,265,509,33017,13476,19541,448,155,293
B0103,27,507,District - Gondiya,Urban,Literate,185822,97347,88475,61230,48647,12583,12829,8120,4709,5373,3707,1666,111763,40580,71183,10235,4731,5504
B0103,27,507,District - Gondiya,Urban,Literate but below matric/secondary,82266,41518,40748,21360,16032,5328,5897,3454,2443,2532,1702,830,55009,22032,32977,2403,1059,1344
B0103,27,507,District - Gondiya,Urban,Matric/secondary but below graduate,60327,32593,27734,20236,17209,3027,3931,2724,1207,1754,1259,495,36160,12660,23500,4458,2246,2212
B0103,27,507,District - Gondiya,Urban,Technical diploma or certificate not equal to degree,1865,1463,402,913,807,106,88,79,9,50,44,6,864,577,287,214,164,50
B0103,27,507,District - Gondiya,Urban,Graduate and above other than technical degree,20595,11322,9273,9824,8061,1763,1061,738,323,403,277,126,9710,2523,7187,1821,691,1130
B0103,27,507,District - Gondiya,Urban,Technical degree or diploma equal to degree or post-graduate degree,6068,3808,2260,3397,2513,884,279,197,82,115,79,36,2392,1098,1294,655,324,331
B0103,27,508,District - Gadchiroli,Total,Total,1072942,541328,531614,392886,239961,152925,191351,83377,107974,106396,52899,53497,488705,217990,270715,39066,18344,20722
B0103,27,508,District - Gadchiroli,Total,Illiterate,364577,146218,218359,126936,55640,71296,64561,17426,47135,31721,9598,22123,173080,73152,99928,4551,1000,3551
B0103,27,508,District - Gadchiroli,Total,Literate,708365,395110,313255,265950,184321,81629,126790,65951,60839,74675,43301,31374,315625,144838,170787,34515,17344,17171
B0103,27,508,District - Gadchiroli,Total,Literate but below matric/secondary,431027,238985,192042,141434,97143,44291,73006,37973,35033,42970,24699,18271,216587,103869,112718,12627,5860,6767
B0103,27,508,District - Gadchiroli,Total,Matric/secondary but below graduate,165050,97342,67708,65731,49724,16007,30277,17726,12551,19268,12497,6771,69042,29892,39150,15708,8446,7262
B0103,27,508,District - Gadchiroli,Total,Technical diploma or certificate not equal to degree,2351,1766,585,990,821,169,211,162,49,136,105,31,1150,783,367,466,336,130
B0103,27,508,District - Gadchiroli,Total,Graduate and above other than technical degree,23238,15687,7551,13428,11168,2260,2269,1643,626,1388,1079,309,7541,2876,4665,2774,1405,1369
B0103,27,508,District - Gadchiroli,Total,Technical degree or diploma equal to degree or post-graduate degree,7716,5556,2160,5058,4022,1036,373,263,110,182,127,55,2285,1271,1014,961,555,406
B0103,27,508,District - Gadchiroli,Rural,Total,954909,481290,473619,358447,213828,144619,181663,77772,103891,101068,49479,51589,414799,189690,225109,30747,14575,16172
B0103,27,508,District - Gadchiroli,Rural,Illiterate,341138,136697,204441,123189,53861,69328,62421,16712,45709,30622,9177,21445,155528,66124,89404,4015,893,3122
B0103,27,508,District - Gadchiroli,Rural,Literate,613771,344593,269178,235258,159967,75291,119242,61060,58182,70446,40302,30144,259271,123566,135705,26732,13682,13050
B0103,27,508,District - Gadchiroli,Rural,Literate but below matric/secondary,388008,217051,170957,131611,89700,41911,69250,35584,33666,40741,23138,17603,187147,91767,95380,10639,4978,5661
B0103,27,508,District - Gadchiroli,Rural,Matric/secondary but below graduate,133397,80136,53261,55116,40763,14353,28012,16149,11863,17949,11501,6448,50269,23224,27045,12086,6625,5461
B0103,27,508,District - Gadchiroli,Rural,Technical diploma or certificate not equal to degree,1494,1136,358,604,494,110,161,122,39,114,89,25,729,520,209,290,221,69
B0103,27,508,District - Gadchiroli,Rural,Graduate and above other than technical degree,14035,10089,3946,8245,6949,1296,1814,1318,496,1163,909,254,3976,1822,2154,1565,902,663
B0103,27,508,District - Gadchiroli,Rural,Technical degree or diploma equal to degree or post-graduate degree,4610,3525,1085,3091,2536,555,271,196,75,149,105,44,1248,793,455,547,351,196
B0103,27,508,District - Gadchiroli,Urban,Total,118033,60038,57995,34439,26133,8306,9688,5605,4083,5328,3420,1908,73906,28300,45606,8319,3769,4550
B0103,27,508,District - Gadchiroli,Urban,Illiterate,23439,9521,13918,3747,1779,1968,2140,714,1426,1099,421,678,17552,7028,10524,536,107,429
B0103,27,508,District - Gadchiroli,Urban,Literate,94594,50517,44077,30692,24354,6338,7548,4891,2657,4229,2999,1230,56354,21272,35082,7783,3662,4121
B0103,27,508,District - Gadchiroli,Urban,Literate but below matric/secondary,43019,21934,21085,9823,7443,2380,3756,2389,1367,2229,1561,668,29440,12102,17338,1988,882,1106
B0103,27,508,District - Gadchiroli,Urban,Matric/secondary but below graduate,31653,17206,14447,10615,8961,1654,2265,1577,688,1319,996,323,18773,6668,12105,3622,1821,1801
B0103,27,508,District - Gadchiroli,Urban,Technical diploma or certificate not equal to degree,857,630,227,386,327,59,50,40,10,22,16,6,421,263,158,176,115,61
B0103,27,508,District - Gadchiroli,Urban,Graduate and above other than technical degree,9203,5598,3605,5183,4219,964,455,325,130,225,170,55,3565,1054,2511,1209,503,706
B0103,27,508,District - Gadchiroli,Urban,Technical degree or diploma equal to degree or post-graduate degree,3106,2031,1075,1967,1486,481,102,67,35,33,22,11,1037,478,559,414,204,210
B0103,27,509,District - Chandrapur,Total,Total,2204307,1123834,1080473,804433,536752,267681,253739,111813,141926,149037,75837,73200,1146135,475269,670866,84020,42484,41536
B0103,27,509,District - Chandrapur,Total,Illiterate,625692,251269,374423,184531,82005,102526,77502,20309,57193,40583,12440,28143,363659,148955,214704,6811,1909,4902
B0103,27,509,District - Chandrapur,Total,Literate,1578615,872565,706050,619902,454747,165155,176237,91504,84733,108454,63397,45057,782476,326314,456162,77209,40575,36634
B0103,27,509,District - Chandrapur,Total,Literate but below matric/secondary,943090,508801,434289,347515,241115,106400,112342,55699,56643,68361,38258,30103,483233,211987,271246,24257,11625,12632
B0103,27,509,District - Chandrapur,Total,Matric/secondary but below graduate,461544,259061,202483,183973,144627,39346,49541,27724,21817,31357,19722,11635,228030,86710,141320,35878,19833,16045
B0103,27,509,District - Chandrapur,Total,Technical diploma or certificate not equal to degree,12762,10551,2211,6146,5616,530,597,501,96,446,380,66,6019,4434,1585,1928,1559,369
B0103,27,509,District - Chandrapur,Total,Graduate and above other than technical degree,91500,55440,36060,47149,39398,7751,5091,3581,1510,3322,2473,849,39260,12461,26799,9897,4718,5179
B0103,27,509,District - Chandrapur,Total,Technical degree or diploma equal to degree or post-graduate degree,26204,17399,8805,14739,11381,3358,936,635,301,585,402,183,10529,5383,5146,3723,2074,1649
B0103,27,509,District - Chandrapur,Rural,Total,1428929,726106,702823,581210,353863,227347,216239,89177,127062,130049,63176,66873,631480,283066,348414,45140,22562,22578
B0103,27,509,District - Chandrapur,Rural,Illiterate,466535,184493,282042,160049,67298,92751,69910,17447,52463,37199,10995,26204,236576,99748,136828,4576,1203,3373
B0103,27,509,District - Chandrapur,Rural,Literate,962394,541613,420781,421161,286565,134596,146329,71730,74599,92850,52181,40669,394904,183318,211586,40564,21359,19205
B0103,27,509,District - Chandrapur,Rural,Literate but below matric/secondary,644310,355158,289152,270107,177031,93076,96042,45350,50692,60230,32518,27712,278161,132777,145384,14942,7072,7870
B0103,27,509,District - Chandrapur,Rural,Matric/secondary but below graduate,245969,141473,104496,112546,81113,31433,39847,20779,19068,26069,15685,10384,93576,39581,53995,19254,10443,8811
B0103,27,509,District - Chandrapur,Rural,Technical diploma or certificate not equal to degree,3583,2928,655,1252,1097,155,301,254,47,229,201,28,2030,1577,453,773,628,145
B0103,27,509,District - Chandrapur,Rural,Graduate and above other than technical degree,28696,20223,8473,16330,13999,2331,2989,2192,797,2111,1665,446,9377,4032,5345,3336,1862,1474
B0103,27,509,District - Chandrapur,Rural,Technical degree or diploma equal to degree or post-graduate degree,7691,5745,1946,4389,3555,834,416,327,89,287,228,59,2886,1863,1023,1235,827,408
B0103,27,509,District - Chandrapur,Urban,Total,775378,397728,377650,223223,182889,40334,37500,22636,14864,18988,12661,6327,514655,192203,322452,38880,19922,18958
B0103,27,509,District - Chandrapur,Urban,Illiterate,159157,66776,92381,24482,14707,9775,7592,2862,4730,3384,1445,1939,127083,49207,77876,2235,706,1529
B0103,27,509,District - Chandrapur,Urban,Literate,616221,330952,285269,198741,168182,30559,29908,19774,10134,15604,11216,4388,387572,142996,244576,36645,19216,17429
B0103,27,509,District - Chandrapur,Urban,Literate but below matric/secondary,298780,153643,145137,77408,64084,13324,16300,10349,5951,8131,5740,2391,205072,79210,125862,9315,4553,4762
B0103,27,509,District - Chandrapur,Urban,Matric/secondary but below graduate,215575,117588,97987,71427,63514,7913,9694,6945,2749,5288,4037,1251,134454,47129,87325,16624,9390,7234
B0103,27,509,District - Chandrapur,Urban,Technical diploma or certificate not equal to degree,9179,7623,1556,4894,4519,375,296,247,49,217,179,38,3989,2857,1132,1155,931,224
B0103,27,509,District - Chandrapur,Urban,Graduate and above other than technical degree,62804,35217,27587,30819,25399,5420,2102,1389,713,1211,808,403,29883,8429,21454,6561,2856,3705
B0103,27,509,District - Chandrapur,Urban,Technical degree or diploma equal to degree or post-graduate degree,18513,11654,6859,10350,7826,2524,520,308,212,298,174,124,7643,3520,4123,2488,1247,1241
B0103,27,510,District - Yavatmal,Total,Total,2772348,1419965,1352383,1195100,743702,451398,160899,71773,89126,71878,39872,32006,1416349,604490,811859,73483,39212,34271
B0103,27,510,District - Yavatmal,Total,Illiterate,749774,303985,445789,253501,94453,159048,38605,9565,29040,15399,4771,10628,457668,199967,257701,5398,1669,3729
B0103,27,510,District - Yavatmal,Total,Literate,2022574,1115980,906594,941599,649249,292350,122294,62208,60086,56479,35101,21378,958681,404523,554158,68085,37543,30542
B0103,27,510,District - Yavatmal,Total,Literate but below matric/secondary,1226162,662187,563975,530412,349946,180466,72481,35467,37014,33725,20400,13325,623269,276774,346495,23480,12039,11441
B0103,27,510,District - Yavatmal,Total,Matric/secondary but below graduate,458762,269140,189622,212302,166761,45541,26682,15750,10932,12974,9152,3822,219778,86629,133149,28507,16500,12007
B0103,27,510,District - Yavatmal,Total,Technical diploma or certificate not equal to degree,9538,7594,1944,4459,3979,480,400,347,53,262,233,29,4679,3268,1411,1243,950,293
B0103,27,510,District - Yavatmal,Total,Graduate and above other than technical degree,79413,50801,28612,44258,37318,6940,2966,2112,854,1425,1076,349,32189,11371,20818,6691,3573,3118
B0103,27,510,District - Yavatmal,Total,Technical degree or diploma equal to degree or post-graduate degree,28588,19836,8752,16045,12413,3632,860,614,246,389,281,108,11683,6809,4874,3474,2191,1283
B0103,27,510,District - Yavatmal,Rural,Total,2174195,1115148,1059047,1011555,596850,414705,141767,59307,82460,62885,33465,29420,1020873,458991,561882,50951,27799,23152
B0103,27,510,District - Yavatmal,Rural,Illiterate,638160,255467,382693,237643,86146,151497,35779,8563,27216,14077,4202,9875,364738,160758,203980,4357,1361,2996
B0103,27,510,District - Yavatmal,Rural,Literate,1536035,859681,676354,773912,510704,263208,105988,50744,55244,48808,29263,19545,656135,298233,357902,46594,26438,20156
B0103,27,510,District - Yavatmal,Rural,Literate but below matric/secondary,992008,543949,448059,466459,298322,168137,64451,30006,34445,29644,17282,12362,461098,215621,245477,17647,9001,8646
B0103,27,510,District - Yavatmal,Rural,Matric/secondary but below graduate,315722,193118,122604,162819,123228,39591,22091,12239,9852,10920,7479,3441,130812,57651,73161,20133,12063,8070
B0103,27,510,District - Yavatmal,Rural,Technical diploma or certificate not equal to degree,4716,3818,898,1965,1736,229,265,233,32,198,178,20,2486,1849,637,757,601,156
B0103,27,510,District - Yavatmal,Rural,Graduate and above other than technical degree,31601,22625,8976,18795,16361,2434,1749,1202,547,935,713,222,11057,5062,5995,3105,1954,1151
B0103,27,510,District - Yavatmal,Rural,Technical degree or diploma equal to degree or post-graduate degree,11533,8867,2666,6306,5253,1053,475,359,116,251,202,49,4752,3255,1497,1613,1155,458
B0103,27,510,District - Yavatmal,Urban,Total,598153,304817,293336,183545,146852,36693,19132,12466,6666,8993,6407,2586,395476,145499,249977,22532,11413,11119
B0103,27,510,District - Yavatmal,Urban,Illiterate,111614,48518,63096,15858,8307,7551,2826,1002,1824,1322,569,753,92930,39209,53721,1041,308,733
B0103,27,510,District - Yavatmal,Urban,Literate,486539,256299,230240,167687,138545,29142,16306,11464,4842,7671,5838,1833,302546,106290,196256,21491,11105,10386
B0103,27,510,District - Yavatmal,Urban,Literate but below matric/secondary,234154,118238,115916,63953,51624,12329,8030,5461,2569,4081,3118,963,162171,61153,101018,5833,3038,2795
B0103,27,510,District - Yavatmal,Urban,Matric/secondary but below graduate,143040,76022,67018,49483,43533,5950,4591,3511,1080,2054,1673,381,88966,28978,59988,8374,4437,3937
B0103,27,510,District - Yavatmal,Urban,Technical diploma or certificate not equal to degree,4822,3776,1046,2494,2243,251,135,114,21,64,55,9,2193,1419,774,486,349,137
B0103,27,510,District - Yavatmal,Urban,Graduate and above other than technical degree,47812,28176,19636,25463,20957,4506,1217,910,307,490,363,127,21132,6309,14823,3586,1619,1967
B0103,27,510,District - Yavatmal,Urban,Technical degree or diploma equal to degree or post-graduate degree,17055,10969,6086,9739,7160,2579,385,255,130,138,79,59,6931,3554,3377,1861,1036,825
B0103,27,511,District - Nanded,Total,Total,3361292,1730075,1631217,1317791,850493,467298,176162,74739,101423,71968,38752,33216,1867339,804843,1062496,84543,44935,39608
B0103,27,511,District - Nanded,Total,Illiterate,1171867,474853,697014,385566,163264,222302,62246,15534,46712,23284,7566,15718,724055,296055,428000,10716,3020,7696
B0103,27,511,District - Nanded,Total,Literate,2189425,1255222,934203,932225,687229,244996,113916,59205,54711,48684,31186,17498,1143284,508788,634496,73827,41915,31912
B0103,27,511,District - Nanded,Total,Literate but below matric/secondary,1374913,734769,640144,515763,352219,163544,70140,32593,37547,29235,17224,12011,789010,349957,439053,26383,12672,13711
B0103,27,511,District - Nanded,Total,Matric/secondary but below graduate,506986,321194,185792,237723,196901,40822,25629,16128,9501,11851,8905,2946,243634,108165,135469,29254,17650,11604
B0103,27,511,District - Nanded,Total,Technical diploma or certificate not equal to degree,12234,9833,2401,5702,5092,610,499,410,89,276,240,36,6033,4331,1702,1516,1138,378
B0103,27,511,District - Nanded,Total,Graduate and above other than technical degree,101637,75952,25685,64475,56636,7839,4214,3311,903,2007,1656,351,32948,16005,16943,7258,4716,2542
B0103,27,511,District - Nanded,Total,Technical degree or diploma equal to degree or post-graduate degree,46282,33493,12789,25002,19815,5187,1589,1136,453,773,569,204,19691,12542,7149,5729,3870,1859
B0103,27,511,District - Nanded,Rural,Total,2447394,1258160,1189234,1062139,644223,417916,138585,50911,87674,55258,27131,28127,1246670,563026,683644,49710,26476,23234
B0103,27,511,District - Nanded,Rural,Illiterate,918077,366110,551967,340227,136030,204197,52704,11409,41295,19263,5560,13703,525146,218671,306475,7189,1923,5266
B0103,27,511,District - Nanded,Rural,Literate,1529317,892050,637267,721912,508193,213719,85881,39502,46379,35995,21571,14424,721524,344355,377169,42521,24553,17968
B0103,27,511,District - Nanded,Rural,Literate but below matric/secondary,1026061,556720,469341,432817,282587,150230,55255,22496,32759,22367,12103,10264,537989,251637,286352,16583,7793,8790
B0103,27,511,District - Nanded,Rural,Matric/secondary but below graduate,323595,218458,105137,176381,142251,34130,17912,10469,7443,8343,6107,2236,129302,65738,63564,17334,10845,6489
B0103,27,511,District - Nanded,Rural,Technical diploma or certificate not equal to degree,5763,4692,1071,2470,2194,276,272,223,49,174,156,18,3021,2275,746,852,656,196
B0103,27,511,District - Nanded,Rural,Graduate and above other than technical degree,41891,34748,7143,29907,26968,2939,1979,1591,388,1065,922,143,10005,6189,3816,2777,2068,709
B0103,27,511,District - Nanded,Rural,Technical degree or diploma equal to degree or post-graduate degree,21499,16969,4530,11572,9765,1807,897,675,222,453,360,93,9030,6529,2501,2845,2123,722
B0103,27,511,District - Nanded,Urban,Total,913898,471915,441983,255652,206270,49382,37577,23828,13749,16710,11621,5089,620669,241817,378852,34833,18459,16374
B0103,27,511,District - Nanded,Urban,Illiterate,253790,108743,145047,45339,27234,18105,9542,4125,5417,4021,2006,2015,198909,77384,121525,3527,1097,2430
B0103,27,511,District - Nanded,Urban,Literate,660108,363172,296936,210313,179036,31277,28035,19703,8332,12689,9615,3074,421760,164433,257327,31306,17362,13944
B0103,27,511,District - Nanded,Urban,Literate but below matric/secondary,348852,178049,170803,82946,69632,13314,14885,10097,4788,6868,5121,1747,251021,98320,152701,9800,4879,4921
B0103,27,511,District - Nanded,Urban,Matric/secondary but below graduate,183391,102736,80655,61342,54650,6692,7717,5659,2058,3508,2798,710,114332,42427,71905,11920,6805,5115
B0103,27,511,District - Nanded,Urban,Technical diploma or certificate not equal to degree,6471,5141,1330,3232,2898,334,227,187,40,102,84,18,3012,2056,956,664,482,182
B0103,27,511,District - Nanded,Urban,Graduate and above other than technical degree,59746,41204,18542,34568,29668,4900,2235,1720,515,942,734,208,22943,9816,13127,4481,2648,1833
B0103,27,511,District - Nanded,Urban,Technical degree or diploma equal to degree or post-graduate degree,24783,16524,8259,13430,10050,3380,692,461,231,320,209,111,10661,6013,4648,2884,1747,1137
B0103,27,512,District - Hingoli,Total,Total,1177345,606294,571051,514371,308332,206039,54811,22571,32240,19529,9967,9562,608163,275391,332772,21258,12390,8868
B0103,27,512,District - Hingoli,Total,Illiterate,386602,155743,230859,132885,48922,83963,16733,3865,12868,5491,1487,4004,236984,102956,134028,2110,601,1509
B0103,27,512,District - Hingoli,Total,Literate,790743,450551,340192,381486,259410,122076,38078,18706,19372,14038,8480,5558,371179,172435,198744,19148,11789,7359
B0103,27,512,District - Hingoli,Total,Literate but below matric/secondary,502110,273692,228418,220883,143216,77667,21941,9937,12004,8086,4620,3466,259286,120539,138747,6969,3563,3406
B0103,27,512,District - Hingoli,Total,Matric/secondary but below graduate,147699,98159,49540,74356,60108,14248,6654,4217,2437,2660,2002,658,66689,33834,32855,7472,5105,2367
B0103,27,512,District - Hingoli,Total,Technical diploma or certificate not equal to degree,2371,1965,406,1078,972,106,112,91,21,55,47,8,1181,902,279,271,218,53
B0103,27,512,District - Hingoli,Total,Graduate and above other than technical degree,22937,18011,4926,14958,13520,1438,936,767,169,384,331,53,7043,3724,3319,1503,1099,404
B0103,27,512,District - Hingoli,Total,Technical degree or diploma equal to degree or post-graduate degree,10641,8258,2383,5678,4706,972,414,315,99,158,128,30,4549,3237,1312,1248,936,312
B0103,27,512,District - Hingoli,Rural,Total,998612,514430,484182,463701,266999,196702,48889,18541,30348,17361,8476,8885,486022,228890,257132,16467,9736,6731
B0103,27,512,District - Hingoli,Rural,Illiterate,340460,135733,204727,125429,44412,81017,15530,3318,12212,4933,1235,3698,199501,88003,111498,1726,488,1238
B0103,27,512,District - Hingoli,Rural,Literate,658152,378697,279455,338272,222587,115685,33359,15223,18136,12428,7241,5187,286521,140887,145634,14741,9248,5493
B0103,27,512,District - Hingoli,Rural,Literate but below matric/secondary,428719,235876,192843,201556,126846,74710,19652,8271,11381,7196,3936,3260,207511,100759,106752,5533,2846,2687
B0103,27,512,District - Hingoli,Rural,Matric/secondary but below graduate,115790,80228,35562,63553,50561,12992,5615,3428,2187,2344,1737,607,46622,26239,20383,5845,4063,1782
B0103,27,512,District - Hingoli,Rural,Technical diploma or certificate not equal to degree,1544,1281,263,652,575,77,71,59,12,42,37,5,821,647,174,196,159,37
B0103,27,512,District - Hingoli,Rural,Graduate and above other than technical degree,13454,11401,2053,9348,8593,755,545,456,89,275,245,30,3561,2352,1209,945,748,197
B0103,27,512,District - Hingoli,Rural,Technical degree or diploma equal to degree or post-graduate degree,6782,5659,1123,3468,3040,428,271,216,55,125,105,20,3043,2403,640,906,730,176
B0103,27,512,District - Hingoli,Urban,Total,178733,91864,86869,50670,41333,9337,5922,4030,1892,2168,1491,677,122141,46501,75640,4791,2654,2137
B0103,27,512,District - Hingoli,Urban,Illiterate,46142,20010,26132,7456,4510,2946,1203,547,656,558,252,306,37483,14953,22530,384,113,271
B0103,27,512,District - Hingoli,Urban,Literate,132591,71854,60737,43214,36823,6391,4719,3483,1236,1610,1239,371,84658,31548,53110,4407,2541,1866
B0103,27,512,District - Hingoli,Urban,Literate but below matric/secondary,73391,37816,35575,19327,16370,2957,2289,1666,623,890,684,206,51775,19780,31995,1436,717,719
B0103,27,512,District - Hingoli,Urban,Matric/secondary but below graduate,31909,17931,13978,10803,9547,1256,1039,789,250,316,265,51,20067,7595,12472,1627,1042,585
B0103,27,512,District - Hingoli,Urban,Technical diploma or certificate not equal to degree,827,684,143,426,397,29,41,32,9,13,10,3,360,255,105,75,59,16
B0103,27,512,District - Hingoli,Urban,Graduate and above other than technical degree,9483,6610,2873,5610,4927,683,391,311,80,109,86,23,3482,1372,2110,558,351,207
B0103,27,512,District - Hingoli,Urban,Technical degree or diploma equal to degree or post-graduate degree,3859,2599,1260,2210,1666,544,143,99,44,33,23,10,1506,834,672,342,206,136
B0103,27,513,District - Parbhani,Total,Total,1836086,942870,893216,756417,473246,283171,66380,28176,38204,21670,12039,9631,1013289,441448,571841,38207,21077,17130
B0103,27,513,District - Parbhani,Total,Illiterate,678272,276579,401693,242501,99816,142685,24846,6362,18484,7272,2544,4728,410925,170401,240524,5040,1612,3428
B0103,27,513,District - Parbhani,Total,Literate,1157814,666291,491523,513916,373430,140486,41534,21814,19720,14398,9495,4903,602364,271047,331317,33167,19465,13702
B0103,27,513,District - Parbhani,Total,Literate but below matric/secondary,769688,417433,352255,316805,214548,102257,26899,12900,13999,9109,5673,3436,425984,189985,235999,12174,6172,6002
B0103,27,513,District - Parbhani,Total,Matric/secondary but below graduate,252156,161300,90856,119376,98872,20504,8640,5313,3327,3231,2411,820,124140,57115,67025,12846,8126,4720
B0103,27,513,District - Parbhani,Total,Technical diploma or certificate not equal to degree,5261,4229,1032,2385,2097,288,163,133,30,74,61,13,2713,1999,714,610,463,147
B0103,27,513,District - Parbhani,Total,Graduate and above other than technical degree,51800,38238,13562,32172,28407,3765,1853,1358,495,733,568,165,17775,8473,9302,3615,2349,1266
B0103,27,513,District - Parbhani,Total,Technical degree or diploma equal to degree or post-graduate degree,21887,15631,6256,11425,9029,2396,711,494,217,292,208,84,9751,6108,3643,2603,1683,920
B0103,27,513,District - Parbhani,Rural,Total,1266280,651886,614394,598296,345944,252352,45841,15727,30114,13590,6767,6823,622143,290215,331928,18612,10482,8130
B0103,27,513,District - Parbhani,Rural,Illiterate,502832,201190,301642,209222,79256,129966,18813,3805,15008,4911,1463,3448,274797,118129,156668,2728,797,1931
B0103,27,513,District - Parbhani,Rural,Literate,763448,450696,312752,389074,266688,122386,27028,11922,15106,8679,5304,3375,347346,172086,175260,15884,9685,6199
B0103,27,513,District - Parbhani,Rural,Literate but below matric/secondary,547194,303175,244019,260239,166457,93782,18910,7530,11380,5767,3224,2543,268045,129188,138857,6401,3205,3196
B0103,27,513,District - Parbhani,Rural,Matric/secondary but below graduate,151471,104632,46839,86394,69346,17048,5221,2877,2344,1903,1420,483,59856,32409,27447,6542,4378,2164
B0103,27,513,District - Parbhani,Rural,Technical diploma or certificate not equal to degree,2236,1853,383,904,791,113,77,65,12,45,39,6,1255,997,258,307,246,61
B0103,27,513,District - Parbhani,Rural,Graduate and above other than technical degree,18304,15489,2815,13416,12247,1169,588,465,123,270,229,41,4300,2777,1523,1051,807,244
B0103,27,513,District - Parbhani,Rural,Technical degree or diploma equal to degree or post-graduate degree,7970,6407,1563,4059,3493,566,268,212,56,144,113,31,3643,2702,941,1076,801,275
B0103,27,513,District - Parbhani,Urban,Total,569806,290984,278822,158121,127302,30819,20539,12449,8090,8080,5272,2808,391146,151233,239913,19595,10595,9000
B0103,27,513,District - Parbhani,Urban,Illiterate,175440,75389,100051,33279,20560,12719,6033,2557,3476,2361,1081,1280,136128,52272,83856,2312,815,1497
B0103,27,513,District - Parbhani,Urban,Literate,394366,215595,178771,124842,106742,18100,14506,9892,4614,5719,4191,1528,255018,98961,156057,17283,9780,7503
B0103,27,513,District - Parbhani,Urban,Literate but below matric/secondary,222494,114258,108236,56566,48091,8475,7989,5370,2619,3342,2449,893,157939,60797,97142,5773,2967,2806
B0103,27,513,District - Parbhani,Urban,Matric/secondary but below graduate,100685,56668,44017,32982,29526,3456,3419,2436,983,1328,991,337,64284,24706,39578,6304,3748,2556
B0103,27,513,District - Parbhani,Urban,Technical diploma or certificate not equal to degree,3025,2376,649,1481,1306,175,86,68,18,29,22,7,1458,1002,456,303,217,86
B0103,27,513,District - Parbhani,Urban,Graduate and above other than technical degree,33496,22749,10747,18756,16160,2596,1265,893,372,463,339,124,13475,5696,7779,2564,1542,1022
B0103,27,513,District - Parbhani,Urban,Technical degree or diploma equal to degree or post-graduate degree,13917,9224,4693,7366,5536,1830,443,282,161,148,95,53,6108,3406,2702,1527,882,645
B0103,27,514,District - Jalna,Total,Total,1959046,1011473,947573,844492,508298,336194,86394,36732,49662,27052,15088,11964,1028160,466443,561717,31928,18337,13591
B0103,27,514,District - Jalna,Total,Illiterate,763523,312045,451478,282854,111070,171784,32098,8377,23721,9137,3171,5966,448571,192598,255973,4643,1671,2972
B0103,27,514,District - Jalna,Total,Literate,1195523,699428,496095,561638,397228,164410,54296,28355,25941,17915,11917,5998,579589,273845,305744,27285,16666,10619
B0103,27,514,District - Jalna,Total,Literate but below matric/secondary,791944,438724,353220,338856,225813,113043,33490,16111,17379,10548,6568,3980,419598,196800,222798,10290,5504,4786
B0103,27,514,District - Jalna,Total,Matric/secondary but below graduate,253224,166830,86394,130728,104772,25956,12142,7483,4659,4531,3458,1073,110354,54575,55779,11054,7354,3700
B0103,27,514,District - Jalna,Total,Technical diploma or certificate not equal to degree,4448,3523,925,2222,1936,286,191,166,25,96,90,6,2035,1421,614,494,355,139
B0103,27,514,District - Jalna,Total,Graduate and above other than technical degree,47952,36043,11909,31680,27757,3923,2175,1657,518,894,730,164,14097,6629,7468,2673,1767,906
B0103,27,514,District - Jalna,Total,Technical degree or diploma equal to degree or post-graduate degree,14010,10205,3805,8153,6398,1755,555,409,146,240,182,58,5302,3398,1904,1381,941,440
B0103,27,514,District - Jalna,Rural,Total,1581617,817279,764338,735619,421019,314600,69685,26537,43148,20906,10952,9954,776313,369723,406590,20799,12694,8105
B0103,27,514,District - Jalna,Rural,Illiterate,650103,262609,387494,262692,98501,164191,27596,6324,21272,7490,2363,5127,359815,157784,202031,3168,1163,2005
B0103,27,514,District - Jalna,Rural,Literate,931514,554670,376844,472927,322518,150409,42089,20213,21876,13416,8589,4827,416498,211939,204559,17631,11531,6100
B0103,27,514,District - Jalna,Rural,Literate but below matric/secondary,644340,362038,282302,299749,193104,106645,26872,11766,15106,8065,4726,3339,317719,157168,160551,6721,3652,3069
B0103,27,514,District - Jalna,Rural,Matric/secondary but below graduate,184105,127774,56331,105698,82734,22964,8925,5282,3643,3314,2526,788,69482,39758,29724,7473,5390,2083
B0103,27,514,District - Jalna,Rural,Technical diploma or certificate not equal to degree,2321,1965,356,1016,895,121,109,100,9,69,68,1,1196,970,226,297,250,47
B0103,27,514,District - Jalna,Rural,Graduate and above other than technical degree,24351,20391,3960,17742,15950,1792,1098,889,209,507,453,54,5511,3552,1959,1341,1050,291
B0103,27,514,District - Jalna,Rural,Technical degree or diploma equal to degree or post-graduate degree,7202,5868,1334,4099,3499,600,299,236,63,144,118,26,2804,2133,671,829,646,183
B0103,27,514,District - Jalna,Urban,Total,377429,194194,183235,108873,87279,21594,16709,10195,6514,6146,4136,2010,251847,96720,155127,11129,5643,5486
B0103,27,514,District - Jalna,Urban,Illiterate,113420,49436,63984,20162,12569,7593,4502,2053,2449,1647,808,839,88756,34814,53942,1475,508,967
B0103,27,514,District - Jalna,Urban,Literate,264009,144758,119251,88711,74710,14001,12207,8142,4065,4499,3328,1171,163091,61906,101185,9654,5135,4519
B0103,27,514,District - Jalna,Urban,Literate but below matric/secondary,147604,76686,70918,39107,32709,6398,6618,4345,2273,2483,1842,641,101879,39632,62247,3569,1852,1717
B0103,27,514,District - Jalna,Urban,Matric/secondary but below graduate,69119,39056,30063,25030,22038,2992,3217,2201,1016,1217,932,285,40872,14817,26055,3581,1964,1617
B0103,27,514,District - Jalna,Urban,Technical diploma or certificate not equal to degree,2127,1558,569,1206,1041,165,82,66,16,27,22,5,839,451,388,197,105,92
B0103,27,514,District - Jalna,Urban,Graduate and above other than technical degree,23601,15652,7949,13938,11807,2131,1077,768,309,387,277,110,8586,3077,5509,1332,717,615
B0103,27,514,District - Jalna,Urban,Technical degree or diploma equal to degree or post-graduate degree,6808,4337,2471,4054,2899,1155,256,173,83,96,64,32,2498,1265,1233,552,295,257
B0103,27,515,District - Aurangabad,Total,Total,3701282,1924469,1776813,1446636,958515,488121,128443,57349,71094,41947,24906,17041,2126203,908605,1217598,73057,38387,34670
B0103,27,515,District - Aurangabad,Total,Illiterate,1197445,493533,703912,361368,143460,217908,39200,9662,29538,10794,3761,7033,796877,340411,456466,6995,1973,5022
B0103,27,515,District - Aurangabad,Total,Literate,2503837,1430936,1072901,1085268,815055,270213,89243,47687,41556,31153,21145,10008,1329326,568194,761132,66062,36414,29648
B0103,27,515,District - Aurangabad,Total,Literate but below matric/secondary,1432910,764135,668775,527764,362978,164786,49920,23976,25944,16044,10150,5894,855226,377181,478045,20211,9989,10222
B0103,27,515,District - Aurangabad,Total,Matric/secondary but below graduate,735154,451862,283292,358425,293658,64767,27523,16659,10864,10774,8066,2708,349206,141545,207661,28913,17286,11627
B0103,27,515,District - Aurangabad,Total,Technical diploma or certificate not equal to degree,23006,18871,4135,14850,13516,1334,621,479,142,238,185,53,7535,4876,2659,1180,814,366
B0103,27,515,District - Aurangabad,Total,Graduate and above other than technical degree,189029,125480,63549,116376,97937,18439,5762,3731,2031,2295,1660,635,66891,23812,43079,9747,5214,4533
B0103,27,515,District - Aurangabad,Total,Technical degree or diploma equal to degree or post-graduate degree,57123,36897,20226,34263,25326,8937,1581,957,624,646,390,256,21279,10614,10665,4583,2375,2208
B0103,27,515,District - Aurangabad,Rural,Total,2081112,1081825,999287,962801,563255,399546,81883,30389,51494,24049,13265,10784,1036428,488181,548247,26836,16082,10754
B0103,27,515,District - Aurangabad,Rural,Illiterate,787782,313414,474368,302191,108585,193606,29413,5881,23532,7057,2122,4935,456178,198948,257230,3004,800,2204
B0103,27,515,District - Aurangabad,Rural,Literate,1293330,768411,524919,660610,454670,205940,52470,24508,27962,16992,11143,5849,580250,289233,291017,23832,15282,8550
B0103,27,515,District - Aurangabad,Rural,Literate but below matric/secondary,853888,469501,384387,386448,243650,142798,32944,13461,19483,9368,5471,3897,434496,212390,222106,7968,4164,3804
B0103,27,515,District - Aurangabad,Rural,Matric/secondary but below graduate,348971,235960,113011,214032,164395,49637,15596,8732,6864,6009,4496,1513,119343,62833,56510,11881,8281,3600
B0103,27,515,District - Aurangabad,Rural,Technical diploma or certificate not equal to degree,4120,3462,658,2205,1963,242,173,147,26,99,88,11,1742,1352,390,390,310,80
B0103,27,515,District - Aurangabad,Rural,Graduate and above other than technical degree,40952,33887,7065,30476,27538,2938,1320,1018,302,688,594,94,9156,5331,3825,2069,1531,538
B0103,27,515,District - Aurangabad,Rural,Technical degree or diploma equal to degree or post-graduate degree,9587,7287,2300,5679,4611,1068,323,233,90,171,124,47,3585,2443,1142,1039,704,335
B0103,27,515,District - Aurangabad,Urban,Total,1620170,842644,777526,483835,395260,88575,46560,26960,19600,17898,11641,6257,1089775,420424,669351,46221,22305,23916
B0103,27,515,District - Aurangabad,Urban,Illiterate,409663,180119,229544,59177,34875,24302,9787,3781,6006,3737,1639,2098,340699,141463,199236,3991,1173,2818
B0103,27,515,District - Aurangabad,Urban,Literate,1210507,662525,547982,424658,360385,64273,36773,23179,13594,14161,10002,4159,749076,278961,470115,42230,21132,21098
B0103,27,515,District - Aurangabad,Urban,Literate but below matric/secondary,579022,294634,284388,141316,119328,21988,16976,10515,6461,6676,4679,1997,420730,164791,255939,12243,5825,6418
B0103,27,515,District - Aurangabad,Urban,Matric/secondary but below graduate,386183,215902,170281,144393,129263,15130,11927,7927,4000,4765,3570,1195,229863,78712,151151,17032,9005,8027
B0103,27,515,District - Aurangabad,Urban,Technical diploma or certificate not equal to degree,18886,15409,3477,12645,11553,1092,448,332,116,139,97,42,5793,3524,2269,790,504,286
B0103,27,515,District - Aurangabad,Urban,Graduate and above other than technical degree,148077,91593,56484,85900,70399,15501,4442,2713,1729,1607,1066,541,57735,18481,39254,7678,3683,3995
B0103,27,515,District - Aurangabad,Urban,Technical degree or diploma equal to degree or post-graduate degree,47536,29610,17926,28584,20715,7869,1258,724,534,475,266,209,17694,8171,9523,3544,1671,1873
B0103,27,516,District - Nashik,Total,Total,6107187,3157186,2950001,2523023,1639881,883142,240305,106405,133900,72272,40909,31363,3343859,1410900,1932959,118558,61565,56993
B0103,27,516,District - Nashik,Total,Illiterate,1761821,759648,1002173,546208,231495,314713,64385,18069,46316,18778,7157,11621,1151228,510084,641144,8609,2725,5884
B0103,27,516,District - Nashik,Total,Literate,4345366,2397538,1947828,1976815,1408386,568429,175920,88336,87584,53494,33752,19742,2192631,900816,1291815,109949,58840,51109
B0103,27,516,District - Nashik,Total,Literate but below matric/secondary,2445381,1295670,1149711,973497,650016,323481,95221,44336,50885,29214,17629,11585,1376663,601318,775345,33430,16997,16433
B0103,27,516,District - Nashik,Total,Matric/secondary but below graduate,1117295,659477,457818,546343,432342,114001,44694,25325,19369,13684,9807,3877,526258,201810,324448,42759,24952,17807
B0103,27,516,District - Nashik,Total,Technical diploma or certificate not equal to degree,58814,48050,10764,34396,31433,2963,1976,1610,366,670,536,134,22442,15007,7435,3831,2720,1111
B0103,27,516,District - Nashik,Total,Graduate and above other than technical degree,285922,176141,109781,167473,137221,30252,9215,6043,3172,3146,2252,894,109234,32877,76357,16998,8015,8983
B0103,27,516,District - Nashik,Total,Technical degree or diploma equal to degree or post-graduate degree,86669,56508,30161,52352,39026,13326,2608,1681,927,864,529,335,31709,15801,15908,6977,3580,3397
B0103,27,516,District - Nashik,Rural,Total,3509814,1804712,1705102,1688085,960199,727886,173273,64816,108457,52165,27337,24828,1648456,779697,868759,47831,27521,20310
B0103,27,516,District - Nashik,Rural,Illiterate,1183382,498248,685134,456961,178470,278491,52354,13070,39284,15027,5397,9630,674067,306708,367359,4359,1361,2998
B0103,27,516,District - Nashik,Rural,Literate,2326432,1306464,1019968,1231124,781729,449395,120919,51746,69173,37138,21940,15198,974389,472989,501400,43472,26160,17312
B0103,27,516,District - Nashik,Rural,Literate but below matric/secondary,1470080,794968,675112,699088,421645,277443,70488,28383,42105,20947,11559,9388,700504,344940,355564,14271,7300,6971
B0103,27,516,District - Nashik,Rural,Matric/secondary but below graduate,531683,332668,199015,317058,227925,89133,29115,14306,14809,9220,6386,2834,185510,90437,95073,18795,12210,6585
B0103,27,516,District - Nashik,Rural,Technical diploma or certificate not equal to degree,14211,11710,2501,6989,6239,750,708,557,151,374,299,75,6514,4914,1600,1558,1219,339
B0103,27,516,District - Nashik,Rural,Graduate and above other than technical degree,68152,52042,16110,46863,40462,6401,3440,2380,1060,1584,1274,310,17849,9200,8649,4402,2972,1430
B0103,27,516,District - Nashik,Rural,Technical degree or diploma equal to degree or post-graduate degree,21583,15779,5804,12815,10130,2685,1011,699,312,473,326,147,7757,4950,2807,2199,1374,825
B0103,27,516,District - Nashik,Urban,Total,2597373,1352474,1244899,834938,679682,155256,67032,41589,25443,20107,13572,6535,1695403,631203,1064200,70727,34044,36683
B0103,27,516,District - Nashik,Urban,Illiterate,578439,261400,317039,89247,53025,36222,12031,4999,7032,3751,1760,1991,477161,203376,273785,4250,1364,2886
B0103,27,516,District - Nashik,Urban,Literate,2018934,1091074,927860,745691,626657,119034,55001,36590,18411,16356,11812,4544,1218242,427827,790415,66477,32680,33797
B0103,27,516,District - Nashik,Urban,Literate but below matric/secondary,975301,500702,474599,274409,228371,46038,24733,15953,8780,8267,6070,2197,676159,256378,419781,19159,9697,9462
B0103,27,516,District - Nashik,Urban,Matric/secondary but below graduate,585612,326809,258803,229285,204417,24868,15579,11019,4560,4464,3421,1043,340748,111373,229375,23964,12742,11222
B0103,27,516,District - Nashik,Urban,Technical diploma or certificate not equal to degree,44603,36340,8263,27407,25194,2213,1268,1053,215,296,237,59,15928,10093,5835,2273,1501,772
B0103,27,516,District - Nashik,Urban,Graduate and above other than technical degree,217770,124099,93671,120610,96759,23851,5775,3663,2112,1562,978,584,91385,23677,67708,12596,5043,7553
B0103,27,516,District - Nashik,Urban,Technical degree or diploma equal to degree or post-graduate degree,65086,40729,24357,39537,28896,10641,1597,982,615,391,203,188,23952,10851,13101,4778,2206,2572
B0103,27,517,District - Thane,Total,Total,11060148,5865078,5195070,3930511,3059503,871008,562256,303620,258636,195235,117215,78020,6567381,2501955,4065426,319235,153859,165376
B0103,27,517,District - Thane,Total,Illiterate,2832987,1273682,1559305,618086,369242,248844,177429,67738,109691,66305,29459,36846,2037472,836702,1200770,34012,10709,23303
B0103,27,517,District - Thane,Total,Literate,8227161,4591396,3635765,3312425,2690261,622164,384827,235882,148945,128930,87756,41174,4529909,1665253,2864656,285223,143150,142073
B0103,27,517,District - Thane,Total,Literate but below matric/secondary,3968231,2121492,1846739,1207422,993442,213980,197668,117402,80266,72233,49705,22528,2563141,1010648,1552493,98057,48026,50031
B0103,27,517,District - Thane,Total,Matric/secondary but below graduate,2514942,1486203,1028739,1118608,969829,148779,99194,65624,33570,31529,22510,9019,1297140,450750,846390,111900,60918,50982
B0103,27,517,District - Thane,Total,Technical diploma or certificate not equal to degree,100717,77686,23031,62002,53286,8716,3574,2750,824,1090,845,245,35141,21650,13491,5506,3759,1747
B0103,27,517,District - Thane,Total,Graduate and above other than technical degree,925130,499035,426095,550482,393819,156663,34266,19273,14993,9458,5395,4063,340382,85943,254439,43600,17997,25603
B0103,27,517,District - Thane,Total,Technical degree or diploma equal to degree or post-graduate degree,212580,130135,82445,144755,100420,44335,7814,4652,3162,2057,1133,924,60011,25063,34948,10737,5061,5676
B0103,27,517,District - Thane,Rural,Total,2545470,1300136,1245334,885453,595115,290338,284276,134303,149973,127451,72745,54706,1375741,570718,805023,85203,39434,45769
B0103,27,517,District - Thane,Rural,Illiterate,1005585,416726,588859,299517,141999,157518,129410,43854,85556,54709,23024,31685,576658,230873,345785,14484,3508,10976
B0103,27,517,District - Thane,Rural,Literate,1539885,883410,656475,585936,453116,132820,154866,90449,64417,72742,49721,23021,799083,339845,459238,70719,35926,34793
B0103,27,517,District - Thane,Rural,Literate but below matric/secondary,1034024,572835,461189,345223,260298,84925,105085,59381,45704,48691,32921,15770,583716,253156,330560,32595,14843,17752
B0103,27,517,District - Thane,Rural,Matric/secondary but below graduate,301127,190948,110179,134690,115220,19470,24960,16578,8382,12624,9360,3264,141477,59150,82327,24810,14290,10520
B0103,27,517,District - Thane,Rural,Technical diploma or certificate not equal to degree,9605,7620,1985,4964,4352,612,553,447,106,298,246,52,4088,2821,1267,1276,947,329
B0103,27,517,District - Thane,Rural,Graduate and above other than technical degree,56936,35530,21406,33945,26297,7648,3915,2656,1259,2083,1502,581,19076,6577,12499,5333,2718,2615
B0103,27,517,District - Thane,Rural,Technical degree or diploma equal to degree or post-graduate degree,16085,10239,5846,10348,7385,2963,973,609,364,485,310,175,4764,2245,2519,1752,827,925
B0103,27,517,District - Thane,Urban,Total,8514678,4564942,3949736,3045058,2464388,580670,277980,169317,108663,67784,44470,23314,5191640,1931237,3260403,234032,114425,119607
B0103,27,517,District - Thane,Urban,Illiterate,1827402,856956,970446,318569,227243,91326,48019,23884,24135,11596,6435,5161,1460814,605829,854985,19528,7201,12327
B0103,27,517,District - Thane,Urban,Literate,6687276,3707986,2979290,2726489,2237145,489344,229961,145433,84528,56188,38035,18153,3730826,1325408,2405418,214504,107224,107280
B0103,27,517,District - Thane,Urban,Literate but below matric/secondary,2934207,1548657,1385550,862199,733144,129055,92583,58021,34562,23542,16784,6758,1979425,757492,1221933,65462,33183,32279
B0103,27,517,District - Thane,Urban,Matric/secondary but below graduate,2213815,1295255,918560,983918,854609,129309,74234,49046,25188,18905,13150,5755,1155663,391600,764063,87090,46628,40462
B0103,27,517,District - Thane,Urban,Technical diploma or certificate not equal to degree,91112,70066,21046,57038,48934,8104,3021,2303,718,792,599,193,31053,18829,12224,4230,2812,1418
B0103,27,517,District - Thane,Urban,Graduate and above other than technical degree,868194,463505,404689,516537,367522,149015,30351,16617,13734,7375,3893,3482,321306,79366,241940,38267,15279,22988
B0103,27,517,District - Thane,Urban,Technical degree or diploma equal to degree or post-graduate degree,196495,119896,76599,134407,93035,41372,6841,4043,2798,1572,823,749,55247,22818,32429,8985,4234,4751
B0103,27,518,District - Mumbai Suburban,Total,Total,9356962,5031323,4325639,3515922,2811481,704441,219099,132841,86258,63333,42859,20474,5621941,2087001,3534940,272229,136504,135725
B0103,27,518,District - Mumbai Suburban,Total,Illiterate,1781477,808294,973183,305593,211842,93751,32747,16134,16613,7791,4662,3129,1443137,580318,862819,18821,6941,11880
B0103,27,518,District - Mumbai Suburban,Total,Literate,7575485,4223029,3352456,3210329,2599639,610690,186352,116707,69645,55542,38197,17345,4178804,1506683,2672121,253408,129563,123845
B0103,27,518,District - Mumbai Suburban,Total,Literate but below matric/secondary,3432602,1834664,1597938,1100299,929979,170320,84640,53661,30979,24436,17856,6580,2247663,851024,1396639,84365,43063,41302
B0103,27,518,District - Mumbai Suburban,Total,Matric/secondary but below graduate,2463649,1467256,996393,1116346,966341,150005,60258,39798,20460,19318,13521,5797,1287045,461117,825928,103253,56612,46641
B0103,27,518,District - Mumbai Suburban,Total,Technical diploma or certificate not equal to degree,87328,64782,22546,52876,43661,9215,1970,1390,580,591,420,171,32482,19731,12751,3847,2660,1187
B0103,27,518,District - Mumbai Suburban,Total,Graduate and above other than technical degree,1145299,597384,547915,687744,473290,214454,25334,13279,12055,7444,4017,3427,432221,110815,321406,45420,18816,26604
B0103,27,518,District - Mumbai Suburban,Total,Technical degree or diploma equal to degree or post-graduate degree,224320,138965,85355,152406,106709,45697,4975,2905,2070,1442,836,606,66939,29351,37588,9454,5007,4447
B0103,27,518,District - Mumbai Suburban,Rural,Total,0,0,0,0,0,0,0,0,0,0,0,0,0,0,0,0,0,0
B0103,27,518,District - Mumbai Suburban,Rural,Illiterate,0,0,0,0,0,0,0,0,0,0,0,0,0,0,0,0,0,0
B0103,27,518,District - Mumbai Suburban,Rural,Literate,0,0,0,0,0,0,0,0,0,0,0,0,0,0,0,0,0,0
B0103,27,518,District - Mumbai Suburban,Rural,Literate but below matric/secondary,0,0,0,0,0,0,0,0,0,0,0,0,0,0,0,0,0,0
B0103,27,518,District - Mumbai Suburban,Rural,Matric/secondary but below graduate,0,0,0,0,0,0,0,0,0,0,0,0,0,0,0,0,0,0
B0103,27,518,District - Mumbai Suburban,Rural,Technical diploma or certificate not equal to degree,0,0,0,0,0,0,0,0,0,0,0,0,0,0,0,0,0,0
B0103,27,518,District - Mumbai Suburban,Rural,Graduate and above other than technical degree,0,0,0,0,0,0,0,0,0,0,0,0,0,0,0,0,0,0
B0103,27,518,District - Mumbai Suburban,Rural,Technical degree or diploma equal to degree or post-graduate degree,0,0,0,0,0,0,0,0,0,0,0,0,0,0,0,0,0,0
B0103,27,518,District - Mumbai Suburban,Urban,Total,9356962,5031323,4325639,3515922,2811481,704441,219099,132841,86258,63333,42859,20474,5621941,2087001,3534940,272229,136504,135725
B0103,27,518,District - Mumbai Suburban,Urban,Illiterate,1781477,808294,973183,305593,211842,93751,32747,16134,16613,7791,4662,3129,1443137,580318,862819,18821,6941,11880
B0103,27,518,District - Mumbai Suburban,Urban,Literate,7575485,4223029,3352456,3210329,2599639,610690,186352,116707,69645,55542,38197,17345,4178804,1506683,2672121,253408,129563,123845
B0103,27,518,District - Mumbai Suburban,Urban,Literate but below matric/secondary,3432602,1834664,1597938,1100299,929979,170320,84640,53661,30979,24436,17856,6580,2247663,851024,1396639,84365,43063,41302
B0103,27,518,District - Mumbai Suburban,Urban,Matric/secondary but below graduate,2463649,1467256,996393,1116346,966341,150005,60258,39798,20460,19318,13521,5797,1287045,461117,825928,103253,56612,46641
B0103,27,518,District - Mumbai Suburban,Urban,Technical diploma or certificate not equal to degree,87328,64782,22546,52876,43661,9215,1970,1390,580,591,420,171,32482,19731,12751,3847,2660,1187
B0103,27,518,District - Mumbai Suburban,Urban,Graduate and above other than technical degree,1145299,597384,547915,687744,473290,214454,25334,13279,12055,7444,4017,3427,432221,110815,321406,45420,18816,26604
B0103,27,518,District - Mumbai Suburban,Urban,Technical degree or diploma equal to degree or post-graduate degree,224320,138965,85355,152406,106709,45697,4975,2905,2070,1442,836,606,66939,29351,37588,9454,5007,4447
B0103,27,519,District - Mumbai,Total,Total,3085411,1684608,1400803,1209334,975508,233826,75062,45501,29561,22144,14530,7614,1801015,663599,1137416,104366,52441,51925
B0103,27,519,District - Mumbai,Total,Illiterate,576389,273928,302461,122040,90475,31565,11792,6121,5671,2793,1603,1190,442557,177332,265225,7072,2797,4275
B0103,27,519,District - Mumbai,Total,Literate,2509022,1410680,1098342,1087294,885033,202261,63270,39380,23890,19351,12927,6424,1358458,486267,872191,97294,49644,47650
B0103,27,519,District - Mumbai,Total,Literate but below matric/secondary,1124349,620895,503454,393623,336495,57128,27666,17797,9869,7998,5581,2417,703060,266603,436457,30910,16225,14685
B0103,27,519,District - Mumbai,Total,Matric/secondary but below graduate,839205,493441,345764,377680,324533,53147,20793,13309,7484,7004,4769,2235,440732,155599,285133,41068,22076,18992
B0103,27,519,District - Mumbai,Total,Technical diploma or certificate not equal to degree,23857,16784,7073,13945,10833,3112,567,380,187,208,146,62,9345,5571,3774,1247,862,385
B0103,27,519,District - Mumbai,Total,Graduate and above other than technical degree,372029,192539,179490,220058,151484,68574,9275,4876,4399,2772,1545,1227,142696,36179,106517,17667,7185,10482
B0103,27,519,District - Mumbai,Total,Technical degree or diploma equal to degree or post-graduate degree,60723,36076,24647,38804,26269,12535,1522,857,665,476,277,199,20397,8950,11447,3125,1606,1519
B0103,27,519,District - Mumbai,Rural,Total,0,0,0,0,0,0,0,0,0,0,0,0,0,0,0,0,0,0
B0103,27,519,District - Mumbai,Rural,Illiterate,0,0,0,0,0,0,0,0,0,0,0,0,0,0,0,0,0,0
B0103,27,519,District - Mumbai,Rural,Literate,0,0,0,0,0,0,0,0,0,0,0,0,0,0,0,0,0,0
B0103,27,519,District - Mumbai,Rural,Literate but below matric/secondary,0,0,0,0,0,0,0,0,0,0,0,0,0,0,0,0,0,0
B0103,27,519,District - Mumbai,Rural,Matric/secondary but below graduate,0,0,0,0,0,0,0,0,0,0,0,0,0,0,0,0,0,0
B0103,27,519,District - Mumbai,Rural,Technical diploma or certificate not equal to degree,0,0,0,0,0,0,0,0,0,0,0,0,0,0,0,0,0,0
B0103,27,519,District - Mumbai,Rural,Graduate and above other than technical degree,0,0,0,0,0,0,0,0,0,0,0,0,0,0,0,0,0,0
B0103,27,519,District - Mumbai,Rural,Technical degree or diploma equal to degree or post-graduate degree,0,0,0,0,0,0,0,0,0,0,0,0,0,0,0,0,0,0
B0103,27,519,District - Mumbai,Urban,Total,3085411,1684608,1400803,1209334,975508,233826,75062,45501,29561,22144,14530,7614,1801015,663599,1137416,104366,52441,51925
B0103,27,519,District - Mumbai,Urban,Illiterate,576389,273928,302461,122040,90475,31565,11792,6121,5671,2793,1603,1190,442557,177332,265225,7072,2797,4275
B0103,27,519,District - Mumbai,Urban,Literate,2509022,1410680,1098342,1087294,885033,202261,63270,39380,23890,19351,12927,6424,1358458,486267,872191,97294,49644,47650
B0103,27,519,District - Mumbai,Urban,Literate but below matric/secondary,1124349,620895,503454,393623,336495,57128,27666,17797,9869,7998,5581,2417,703060,266603,436457,30910,16225,14685
B0103,27,519,District - Mumbai,Urban,Matric/secondary but below graduate,839205,493441,345764,377680,324533,53147,20793,13309,7484,7004,4769,2235,440732,155599,285133,41068,22076,18992
B0103,27,519,District - Mumbai,Urban,Technical diploma or certificate not equal to degree,23857,16784,7073,13945,10833,3112,567,380,187,208,146,62,9345,5571,3774,1247,862,385
B0103,27,519,District - Mumbai,Urban,Graduate and above other than technical degree,372029,192539,179490,220058,151484,68574,9275,4876,4399,2772,1545,1227,142696,36179,106517,17667,7185,10482
B0103,27,519,District - Mumbai,Urban,Technical degree or diploma equal to degree or post-graduate degree,60723,36076,24647,38804,26269,12535,1522,857,665,476,277,199,20397,8950,11447,3125,1606,1519
B0103,27,520,District - Raigarh,Total,Total,2634200,1344345,1289855,858825,641655,217170,214144,112188,101956,83182,52208,30974,1561231,590502,970729,99646,47478,52168
B0103,27,520,District - Raigarh,Total,Illiterate,694206,284653,409553,140460,71838,68622,59685,21370,38315,21156,9692,11464,494061,191445,302616,8761,2363,6398
B0103,27,520,District - Raigarh,Total,Literate,1939994,1059692,880302,718365,569817,148548,154459,90818,63641,62026,42516,19510,1067170,399057,668113,90885,45115,45770
B0103,27,520,District - Raigarh,Total,Literate but below matric/secondary,1092722,568342,524380,337499,258538,78961,95615,53786,41829,37687,25384,12303,659608,256018,403590,32861,14892,17969
B0103,27,520,District - Raigarh,Total,Matric/secondary but below graduate,514432,304130,210302,204836,178074,26762,34491,23198,11293,15316,11431,3885,275105,102858,172247,36713,20542,16171
B0103,27,520,District - Raigarh,Total,Technical diploma or certificate not equal to degree,23772,18759,5013,13564,12019,1545,1082,832,250,513,403,110,9126,5908,3218,2139,1565,574
B0103,27,520,District - Raigarh,Total,Graduate and above other than technical degree,155727,86104,69623,87520,66818,20702,8028,4728,3300,3241,1991,1250,60179,14558,45621,11827,4854,6973
B0103,27,520,District - Raigarh,Total,Technical degree or diploma equal to degree or post-graduate degree,45589,28884,16705,30519,22163,8356,1993,1163,830,635,328,307,13077,5558,7519,3120,1410,1710
B0103,27,520,District - Raigarh,Rural,Total,1664005,836996,827009,539278,381638,157640,175278,88859,86419,71221,44347,26874,949449,366499,582950,66590,31962,34628
B0103,27,520,District - Raigarh,Rural,Illiterate,501114,197295,303819,115309,55185,60124,53224,18395,34829,19359,8693,10666,332581,123715,208866,6713,1748,4965
B0103,27,520,District - Raigarh,Rural,Literate,1162891,639701,523190,423969,326453,97516,122054,70464,51590,51862,35654,16208,616868,242784,374084,59877,30214,29663
B0103,27,520,District - Raigarh,Rural,Literate but below matric/secondary,766413,402693,363720,254838,188354,66484,82661,45538,37123,33573,22347,11226,428914,168801,260113,25232,11127,14105
B0103,27,520,District - Raigarh,Rural,Matric/secondary but below graduate,263570,161776,101794,104870,90053,14817,24301,16421,7880,11903,9034,2869,134399,55302,79097,24194,13933,10261
B0103,27,520,District - Raigarh,Rural,Technical diploma or certificate not equal to degree,7435,5944,1491,3415,3050,365,475,388,87,308,257,51,3545,2506,1039,1130,858,272
B0103,27,520,District - Raigarh,Rural,Graduate and above other than technical degree,43538,27214,16324,24315,19701,4614,3283,2220,1063,1807,1304,503,15940,5293,10647,5227,2465,2762
B0103,27,520,District - Raigarh,Rural,Technical degree or diploma equal to degree or post-graduate degree,10782,6805,3977,6810,4803,2007,517,299,218,253,137,116,3455,1703,1752,1073,490,583
B0103,27,520,District - Raigarh,Urban,Total,970195,507349,462846,319547,260017,59530,38866,23329,15537,11961,7861,4100,611782,224003,387779,33056,15516,17540
B0103,27,520,District - Raigarh,Urban,Illiterate,193092,87358,105734,25151,16653,8498,6461,2975,3486,1797,999,798,161480,67730,93750,2048,615,1433
B0103,27,520,District - Raigarh,Urban,Literate,777103,419991,357112,294396,243364,51032,32405,20354,12051,10164,6862,3302,450302,156273,294029,31008,14901,16107
B0103,27,520,District - Raigarh,Urban,Literate but below matric/secondary,326309,165649,160660,82661,70184,12477,12954,8248,4706,4114,3037,1077,230694,87217,143477,7629,3765,3864
B0103,27,520,District - Raigarh,Urban,Matric/secondary but below graduate,250862,142354,108508,99966,88021,11945,10190,6777,3413,3413,2397,1016,140706,47556,93150,12519,6609,5910
B0103,27,520,District - Raigarh,Urban,Technical diploma or certificate not equal to degree,16337,12815,3522,10149,8969,1180,607,444,163,205,146,59,5581,3402,2179,1009,707,302
B0103,27,520,District - Raigarh,Urban,Graduate and above other than technical degree,112189,58890,53299,63205,47117,16088,4745,2508,2237,1434,687,747,44239,9265,34974,6600,2389,4211
B0103,27,520,District - Raigarh,Urban,Technical degree or diploma equal to degree or post-graduate degree,34807,22079,12728,23709,17360,6349,1476,864,612,382,191,191,9622,3855,5767,2047,920,1127
B0103,27,521,District - Pune,Total,Total,9429408,4924105,4505303,3751221,2658832,1092389,297772,150984,146788,83536,53191,30345,5380415,2114289,3266126,237807,116360,121447
B0103,27,521,District - Pune,Total,Illiterate,2257685,983895,1273790,555755,260118,295637,64605,21455,43150,15634,7104,8530,1637325,702322,935003,16888,5739,11149
B0103,27,521,District - Pune,Total,Literate,7171723,3940210,3231513,3195466,2398714,796752,233167,129529,103638,67902,46087,21815,3743090,1411967,2331123,220919,110621,110298
B0103,27,521,District - Pune,Total,Literate but below matric/secondary,3301584,1713940,1587644,1201821,843753,358068,107126,54738,52388,29987,20434,9553,1992637,815449,1177188,59055,28858,30197
B0103,27,521,District - Pune,Total,Matric/secondary but below graduate,2123315,1235976,887339,971799,807488,164311,67269,41791,25478,21472,15746,5726,1084247,386697,697550,86509,47869,38640
B0103,27,521,District - Pune,Total,Technical diploma or certificate not equal to degree,136931,110982,25949,91338,81475,9863,4296,3520,776,1365,1123,242,41297,25987,15310,5928,4058,1870
B0103,27,521,District - Pune,Total,Graduate and above other than technical degree,850293,449519,400774,479899,348447,131452,22992,12261,10731,7191,3996,3195,347402,88811,258591,41313,16470,24843
B0103,27,521,District - Pune,Total,Technical degree or diploma equal to degree or post-graduate degree,331505,213408,118097,223535,163837,59698,8812,5221,3591,2678,1458,1220,99158,44350,54808,17467,8355,9112
B0103,27,521,District - Pune,Rural,Total,3678226,1903440,1774786,1676770,1046069,630701,151817,63648,88169,40587,24703,15884,1849639,793723,1055916,84350,44449,39901
B0103,27,521,District - Pune,Rural,Illiterate,1056004,431249,624755,349065,135912,213153,40481,10389,30092,8573,3334,5239,666458,284948,381510,6457,1959,4498
B0103,27,521,District - Pune,Rural,Literate,2622222,1472191,1150031,1327705,910157,417548,111336,53259,58077,32014,21369,10645,1183181,508775,674406,77893,42490,35403
B0103,27,521,District - Pune,Rural,Literate but below matric/secondary,1519425,804261,715164,697171,438912,258259,62496,26865,35631,15966,10118,5848,759758,338484,421274,23584,11454,12130
B0103,27,521,District - Pune,Rural,Matric/secondary but below graduate,713214,440172,273042,387223,300930,86293,30137,17018,13119,10090,7424,2666,295854,122224,173630,34535,20401,14134
B0103,27,521,District - Pune,Rural,Technical diploma or certificate not equal to degree,25504,20793,4711,14505,12984,1521,982,812,170,435,369,66,10017,6997,3020,2457,1891,566
B0103,27,521,District - Pune,Rural,Graduate and above other than technical degree,134487,88007,46480,85981,70400,15581,5079,3062,2017,2172,1445,727,43427,14545,28882,9664,4814,4850
B0103,27,521,District - Pune,Rural,Technical degree or diploma equal to degree or post-graduate degree,39118,26066,13052,24019,18070,5949,1361,796,565,642,365,277,13738,7200,6538,3931,2075,1856
B0103,27,521,District - Pune,Urban,Total,5751182,3020665,2730517,2074451,1612763,461688,145955,87336,58619,42949,28488,14461,3530776,1320566,2210210,153457,71911,81546
B0103,27,521,District - Pune,Urban,Illiterate,1201681,552646,649035,206690,124206,82484,24124,11066,13058,7061,3770,3291,970867,417374,553493,10431,3780,6651
B0103,27,521,District - Pune,Urban,Literate,4549501,2468019,2081482,1867761,1488557,379204,121831,76270,45561,35888,24718,11170,2559909,903192,1656717,143026,68131,74895
B0103,27,521,District - Pune,Urban,Literate but below matric/secondary,1782159,909679,872480,504650,404841,99809,44630,27873,16757,14021,10316,3705,1232879,476965,755914,35471,17404,18067
B0103,27,521,District - Pune,Urban,Matric/secondary but below graduate,1410101,795804,614297,584576,506558,78018,37132,24773,12359,11382,8322,3060,788393,264473,523920,51974,27468,24506
B0103,27,521,District - Pune,Urban,Technical diploma or certificate not equal to degree,111427,90189,21238,76833,68491,8342,3314,2708,606,930,754,176,31280,18990,12290,3471,2167,1304
B0103,27,521,District - Pune,Urban,Graduate and above other than technical degree,715806,361512,354294,393918,278047,115871,17913,9199,8714,5019,2551,2468,303975,74266,229709,31649,11656,19993
B0103,27,521,District - Pune,Urban,Technical degree or diploma equal to degree or post-graduate degree,292387,187342,105045,199516,145767,53749,7451,4425,3026,2036,1093,943,85420,37150,48270,13536,6280,7256
B0103,27,522,District - Ahmadnagar,Total,Total,4543159,2342825,2200334,2039455,1227314,812141,165135,72995,92140,52852,30236,22616,2338569,1042516,1296053,98519,52765,45754
B0103,27,522,District - Ahmadnagar,Total,Illiterate,1391269,569470,821799,494139,184528,309611,47409,13087,34322,13209,4766,8443,849721,371855,477866,8612,2790,5822
B0103,27,522,District - Ahmadnagar,Total,Literate,3151890,1773355,1378535,1545316,1042786,502530,117726,59908,57818,39643,25470,14173,1488848,670661,818187,89907,49975,39932
B0103,27,522,District - Ahmadnagar,Total,Literate but below matric/secondary,1832131,961886,870245,815704,496071,319633,64640,29413,35227,20348,11955,8393,951787,436402,515385,24140,11120,13020
B0103,27,522,District - Ahmadnagar,Total,Matric/secondary but below graduate,853158,518163,334995,444547,335281,109266,32566,18454,14112,11635,8290,3345,376045,164428,211617,38713,23192,15521
B0103,27,522,District - Ahmadnagar,Total,Technical diploma or certificate not equal to degree,34735,27599,7136,18879,16637,2242,1408,1127,281,749,620,129,14448,9835,4613,3397,2496,901
B0103,27,522,District - Ahmadnagar,Total,Graduate and above other than technical degree,186722,129864,56858,119816,100233,19583,6785,4596,2189,2961,2214,747,60121,25035,35086,12497,7169,5328
B0103,27,522,District - Ahmadnagar,Total,Technical degree or diploma equal to degree or post-graduate degree,66253,43779,22474,38417,28156,10261,2329,1460,869,1108,706,402,25507,14163,11344,7286,4028,3258
B0103,27,522,District - Ahmadnagar,Rural,Total,3630542,1872907,1757635,1740077,996307,743770,135741,56256,79485,43842,24358,19484,1754724,820344,934380,72192,40292,31900
B0103,27,522,District - Ahmadnagar,Rural,Illiterate,1185395,480016,705379,457442,165619,291823,41681,10854,30827,11486,3956,7530,686272,303543,382729,6591,2123,4468
B0103,27,522,District - Ahmadnagar,Rural,Literate,2445147,1392891,1052256,1282635,830688,451947,94060,45402,48658,32356,20402,11954,1068452,516801,551651,65601,38169,27432
B0103,27,522,District - Ahmadnagar,Rural,Literate but below matric/secondary,1500185,795451,704734,721761,423751,298010,53666,23082,30584,16818,9492,7326,724758,348618,376140,17950,8334,9616
B0103,27,522,District - Ahmadnagar,Rural,Matric/secondary but below graduate,633623,395758,237865,359269,261268,98001,25492,13767,11725,9508,6723,2785,248862,120723,128139,29214,18277,10937
B0103,27,522,District - Ahmadnagar,Rural,Technical diploma or certificate not equal to degree,21747,17627,4120,11280,9915,1365,991,806,185,581,488,93,9476,6906,2570,2552,1940,612
B0103,27,522,District - Ahmadnagar,Rural,Graduate and above other than technical degree,108569,82414,26155,75121,64091,11030,4463,3139,1324,2261,1778,483,28985,15184,13801,7935,5115,2820
B0103,27,522,District - Ahmadnagar,Rural,Technical degree or diploma equal to degree or post-graduate degree,40728,28501,12227,23530,17890,5640,1576,1037,539,870,567,303,15622,9574,6048,5165,3033,2132
B0103,27,522,District - Ahmadnagar,Urban,Total,912617,469918,442699,299378,231007,68371,29394,16739,12655,9010,5878,3132,583845,222172,361673,26327,12473,13854
B0103,27,522,District - Ahmadnagar,Urban,Illiterate,205874,89454,116420,36697,18909,17788,5728,2233,3495,1723,810,913,163449,68312,95137,2021,667,1354
B0103,27,522,District - Ahmadnagar,Urban,Literate,706743,380464,326279,262681,212098,50583,23666,14506,9160,7287,5068,2219,420396,153860,266536,24306,11806,12500
B0103,27,522,District - Ahmadnagar,Urban,Literate but below matric/secondary,331946,166435,165511,93943,72320,21623,10974,6331,4643,3530,2463,1067,227029,87784,139245,6190,2786,3404
B0103,27,522,District - Ahmadnagar,Urban,Matric/secondary but below graduate,219535,122405,97130,85278,74013,11265,7074,4687,2387,2127,1567,560,127183,43705,83478,9499,4915,4584
B0103,27,522,District - Ahmadnagar,Urban,Technical diploma or certificate not equal to degree,12988,9972,3016,7599,6722,877,417,321,96,168,132,36,4972,2929,2043,845,556,289
B0103,27,522,District - Ahmadnagar,Urban,Graduate and above other than technical degree,78153,47450,30703,44695,36142,8553,2322,1457,865,700,436,264,31136,9851,21285,4562,2054,2508
B0103,27,522,District - Ahmadnagar,Urban,Technical degree or diploma equal to degree or post-graduate degree,25525,15278,10247,14887,10266,4621,753,423,330,238,139,99,9885,4589,5296,2121,995,1126
B0103,27,523,District - Bid,Total,Total,2585049,1349106,1235943,1154708,684533,470175,100840,43286,57554,35300,19796,15504,1329501,621287,708214,54868,32348,22520
B0103,27,523,District - Bid,Total,Illiterate,866542,361921,504621,330234,124860,205374,31383,7647,23736,9585,3147,6438,504925,229414,275511,4045,1345,2700
B0103,27,523,District - Bid,Total,Literate,1718507,987185,731322,824474,559673,264801,69457,35639,33818,25715,16649,9066,824576,391873,432703,50823,31003,19820
B0103,27,523,District - Bid,Total,Literate but below matric/secondary,978053,531078,446975,405088,256744,148344,35120,16470,18650,12225,7407,4818,537845,257864,279981,12964,6820,6144
B0103,27,523,District - Bid,Total,Matric/secondary but below graduate,422440,271260,151180,216064,167645,48419,17947,10717,7230,7213,5255,1958,188429,92898,95531,22424,14543,7881
B0103,27,523,District - Bid,Total,Technical diploma or certificate not equal to degree,10787,8461,2326,5258,4592,666,420,331,89,217,177,40,5109,3538,1571,1400,1016,384
B0103,27,523,District - Bid,Total,Graduate and above other than technical degree,95032,73271,21761,64497,57139,7358,4076,3158,918,1861,1559,302,26459,12974,13485,6396,4195,2201
B0103,27,523,District - Bid,Total,Technical degree or diploma equal to degree or post-graduate degree,36898,26274,10624,20963,16311,4652,1435,1012,423,726,527,199,14500,8951,5549,4886,3101,1785
B0103,27,523,District - Bid,Rural,Total,2070751,1082978,987773,1004728,566122,438606,81661,31267,50394,27456,14323,13133,984362,485589,498773,34922,21669,13253
B0103,27,523,District - Bid,Rural,Illiterate,735162,305141,430021,308939,113055,195884,27376,5976,21400,7816,2279,5537,398847,186110,212737,2561,840,1721
B0103,27,523,District - Bid,Rural,Literate,1335589,777837,557752,695789,453067,242722,54285,25291,28994,19640,12044,7596,585515,299479,286036,32361,20829,11532
B0103,27,523,District - Bid,Rural,Literate but below matric/secondary,787821,432938,354883,356986,217291,139695,28550,12058,16492,9476,5268,4208,402285,203589,198696,8095,4307,3788
B0103,27,523,District - Bid,Rural,Matric/secondary but below graduate,317344,213062,104282,180439,136559,43880,13745,7759,5986,5598,3994,1604,123160,68744,54416,15262,10533,4729
B0103,27,523,District - Bid,Rural,Technical diploma or certificate not equal to degree,6590,5274,1316,2988,2631,357,272,211,61,161,133,28,3330,2432,898,970,724,246
B0103,27,523,District - Bid,Rural,Graduate and above other than technical degree,55376,46072,9304,41307,37147,4160,2288,1811,477,1221,1059,162,11781,7114,4667,3269,2359,910
B0103,27,523,District - Bid,Rural,Technical degree or diploma equal to degree or post-graduate degree,21430,16286,5144,12235,9947,2288,854,635,219,504,381,123,8341,5704,2637,3090,2084,1006
B0103,27,523,District - Bid,Urban,Total,514298,266128,248170,149980,118411,31569,19179,12019,7160,7844,5473,2371,345139,135698,209441,19946,10679,9267
B0103,27,523,District - Bid,Urban,Illiterate,131380,56780,74600,21295,11805,9490,4007,1671,2336,1769,868,901,106078,43304,62774,1484,505,979
B0103,27,523,District - Bid,Urban,Literate,382918,209348,173570,128685,106606,22079,15172,10348,4824,6075,4605,1470,239061,92394,146667,18462,10174,8288
B0103,27,523,District - Bid,Urban,Literate but below matric/secondary,190232,98140,92092,48102,39453,8649,6570,4412,2158,2749,2139,610,135560,54275,81285,4869,2513,2356
B0103,27,523,District - Bid,Urban,Matric/secondary but below graduate,105096,58198,46898,35625,31086,4539,4202,2958,1244,1615,1261,354,65269,24154,41115,7162,4010,3152
B0103,27,523,District - Bid,Urban,Technical diploma or certificate not equal to degree,4197,3187,1010,2270,1961,309,148,120,28,56,44,12,1779,1106,673,430,292,138
B0103,27,523,District - Bid,Urban,Graduate and above other than technical degree,39656,27199,12457,23190,19992,3198,1788,1347,441,640,500,140,14678,5860,8818,3127,1836,1291
B0103,27,523,District - Bid,Urban,Technical degree or diploma equal to degree or post-graduate degree,15468,9988,5480,8728,6364,2364,581,377,204,222,146,76,6159,3247,2912,1796,1017,779
B0103,27,524,District - Latur,Total,Total,2454196,1273140,1181056,964177,633321,330856,82680,36697,45983,22450,13034,9416,1407339,603122,804217,47985,27015,20970
B0103,27,524,District - Latur,Total,Illiterate,803524,340708,462816,257457,117776,139681,25381,7218,18163,6152,2310,3842,520686,215714,304972,4998,1805,3193
B0103,27,524,District - Latur,Total,Literate,1650672,932432,718240,706720,515545,191175,57299,29479,27820,16298,10724,5574,886653,387408,499245,42987,25210,17777
B0103,27,524,District - Latur,Total,Literate but below matric/secondary,933626,487957,445669,341585,225977,115608,29483,12966,16517,7947,4714,3233,562558,249014,313544,12181,6048,6133
B0103,27,524,District - Latur,Total,Matric/secondary but below graduate,461408,281290,180118,220741,178429,42312,16410,9460,6950,5069,3740,1329,224257,93401,130856,17331,10491,6840
B0103,27,524,District - Latur,Total,Technical diploma or certificate not equal to degree,14315,11354,2961,6952,6220,732,496,407,89,228,183,45,6867,4727,2140,1382,1027,355
B0103,27,524,District - Latur,Total,Graduate and above other than technical degree,85644,62747,22897,52152,45696,6456,3220,2468,752,1007,813,194,30272,14583,15689,5267,3553,1714
B0103,27,524,District - Latur,Total,Technical degree or diploma equal to degree or post-graduate degree,44029,31070,12959,24132,18694,5438,1516,1081,435,480,337,143,18381,11295,7086,4454,2805,1649
B0103,27,524,District - Latur,Rural,Total,1829216,949707,879509,794557,494140,300417,62810,23308,39502,16135,8556,7579,971849,432259,539590,31036,17888,13148
B0103,27,524,District - Latur,Rural,Illiterate,634371,266458,367913,229439,99417,130022,20892,4998,15894,4521,1441,3080,384040,162043,221997,3121,1174,1947
B0103,27,524,District - Latur,Rural,Literate,1194845,683249,511596,565118,394723,170395,41918,18310,23608,11614,7115,4499,587809,270216,317593,27915,16714,11201
B0103,27,524,District - Latur,Rural,Literate but below matric/secondary,705900,371241,334659,290296,182549,107747,22719,8246,14473,5621,2938,2683,392885,180446,212439,7676,3758,3918
B0103,27,524,District - Latur,Rural,Matric/secondary but below graduate,329821,209439,120382,178157,140424,37733,12037,6141,5896,3742,2670,1072,139627,62874,76753,11987,7364,4623
B0103,27,524,District - Latur,Rural,Technical diploma or certificate not equal to degree,8402,6833,1569,3926,3509,417,298,252,46,181,149,32,4178,3072,1106,1020,771,249
B0103,27,524,District - Latur,Rural,Graduate and above other than technical degree,42836,34117,8719,28633,25526,3107,1609,1221,388,655,533,122,12594,7370,5224,2923,2119,804
B0103,27,524,District - Latur,Rural,Technical degree or diploma equal to degree or post-graduate degree,23163,17240,5923,12802,10248,2554,771,572,199,294,220,74,9590,6420,3170,2810,1854,956
B0103,27,524,District - Latur,Urban,Total,624980,323433,301547,169620,139181,30439,19870,13389,6481,6315,4478,1837,435490,170863,264627,16949,9127,7822
B0103,27,524,District - Latur,Urban,Illiterate,169153,74250,94903,28018,18359,9659,4489,2220,2269,1631,869,762,136646,53671,82975,1877,631,1246
B0103,27,524,District - Latur,Urban,Literate,455827,249183,206644,141602,120822,20780,15381,11169,4212,4684,3609,1075,298844,117192,181652,15072,8496,6576
B0103,27,524,District - Latur,Urban,Literate but below matric/secondary,227726,116716,111010,51289,43428,7861,6764,4720,2044,2326,1776,550,169673,68568,101105,4505,2290,2215
B0103,27,524,District - Latur,Urban,Matric/secondary but below graduate,131587,71851,59736,42584,38005,4579,4373,3319,1054,1327,1070,257,84630,30527,54103,5344,3127,2217
B0103,27,524,District - Latur,Urban,Technical diploma or certificate not equal to degree,5913,4521,1392,3026,2711,315,198,155,43,47,34,13,2689,1655,1034,362,256,106
B0103,27,524,District - Latur,Urban,Graduate and above other than technical degree,42808,28630,14178,23519,20170,3349,1611,1247,364,352,280,72,17678,7213,10465,2344,1434,910
B0103,27,524,District - Latur,Urban,Technical degree or diploma equal to degree or post-graduate degree,20866,13830,7036,11330,8446,2884,745,509,236,186,117,69,8791,4875,3916,1644,951,693
B0103,27,525,District - Osmanabad,Total,Total,1657576,861535,796041,701894,441657,260237,72022,32138,39884,25553,14470,11083,883660,387740,495920,49834,26453,23381
B0103,27,525,District - Osmanabad,Total,Illiterate,519766,217231,302535,180106,76260,103846,21386,5591,15795,6389,2105,4284,318274,135380,182894,4210,1039,3171
B0103,27,525,District - Osmanabad,Total,Literate,1137810,644304,493506,521788,365397,156391,50636,26547,24089,19164,12365,6799,565386,252360,313026,45624,25414,20210
B0103,27,525,District - Osmanabad,Total,Literate but below matric/secondary,650706,345410,305296,265367,171580,93787,26481,12365,14116,9396,5470,3926,358858,161465,197393,13019,5808,7211
B0103,27,525,District - Osmanabad,Total,Matric/secondary but below graduate,311421,193365,118056,153367,120891,32476,14522,8916,5606,6127,4510,1617,143532,63558,79974,20491,12073,8418
B0103,27,525,District - Osmanabad,Total,Technical diploma or certificate not equal to degree,8032,6539,1493,3744,3339,405,320,272,48,199,176,23,3968,2928,1040,1202,916,286
B0103,27,525,District - Osmanabad,Total,Graduate and above other than technical degree,60241,45662,14579,38002,33495,4507,2720,2141,579,1308,1096,212,19519,10026,9493,5591,3653,1938
B0103,27,525,District - Osmanabad,Total,Technical degree or diploma equal to degree or post-graduate degree,23286,17046,6240,12803,10321,2482,892,654,238,421,303,118,9591,6071,3520,3343,2112,1231
B0103,27,525,District - Osmanabad,Rural,Total,1376519,716237,660282,623146,379763,243383,60242,24702,35540,20333,10912,9421,693131,311772,381359,36738,19961,16777
B0103,27,525,District - Osmanabad,Rural,Illiterate,450497,187494,263003,169284,70269,99015,18825,4576,14249,5192,1572,3620,262388,112649,149739,3066,772,2294
B0103,27,525,District - Osmanabad,Rural,Literate,926022,528743,397279,453862,309494,144368,41417,20126,21291,15141,9340,5801,430743,199123,231620,33672,19189,14483
B0103,27,525,District - Osmanabad,Rural,Literate but below matric/secondary,546021,292123,253898,240045,151274,88771,22224,9574,12650,7555,4108,3447,283752,131275,152477,9875,4399,5476
B0103,27,525,District - Osmanabad,Rural,Matric/secondary but below graduate,248601,158484,90117,132948,103049,29899,11697,6791,4906,4864,3510,1354,103956,48644,55312,15766,9529,6237
B0103,27,525,District - Osmanabad,Rural,Technical diploma or certificate not equal to degree,5474,4545,929,2446,2204,242,234,201,33,154,134,20,2794,2140,654,864,672,192
B0103,27,525,District - Osmanabad,Rural,Graduate and above other than technical degree,38750,30947,7803,26035,23298,2737,1735,1342,393,876,734,142,10980,6307,4673,3501,2473,1028
B0103,27,525,District - Osmanabad,Rural,Technical degree or diploma equal to degree or post-graduate degree,14921,11447,3474,8204,6838,1366,621,469,152,308,237,71,6096,4140,1956,2247,1484,763
B0103,27,525,District - Osmanabad,Urban,Total,281057,145298,135759,78748,61894,16854,11780,7436,4344,5220,3558,1662,190529,75968,114561,13096,6492,6604
B0103,27,525,District - Osmanabad,Urban,Illiterate,69269,29737,39532,10822,5991,4831,2561,1015,1546,1197,533,664,55886,22731,33155,1144,267,877
B0103,27,525,District - Osmanabad,Urban,Literate,211788,115561,96227,67926,55903,12023,9219,6421,2798,4023,3025,998,134643,53237,81406,11952,6225,5727
B0103,27,525,District - Osmanabad,Urban,Literate but below matric/secondary,104685,53287,51398,25322,20306,5016,4257,2791,1466,1841,1362,479,75106,30190,44916,3144,1409,1735
B0103,27,525,District - Osmanabad,Urban,Matric/secondary but below graduate,62820,34881,27939,20419,17842,2577,2825,2125,700,1263,1000,263,39576,14914,24662,4725,2544,2181
B0103,27,525,District - Osmanabad,Urban,Technical diploma or certificate not equal to degree,2558,1994,564,1298,1135,163,86,71,15,45,42,3,1174,788,386,338,244,94
B0103,27,525,District - Osmanabad,Urban,Graduate and above other than technical degree,21491,14715,6776,11967,10197,1770,985,799,186,432,362,70,8539,3719,4820,2090,1180,910
B0103,27,525,District - Osmanabad,Urban,Technical degree or diploma equal to degree or post-graduate degree,8365,5599,2766,4599,3483,1116,271,185,86,113,66,47,3495,1931,1564,1096,628,468
B0103,27,526,District - Solapur,Total,Total,4317756,2227852,2089904,1763175,1148937,614238,135220,57996,77224,42001,24945,17056,2419361,1020919,1398442,103714,56845,46869
B0103,27,526,District - Solapur,Total,Illiterate,1407080,576586,830494,480616,208409,272207,43611,10971,32640,11020,3920,7100,882853,357206,525647,9849,2963,6886
B0103,27,526,District - Solapur,Total,Literate,2910676,1651266,1259410,1282559,940528,342031,91609,47025,44584,30981,21025,9956,1536508,663713,872795,93865,53882,39983
B0103,27,526,District - Solapur,Total,Literate but below matric/secondary,1822653,969483,853170,743434,505484,237950,56088,25672,30416,17223,10936,6287,1023131,438327,584804,29488,14123,15365
B0103,27,526,District - Solapur,Total,Matric/secondary but below graduate,732293,451527,280766,334257,274717,59540,22918,13739,9179,8790,6558,2232,375118,163071,212047,39150,24628,14522
B0103,27,526,District - Solapur,Total,Technical diploma or certificate not equal to degree,27262,21739,5523,13431,12016,1415,774,622,152,386,327,59,13057,9101,3956,3051,2318,733
B0103,27,526,District - Solapur,Total,Graduate and above other than technical degree,169749,116755,52994,103500,88052,15448,4953,3446,1507,2239,1711,528,61296,25257,36039,12655,7443,5212
B0103,27,526,District - Solapur,Total,Technical degree or diploma equal to degree or post-graduate degree,65475,44207,21268,37393,28239,9154,1800,1177,623,910,600,310,26282,14791,11491,7217,4177,3040
B0103,27,526,District - Solapur,Rural,Total,2918665,1518343,1400322,1297320,805368,491952,97803,36075,61728,30215,16905,13310,1523542,676900,846642,59899,33919,25980
B0103,27,526,District - Solapur,Rural,Illiterate,1035877,427258,608619,393441,167121,226320,34521,7488,27033,8660,2762,5898,607915,252649,355266,5917,1671,4246
B0103,27,526,District - Solapur,Rural,Literate,1882788,1091085,791703,903879,638247,265632,63282,28587,34695,21555,14143,7412,915627,424251,491376,53982,32248,21734
B0103,27,526,District - Solapur,Rural,Literate but below matric/secondary,1267002,685196,581806,569086,372575,196511,41177,16248,24929,12479,7441,5038,656739,296373,360366,17378,8085,9293
B0103,27,526,District - Solapur,Rural,Matric/secondary but below graduate,434474,282049,152425,223837,179177,44660,14864,8147,6717,5915,4403,1512,195773,94725,101048,23195,15162,8033
B0103,27,526,District - Solapur,Rural,Technical diploma or certificate not equal to degree,13266,11048,2218,6019,5467,552,457,382,75,268,230,38,6790,5199,1591,1872,1487,385
B0103,27,526,District - Solapur,Rural,Graduate and above other than technical degree,71371,55224,16147,47821,42300,5521,2263,1652,611,1286,1053,233,21287,11272,10015,6050,4143,1907
B0103,27,526,District - Solapur,Rural,Technical degree or diploma equal to degree or post-graduate degree,31836,23807,8029,18493,15030,3463,985,691,294,549,391,158,12358,8086,4272,4053,2623,1430
B0103,27,526,District - Solapur,Urban,Total,1399091,709509,689582,465855,343569,122286,37417,21921,15496,11786,8040,3746,895819,344019,551800,43815,22926,20889
B0103,27,526,District - Solapur,Urban,Illiterate,371203,149328,221875,87175,41288,45887,9090,3483,5607,2360,1158,1202,274938,104557,170381,3932,1292,2640
B0103,27,526,District - Solapur,Urban,Literate,1027888,560181,467707,378680,302281,76399,28327,18438,9889,9426,6882,2544,620881,239462,381419,39883,21634,18249
B0103,27,526,District - Solapur,Urban,Literate but below matric/secondary,555651,284287,271364,174348,132909,41439,14911,9424,5487,4744,3495,1249,366392,141954,224438,12110,6038,6072
B0103,27,526,District - Solapur,Urban,Matric/secondary but below graduate,297819,169478,128341,110420,95540,14880,8054,5592,2462,2875,2155,720,179345,68346,110999,15955,9466,6489
B0103,27,526,District - Solapur,Urban,Technical diploma or certificate not equal to degree,13996,10691,3305,7412,6549,863,317,240,77,118,97,21,6267,3902,2365,1179,831,348
B0103,27,526,District - Solapur,Urban,Graduate and above other than technical degree,98378,61531,36847,55679,45752,9927,2690,1794,896,953,658,295,40009,13985,26024,6605,3300,3305
B0103,27,526,District - Solapur,Urban,Technical degree or diploma equal to degree or post-graduate degree,33639,20400,13239,18900,13209,5691,815,486,329,361,209,152,13924,6705,7219,3164,1554,1610
B0103,27,527,District - Satara,Total,Total,3003741,1510842,1492899,1184407,780808,403599,170540,63997,106543,45208,27140,18068,1648794,666037,982757,87166,43216,43950
B0103,27,527,District - Satara,Total,Illiterate,778047,309808,468239,213848,88877,124971,40801,9388,31413,8193,3004,5189,523398,211543,311855,6221,2088,4133
B0103,27,527,District - Satara,Total,Literate,2225694,1201034,1024660,970559,691931,278628,129739,54609,75130,37015,24136,12879,1125396,454494,670902,80945,41128,39817
B0103,27,527,District - Satara,Total,Literate but below matric/secondary,1241116,622315,618801,483649,310598,173051,75001,27773,47228,18356,11107,7249,682466,283944,398522,21239,9251,11988
B0103,27,527,District - Satara,Total,Matric/secondary but below graduate,648155,382225,265930,300286,241948,58338,37153,18313,18840,12460,9104,3356,310716,121964,188752,35616,20146,15470
B0103,27,527,District - Satara,Total,Technical diploma or certificate not equal to degree,24113,19134,4979,12336,10861,1475,954,777,177,540,451,89,10823,7496,3327,2757,2020,737
B0103,27,527,District - Satara,Total,Graduate and above other than technical degree,161160,97712,63448,93360,75041,18319,7117,3755,3362,3070,1950,1120,60683,18916,41767,13941,6068,7873
B0103,27,527,District - Satara,Total,Technical degree or diploma equal to degree or post-graduate degree,44737,28771,15966,26169,18868,7301,1427,885,542,642,371,271,17141,9018,8123,4749,2353,2396
B0103,27,527,District - Satara,Rural,Total,2433363,1219749,1213614,1001339,640565,360774,153362,54808,98554,39762,23642,16120,1278662,524376,754286,67963,34664,33299
B0103,27,527,District - Satara,Rural,Illiterate,662613,258950,403663,192963,77542,115421,37274,8074,29200,7136,2508,4628,432376,173334,259042,5100,1714,3386
B0103,27,527,District - Satara,Rural,Literate,1770750,960799,809951,808376,563023,245353,116088,46734,69354,32626,21134,11492,846286,351042,495244,62863,32950,29913
B0103,27,527,District - Satara,Rural,Literate but below matric/secondary,1038166,521454,516712,431707,270374,161333,68615,24158,44457,16350,9717,6633,537844,226922,310922,17181,7595,9586
B0103,27,527,District - Satara,Rural,Matric/secondary but below graduate,508092,306727,201365,250479,199247,51232,32969,15799,17170,11133,8128,3005,224644,91681,132963,28903,16728,12175
B0103,27,527,District - Satara,Rural,Technical diploma or certificate not equal to degree,14914,12010,2904,7130,6291,839,752,623,129,444,380,64,7032,5096,1936,2056,1554,502
B0103,27,527,District - Satara,Rural,Graduate and above other than technical degree,96603,62127,34476,57785,47723,10062,5499,2896,2603,2485,1608,877,33319,11508,21811,9600,4466,5134
B0103,27,527,District - Satara,Rural,Technical degree or diploma equal to degree or post-graduate degree,24571,16366,8205,13863,10298,3565,995,631,364,466,280,186,9713,5437,4276,3059,1575,1484
B0103,27,527,District - Satara,Urban,Total,570378,291093,279285,183068,140243,42825,17178,9189,7989,5446,3498,1948,370132,141661,228471,19203,8552,10651
B0103,27,527,District - Satara,Urban,Illiterate,115434,50858,64576,20885,11335,9550,3527,1314,2213,1057,496,561,91022,38209,52813,1121,374,747
B0103,27,527,District - Satara,Urban,Literate,454944,240235,214709,162183,128908,33275,13651,7875,5776,4389,3002,1387,279110,103452,175658,18082,8178,9904
B0103,27,527,District - Satara,Urban,Literate but below matric/secondary,202950,100861,102089,51942,40224,11718,6386,3615,2771,2006,1390,616,144622,57022,87600,4058,1656,2402
B0103,27,527,District - Satara,Urban,Matric/secondary but below graduate,140063,75498,64565,49807,42701,7106,4184,2514,1670,1327,976,351,86072,30283,55789,6713,3418,3295
B0103,27,527,District - Satara,Urban,Technical diploma or certificate not equal to degree,9199,7124,2075,5206,4570,636,202,154,48,96,71,25,3791,2400,1391,701,466,235
B0103,27,527,District - Satara,Urban,Graduate and above other than technical degree,64557,35585,28972,35575,27318,8257,1618,859,759,585,342,243,27364,7408,19956,4341,1602,2739
B0103,27,527,District - Satara,Urban,Technical degree or diploma equal to degree or post-graduate degree,20166,12405,7761,12306,8570,3736,432,254,178,176,91,85,7428,3581,3847,1690,778,912
B0103,27,528,District - Ratnagiri,Total,Total,1615069,761121,853948,554973,344089,210884,159103,62919,96184,51894,29749,22145,900993,354113,546880,51770,24133,27637
B0103,27,528,District - Ratnagiri,Total,Illiterate,415677,142109,273568,96199,32129,64070,38028,7606,30422,7016,2381,4635,281450,102374,179076,2517,590,1927
B0103,27,528,District - Ratnagiri,Total,Literate,1199392,619012,580380,458774,311960,146814,121075,55313,65762,44878,27368,17510,619543,251739,367804,49253,23543,25710
B0103,27,528,District - Ratnagiri,Total,Literate but below matric/secondary,834771,406194,428577,299870,187409,112461,91816,38664,53152,30818,17751,13067,443085,180121,262964,19255,7748,11507
B0103,27,528,District - Ratnagiri,Total,Matric/secondary but below graduate,264783,155858,108925,105196,85699,19497,23012,13433,9579,11072,7753,3319,136575,56726,79849,21098,11605,9493
B0103,27,528,District - Ratnagiri,Total,Technical diploma or certificate not equal to degree,11245,8668,2577,5488,4772,716,627,487,140,400,330,70,5130,3409,1721,1543,1151,392
B0103,27,528,District - Ratnagiri,Total,Graduate and above other than technical degree,49823,27584,22239,27724,20709,7015,2592,1355,1237,1503,900,603,19507,5520,13987,5105,1963,3142
B0103,27,528,District - Ratnagiri,Total,Technical degree or diploma equal to degree or post-graduate degree,17668,10879,6789,11671,7931,3740,546,302,244,300,158,142,5451,2646,2805,1536,745,791
B0103,27,528,District - Ratnagiri,Rural,Total,1351346,630213,721133,477284,282446,194838,150942,57987,92955,48586,27301,21285,723120,289780,433340,41280,18972,22308
B0103,27,528,District - Ratnagiri,Rural,Illiterate,371989,123014,248975,91287,29196,62091,36974,7152,29822,6618,2156,4462,243728,86666,157062,2178,463,1715
B0103,27,528,District - Ratnagiri,Rural,Literate,979357,507199,472158,385997,253250,132747,113968,50835,63133,41968,25145,16823,479392,203114,276278,39102,18509,20593
B0103,27,528,District - Ratnagiri,Rural,Literate but below matric/secondary,727297,355513,371784,275023,167071,107952,88003,36254,51749,29345,16581,12764,364271,152188,212083,16550,6424,10126
B0103,27,528,District - Ratnagiri,Rural,Matric/secondary but below graduate,193749,117534,76215,79985,63797,16188,20884,12006,8878,10189,7031,3158,92880,41731,51149,16889,9281,7608
B0103,27,528,District - Ratnagiri,Rural,Technical diploma or certificate not equal to degree,6238,4787,1451,2787,2370,417,458,351,107,320,259,61,2993,2066,927,1047,785,262
B0103,27,528,District - Ratnagiri,Rural,Graduate and above other than technical degree,25116,14999,10117,14094,10892,3202,1910,1038,872,1180,739,441,9112,3069,6043,3124,1311,1813
B0103,27,528,District - Ratnagiri,Rural,Technical degree or diploma equal to degree or post-graduate degree,9976,6479,3497,6784,4809,1975,392,218,174,217,115,102,2800,1452,1348,943,468,475
B0103,27,528,District - Ratnagiri,Urban,Total,263723,130908,132815,77689,61643,16046,8161,4932,3229,3308,2448,860,177873,64333,113540,10490,5161,5329
B0103,27,528,District - Ratnagiri,Urban,Illiterate,43688,19095,24593,4912,2933,1979,1054,454,600,398,225,173,37722,15708,22014,339,127,212
B0103,27,528,District - Ratnagiri,Urban,Literate,220035,111813,108222,72777,58710,14067,7107,4478,2629,2910,2223,687,140151,48625,91526,10151,5034,5117
B0103,27,528,District - Ratnagiri,Urban,Literate but below matric/secondary,107474,50681,56793,24847,20338,4509,3813,2410,1403,1473,1170,303,78814,27933,50881,2705,1324,1381
B0103,27,528,District - Ratnagiri,Urban,Matric/secondary but below graduate,71034,38324,32710,25211,21902,3309,2128,1427,701,883,722,161,43695,14995,28700,4209,2324,1885
B0103,27,528,District - Ratnagiri,Urban,Technical diploma or certificate not equal to degree,5007,3881,1126,2701,2402,299,169,136,33,80,71,9,2137,1343,794,496,366,130
B0103,27,528,District - Ratnagiri,Urban,Graduate and above other than technical degree,24707,12585,12122,13630,9817,3813,682,317,365,323,161,162,10395,2451,7944,1981,652,1329
B0103,27,528,District - Ratnagiri,Urban,Technical degree or diploma equal to degree or post-graduate degree,7692,4400,3292,4887,3122,1765,154,84,70,83,43,40,2651,1194,1457,593,277,316
B0103,27,529,District - Sindhudurg,Total,Total,849651,417332,432319,226538,164740,61798,120640,64936,55704,47853,32402,15451,502473,187656,314817,46829,18635,28194
B0103,27,529,District - Sindhudurg,Total,Illiterate,183584,69043,114541,25026,13011,12015,19125,6609,12516,5053,2515,2538,139433,49423,90010,2461,653,1808
B0103,27,529,District - Sindhudurg,Total,Literate,666067,348289,317778,201512,151729,49783,101515,58327,43188,42800,29887,12913,363040,138233,224807,44368,17982,26386
B0103,27,529,District - Sindhudurg,Total,Literate but below matric/secondary,403101,199245,203856,104625,75373,29252,63975,34250,29725,23764,16143,7621,234501,89622,144879,14346,5010,9336
B0103,27,529,District - Sindhudurg,Total,Matric/secondary but below graduate,180688,104732,75956,61225,50461,10764,27124,17969,9155,14288,10468,3820,92339,36302,56037,20828,9241,11587
B0103,27,529,District - Sindhudurg,Total,Technical diploma or certificate not equal to degree,5011,3463,1548,2021,1628,393,407,303,104,277,214,63,2583,1532,1051,981,579,402
B0103,27,529,District - Sindhudurg,Total,Graduate and above other than technical degree,32853,18951,13902,17011,12795,4216,3157,2060,1097,1919,1310,609,12685,4096,8589,4998,1883,3115
B0103,27,529,District - Sindhudurg,Total,Technical degree or diploma equal to degree or post-graduate degree,8704,4931,3773,5011,3141,1870,420,251,169,209,113,96,3273,1539,1734,887,360,527
B0103,27,529,District - Sindhudurg,Rural,Total,742645,363268,379377,194546,139697,54849,114417,60646,53771,45471,30662,14809,433682,162925,270757,40547,16206,24341
B0103,27,529,District - Sindhudurg,Rural,Illiterate,166372,61157,105215,22832,11526,11306,18427,6212,12215,4853,2397,2456,125113,43419,81694,2233,581,1652
B0103,27,529,District - Sindhudurg,Rural,Literate,576273,302111,274162,171714,128171,43543,95990,54434,41556,40618,28265,12353,308569,119506,189063,38314,15625,22689
B0103,27,529,District - Sindhudurg,Rural,Literate but below matric/secondary,364369,180418,183951,95870,68205,27665,61532,32522,29010,22946,15501,7445,206967,79691,127276,13101,4529,8572
B0103,27,529,District - Sindhudurg,Rural,Matric/secondary but below graduate,150494,88484,62010,50728,41664,9064,25291,16610,8681,13477,9848,3629,74475,30210,44265,18231,8117,10114
B0103,27,529,District - Sindhudurg,Rural,Technical diploma or certificate not equal to degree,3609,2454,1155,1301,1023,278,332,241,91,236,181,55,1976,1190,786,810,475,335
B0103,27,529,District - Sindhudurg,Rural,Graduate and above other than technical degree,21684,13063,8621,10908,8402,2506,2601,1734,867,1643,1145,498,8175,2927,5248,3584,1442,2142
B0103,27,529,District - Sindhudurg,Rural,Technical degree or diploma equal to degree or post-graduate degree,5933,3450,2483,3328,2122,1206,328,197,131,169,95,74,2277,1131,1146,639,267,372
B0103,27,529,District - Sindhudurg,Urban,Total,107006,54064,52942,31992,25043,6949,6223,4290,1933,2382,1740,642,68791,24731,44060,6282,2429,3853
B0103,27,529,District - Sindhudurg,Urban,Illiterate,17212,7886,9326,2194,1485,709,698,397,301,200,118,82,14320,6004,8316,228,72,156
B0103,27,529,District - Sindhudurg,Urban,Literate,89794,46178,43616,29798,23558,6240,5525,3893,1632,2182,1622,560,54471,18727,35744,6054,2357,3697
B0103,27,529,District - Sindhudurg,Urban,Literate but below matric/secondary,38732,18827,19905,8755,7168,1587,2443,1728,715,818,642,176,27534,9931,17603,1245,481,764
B0103,27,529,District - Sindhudurg,Urban,Matric/secondary but below graduate,30194,16248,13946,10497,8797,1700,1833,1359,474,811,620,191,17864,6092,11772,2597,1124,1473
B0103,27,529,District - Sindhudurg,Urban,Technical diploma or certificate not equal to degree,1402,1009,393,720,605,115,75,62,13,41,33,8,607,342,265,171,104,67
B0103,27,529,District - Sindhudurg,Urban,Graduate and above other than technical degree,11169,5888,5281,6103,4393,1710,556,326,230,276,165,111,4510,1169,3341,1414,441,973
B0103,27,529,District - Sindhudurg,Urban,Technical degree or diploma equal to degree or post-graduate degree,2771,1481,1290,1683,1019,664,92,54,38,40,18,22,996,408,588,248,93,155
B0103,27,530,District - Kolhapur,Total,Total,3876001,1980658,1895343,1508563,1050072,458491,195491,75132,120359,44694,28188,16506,2171947,855454,1316493,96637,49653,46984
B0103,27,530,District - Kolhapur,Total,Illiterate,1050156,420898,629258,297732,132680,165052,54981,12161,42820,8172,3211,4961,697443,276057,421386,6957,2291,4666
B0103,27,530,District - Kolhapur,Total,Literate,2825845,1559760,1266085,1210831,917392,293439,140510,62971,77539,36522,24977,11545,1474504,579397,895107,89680,47362,42318
B0103,27,530,District - Kolhapur,Total,Literate but below matric/secondary,1479159,754750,724409,537003,368597,168406,73098,27718,45380,15328,9489,5839,869058,358435,510623,20843,9164,11679
B0103,27,530,District - Kolhapur,Total,Matric/secondary but below graduate,896912,531362,365550,423154,349530,73624,46730,23900,22830,14614,10896,3718,427028,157932,269096,41581,24164,17417
B0103,27,530,District - Kolhapur,Total,Technical diploma or certificate not equal to degree,36835,29875,6960,20139,17984,2155,1458,1195,263,754,657,97,15238,10696,4542,3461,2583,878
B0103,27,530,District - Kolhapur,Total,Graduate and above other than technical degree,227701,144857,82844,135362,113584,21778,8749,5396,3353,3646,2584,1062,83590,25877,57713,15377,7231,8146
B0103,27,530,District - Kolhapur,Total,Technical degree or diploma equal to degree or post-graduate degree,57454,38592,18862,34471,25913,8558,1874,1172,702,798,497,301,21109,11507,9602,5677,3046,2631
B0103,27,530,District - Kolhapur,Rural,Total,2645992,1348815,1297177,1101978,721522,380456,165279,57737,107542,38363,23986,14377,1378735,569556,809179,66933,35939,30994
B0103,27,530,District - Kolhapur,Rural,Illiterate,792123,309100,483023,253307,106527,146780,49601,10077,39524,7110,2680,4430,489215,192496,296719,5268,1701,3567
B0103,27,530,District - Kolhapur,Rural,Literate,1853869,1039715,814154,848671,614995,233676,115678,47660,68018,31253,21306,9947,889520,377060,512460,61665,34238,27427
B0103,27,530,District - Kolhapur,Rural,Literate but below matric/secondary,1043842,536846,506996,415560,269846,145714,62491,21658,40833,13043,7922,5121,565791,245342,320449,14726,6537,8189
B0103,27,530,District - Kolhapur,Rural,Matric/secondary but below graduate,579421,355740,223681,298282,238902,59380,38663,18485,20178,12943,9616,3327,242476,98353,144123,30800,18530,12270
B0103,27,530,District - Kolhapur,Rural,Technical diploma or certificate not equal to degree,19541,16330,3211,9837,8843,994,1048,867,181,647,570,77,8656,6620,2036,2565,1990,575
B0103,27,530,District - Kolhapur,Rural,Graduate and above other than technical degree,104530,74524,30006,68172,58992,9180,5776,3571,2205,2963,2177,786,30582,11961,18621,8474,4539,3935
B0103,27,530,District - Kolhapur,Rural,Technical degree or diploma equal to degree or post-graduate degree,27134,19136,7998,15872,12414,3458,1193,760,433,626,404,222,10069,5962,4107,3548,1953,1595
B0103,27,530,District - Kolhapur,Urban,Total,1230009,631843,598166,406585,328550,78035,30212,17395,12817,6331,4202,2129,793212,285898,507314,29704,13714,15990
B0103,27,530,District - Kolhapur,Urban,Illiterate,258033,111798,146235,44425,26153,18272,5380,2084,3296,1062,531,531,208228,83561,124667,1689,590,1099
B0103,27,530,District - Kolhapur,Urban,Literate,971976,520045,451931,362160,302397,59763,24832,15311,9521,5269,3671,1598,584984,202337,382647,28015,13124,14891
B0103,27,530,District - Kolhapur,Urban,Literate but below matric/secondary,435317,217904,217413,121443,98751,22692,10607,6060,4547,2285,1567,718,303267,113093,190174,6117,2627,3490
B0103,27,530,District - Kolhapur,Urban,Matric/secondary but below graduate,317491,175622,141869,124872,110628,14244,8067,5415,2652,1671,1280,391,184552,59579,124973,10781,5634,5147
B0103,27,530,District - Kolhapur,Urban,Technical diploma or certificate not equal to degree,17294,13545,3749,10302,9141,1161,410,328,82,107,87,20,6582,4076,2506,896,593,303
B0103,27,530,District - Kolhapur,Urban,Graduate and above other than technical degree,123171,70333,52838,67190,54592,12598,2973,1825,1148,683,407,276,53008,13916,39092,6903,2692,4211
B0103,27,530,District - Kolhapur,Urban,Technical degree or diploma equal to degree or post-graduate degree,30320,19456,10864,18599,13499,5100,681,412,269,172,93,79,11040,5545,5495,2129,1093,1036
B0103,27,531,District - Sangli,Total,Total,2822143,1435728,1386415,1074948,749251,325697,140156,50963,89193,34995,20566,14429,1607039,635514,971525,72120,36216,35904
B0103,27,531,District - Sangli,Total,Illiterate,772676,314178,458498,213138,99554,113584,37948,8506,29442,7165,2532,4633,521590,206118,315472,5581,1788,3793
B0103,27,531,District - Sangli,Total,Literate,2049467,1121550,927917,861810,649697,212113,102208,42457,59751,27830,18034,9796,1085449,429396,656053,66539,34428,32111
B0103,27,531,District - Sangli,Total,Literate but below matric/secondary,1153372,589550,563822,424775,295423,129352,59135,21524,37611,13978,8511,5467,669462,272603,396859,18159,8129,10030
B0103,27,531,District - Sangli,Total,Matric/secondary but below graduate,597647,351714,245933,272917,226732,46185,28946,13867,15079,9044,6456,2588,295784,111115,184669,28114,15922,12192
B0103,27,531,District - Sangli,Total,Technical diploma or certificate not equal to degree,23897,18951,4946,12616,11134,1482,884,717,167,437,371,66,10397,7100,3297,2171,1561,610
B0103,27,531,District - Sangli,Total,Graduate and above other than technical degree,151812,94524,57288,87844,72620,15224,5713,3199,2514,2406,1604,802,58255,18705,39550,11274,5181,6093
B0103,27,531,District - Sangli,Total,Technical degree or diploma equal to degree or post-graduate degree,45067,29279,15788,25913,18888,7025,1478,877,601,697,407,290,17676,9514,8162,4627,2524,2103
B0103,27,531,District - Sangli,Rural,Total,2102786,1071124,1031662,845830,570873,274957,118161,38319,79842,28741,16338,12403,1138795,461932,676863,51236,26263,24973
B0103,27,531,District - Sangli,Rural,Illiterate,607692,243318,364374,182529,81814,100715,33097,6444,26653,6016,1922,4094,392066,155060,237006,3912,1208,2704
B0103,27,531,District - Sangli,Rural,Literate,1495094,827806,667288,663301,489059,174242,85064,31875,53189,22725,14416,8309,746729,306872,439857,47324,25055,22269
B0103,27,531,District - Sangli,Rural,Literate but below matric/secondary,882380,453433,428947,348148,234402,113746,50415,16262,34153,11304,6589,4715,483817,202769,281048,12750,5700,7050
B0103,27,531,District - Sangli,Rural,Matric/secondary but below graduate,429936,260231,169705,211272,173463,37809,24129,10707,13422,7653,5411,2242,194535,76061,118474,20822,12008,8814
B0103,27,531,District - Sangli,Rural,Technical diploma or certificate not equal to degree,13703,11255,2448,6908,6262,646,634,537,97,355,319,36,6161,4456,1705,1560,1163,397
B0103,27,531,District - Sangli,Rural,Graduate and above other than technical degree,86943,58132,28811,53257,45413,7844,4021,2188,1833,1870,1260,610,29665,10531,19134,7499,3593,3906
B0103,27,531,District - Sangli,Rural,Technical degree or diploma equal to degree or post-graduate degree,25535,17296,8239,14427,10945,3482,997,579,418,534,312,222,10111,5772,4339,3079,1742,1337
B0103,27,531,District - Sangli,Urban,Total,719357,364604,354753,229118,178378,50740,21995,12644,9351,6254,4228,2026,468244,173582,294662,20884,9953,10931
B0103,27,531,District - Sangli,Urban,Illiterate,164984,70860,94124,30609,17740,12869,4851,2062,2789,1149,610,539,129524,51058,78466,1669,580,1089
B0103,27,531,District - Sangli,Urban,Literate,554373,293744,260629,198509,160638,37871,17144,10582,6562,5105,3618,1487,338720,122524,216196,19215,9373,9842
B0103,27,531,District - Sangli,Urban,Literate but below matric/secondary,270992,136117,134875,76627,61021,15606,8720,5262,3458,2674,1922,752,185645,69834,115811,5409,2429,2980
B0103,27,531,District - Sangli,Urban,Matric/secondary but below graduate,167711,91483,76228,61645,53269,8376,4817,3160,1657,1391,1045,346,101249,35054,66195,7292,3914,3378
B0103,27,531,District - Sangli,Urban,Technical diploma or certificate not equal to degree,10194,7696,2498,5708,4872,836,250,180,70,82,52,30,4236,2644,1592,611,398,213
B0103,27,531,District - Sangli,Urban,Graduate and above other than technical degree,64869,36392,28477,34587,27207,7380,1692,1011,681,536,344,192,28590,8174,20416,3775,1588,2187
B0103,27,531,District - Sangli,Urban,Technical degree or diploma equal to degree or post-graduate degree,19532,11983,7549,11486,7943,3543,481,298,183,163,95,68,7565,3742,3823,1548,782,766
B0103,28,532,District - Adilabad,Total,Total,2741239,1369597,1371642,1066460,639313,427147,257207,109626,147581,139900,65008,74892,1417572,620658,796914,119134,56090,63044
B0103,28,532,District - Adilabad,Total,Illiterate,1257892,513247,744645,537400,244240,293160,143081,43566,99515,75587,25402,50185,577411,225441,351970,22421,5410,17011
B0103,28,532,District - Adilabad,Total,Literate,1483347,856350,626997,529060,395073,133987,114126,66060,48066,64313,39606,24707,840161,395217,444944,96713,50680,46033
B0103,28,532,District - Adilabad,Total,Literate but below matric/secondary,773422,416980,356442,222938,153999,68939,55525,29244,26281,30161,17051,13110,494959,233737,261222,23625,10104,13521
B0103,28,532,District - Adilabad,Total,Matric/secondary but below graduate,420379,253942,166437,167267,134310,32957,30971,20123,10848,17908,12279,5629,222141,99509,122632,42214,21913,20301
B0103,28,532,District - Adilabad,Total,Technical diploma or certificate not equal to degree,10183,7965,2218,4845,4236,609,626,517,109,404,329,75,4712,3212,1500,1634,1195,439
B0103,28,532,District - Adilabad,Total,Graduate and above other than technical degree,91567,63147,28420,43475,36497,6978,5612,4096,1516,3488,2603,885,42480,22554,19926,14693,9224,5469
B0103,28,532,District - Adilabad,Total,Technical degree or diploma equal to degree or post-graduate degree,26799,19160,7639,11076,8903,2173,1381,1022,359,931,698,233,14342,9235,5107,5765,3961,1804
B0103,28,532,District - Adilabad,Rural,Total,1980980,985303,995677,848114,470886,377228,211135,84251,126884,117875,51870,66005,921731,430166,491565,67538,31921,35617
B0103,28,532,District - Adilabad,Rural,Illiterate,1015273,416270,599003,477198,208637,268561,125765,36904,88861,67980,22165,45815,412310,170729,241581,15648,3952,11696
B0103,28,532,District - Adilabad,Rural,Literate,965707,569033,396674,370916,262249,108667,85370,47347,38023,49895,29705,20190,509421,259437,249984,51890,27969,23921
B0103,28,532,District - Adilabad,Rural,Literate but below matric/secondary,558675,308128,250547,177928,117885,60043,44689,22835,21854,25265,13927,11338,336058,167408,168650,15112,6833,8279
B0103,28,532,District - Adilabad,Rural,Matric/secondary but below graduate,242725,154138,88587,107591,82026,25565,20975,13229,7746,12635,8503,4132,114159,58883,55276,23257,12700,10557
B0103,28,532,District - Adilabad,Rural,Technical diploma or certificate not equal to degree,3739,2676,1063,1555,1280,275,249,184,65,167,123,44,1935,1212,723,656,416,240
B0103,28,532,District - Adilabad,Rural,Graduate and above other than technical degree,36166,27228,8938,17439,14717,2722,2771,2073,698,1892,1458,434,15956,10438,5518,5837,4099,1738
B0103,28,532,District - Adilabad,Rural,Technical degree or diploma equal to degree or post-graduate degree,9235,7056,2179,3954,3291,663,556,430,126,392,309,83,4725,3335,1390,1877,1349,528
B0103,28,532,District - Adilabad,Urban,Total,760259,384294,375965,218346,168427,49919,46072,25375,20697,22025,13138,8887,495841,190492,305349,51596,24169,27427
B0103,28,532,District - Adilabad,Urban,Illiterate,242619,96977,145642,60202,35603,24599,17316,6662,10654,7607,3237,4370,165101,54712,110389,6773,1458,5315
B0103,28,532,District - Adilabad,Urban,Literate,517640,287317,230323,158144,132824,25320,28756,18713,10043,14418,9901,4517,330740,135780,194960,44823,22711,22112
B0103,28,532,District - Adilabad,Urban,Literate but below matric/secondary,214747,108852,105895,45010,36114,8896,10836,6409,4427,4896,3124,1772,158901,66329,92572,8513,3271,5242
B0103,28,532,District - Adilabad,Urban,Matric/secondary but below graduate,177654,99804,77850,59676,52284,7392,9996,6894,3102,5273,3776,1497,107982,40626,67356,18957,9213,9744
B0103,28,532,District - Adilabad,Urban,Technical diploma or certificate not equal to degree,6444,5289,1155,3290,2956,334,377,333,44,237,206,31,2777,2000,777,978,779,199
B0103,28,532,District - Adilabad,Urban,Graduate and above other than technical degree,55401,35919,19482,26036,21780,4256,2841,2023,818,1596,1145,451,26524,12116,14408,8856,5125,3731
B0103,28,532,District - Adilabad,Urban,Technical degree or diploma equal to degree or post-graduate degree,17564,12104,5460,7122,5612,1510,825,592,233,539,389,150,9617,5900,3717,3888,2612,1276
B0103,28,533,District - Nizamabad,Total,Total,2551335,1250641,1300694,1055965,590356,465609,205111,93964,111147,98393,50563,47830,1290259,566321,723938,83833,40726,43107
B0103,28,533,District - Nizamabad,Total,Illiterate,1161525,460427,701098,517903,212225,305678,115984,40118,75866,56293,22153,34140,527638,208084,319554,15444,4330,11114
B0103,28,533,District - Nizamabad,Total,Literate,1389810,790214,599596,538062,378131,159931,89127,53846,35281,42100,28410,13690,762621,358237,404384,68389,36396,31993
B0103,28,533,District - Nizamabad,Total,Literate but below matric/secondary,743205,396440,346765,231437,149606,81831,43716,24557,19159,20546,13086,7460,468052,222277,245775,16836,7601,9235
B0103,28,533,District - Nizamabad,Total,Matric/secondary but below graduate,417518,248924,168594,185046,138558,46488,27122,17705,9417,12863,9411,3452,205350,92661,112689,31461,16791,14670
B0103,28,533,District - Nizamabad,Total,Technical diploma or certificate not equal to degree,9388,7349,2039,4386,3841,545,544,470,74,264,229,35,4458,3038,1420,1156,836,320
B0103,28,533,District - Nizamabad,Total,Graduate and above other than technical degree,87931,59188,28743,47030,38561,8469,4518,3277,1241,2171,1623,548,36383,17350,19033,10083,5949,4134
B0103,28,533,District - Nizamabad,Total,Technical degree or diploma equal to degree or post-graduate degree,27517,18773,8744,12845,9823,3022,1121,765,356,596,404,192,13551,8185,5366,4742,3191,1551
B0103,28,533,District - Nizamabad,Rural,Total,1962963,958837,1004126,871103,459761,411342,168883,73856,95027,84577,41543,43034,922977,425220,497757,53285,26867,26418
B0103,28,533,District - Nizamabad,Rural,Illiterate,975369,385653,589716,469074,187915,281159,102395,34395,68000,51091,19355,31736,403900,163343,240557,10781,3141,7640
B0103,28,533,District - Nizamabad,Rural,Literate,987594,573184,414410,402029,271846,130183,66488,39461,27027,33486,22188,11298,519077,261877,257200,42504,23726,18778
B0103,28,533,District - Nizamabad,Rural,Literate but below matric/secondary,561227,305582,255645,187938,118254,69684,34085,18815,15270,17003,10579,6424,339204,168513,170691,10520,4966,5554
B0103,28,533,District - Nizamabad,Rural,Matric/secondary but below graduate,283960,176225,107735,135583,97976,37607,19607,12697,6910,10041,7318,2723,128770,65552,63218,20506,11559,8947
B0103,28,533,District - Nizamabad,Rural,Technical diploma or certificate not equal to degree,5718,4518,1200,2506,2196,310,345,298,47,181,157,24,2867,2024,843,781,569,212
B0103,28,533,District - Nizamabad,Rural,Graduate and above other than technical degree,42764,30596,12168,22512,18432,4080,2492,1849,643,1364,1038,326,17760,10315,7445,5571,3554,2017
B0103,28,533,District - Nizamabad,Rural,Technical degree or diploma equal to degree or post-graduate degree,13409,9500,3909,5942,4605,1337,583,406,177,336,239,97,6884,4489,2395,2535,1730,805
B0103,28,533,District - Nizamabad,Urban,Total,588372,291804,296568,184862,130595,54267,36228,20108,16120,13816,9020,4796,367282,141101,226181,30548,13859,16689
B0103,28,533,District - Nizamabad,Urban,Illiterate,186156,74774,111382,48829,24310,24519,13589,5723,7866,5202,2798,2404,123738,44741,78997,4663,1189,3474
B0103,28,533,District - Nizamabad,Urban,Literate,402216,217030,185186,136033,106285,29748,22639,14385,8254,8614,6222,2392,243544,96360,147184,25885,12670,13215
B0103,28,533,District - Nizamabad,Urban,Literate but below matric/secondary,181978,90858,91120,43499,31352,12147,9631,5742,3889,3543,2507,1036,128848,53764,75084,6316,2635,3681
B0103,28,533,District - Nizamabad,Urban,Matric/secondary but below graduate,133558,72699,60859,49463,40582,8881,7515,5008,2507,2822,2093,729,76580,27109,49471,10955,5232,5723
B0103,28,533,District - Nizamabad,Urban,Technical diploma or certificate not equal to degree,3670,2831,839,1880,1645,235,199,172,27,83,72,11,1591,1014,577,375,267,108
B0103,28,533,District - Nizamabad,Urban,Graduate and above other than technical degree,45167,28592,16575,24518,20129,4389,2026,1428,598,807,585,222,18623,7035,11588,4512,2395,2117
B0103,28,533,District - Nizamabad,Urban,Technical degree or diploma equal to degree or post-graduate degree,14108,9273,4835,6903,5218,1685,538,359,179,260,165,95,6667,3696,2971,2207,1461,746
B0103,28,534,District - Karimnagar,Total,Total,3776269,1880800,1895469,1590304,935666,654638,286464,113797,172667,134340,63228,71112,1899501,831337,1068164,129091,64568,64523
B0103,28,534,District - Karimnagar,Total,Illiterate,1569440,623562,945878,721638,310923,410715,149991,41906,108085,65590,21618,43972,697811,270733,427078,17545,4765,12780
B0103,28,534,District - Karimnagar,Total,Literate,2206829,1257238,949591,868666,624743,243923,136473,71891,64582,68750,41610,27140,1201690,560604,641086,111546,59803,51743
B0103,28,534,District - Karimnagar,Total,Literate but below matric/secondary,1095997,579354,516643,362169,234533,127636,62308,28920,33388,29401,16052,13349,671520,315901,355619,20475,8818,11657
B0103,28,534,District - Karimnagar,Total,Matric/secondary but below graduate,733795,433934,299861,314794,242452,72342,48783,27970,20813,25854,16741,9113,370218,163512,206706,51585,26921,24664
B0103,28,534,District - Karimnagar,Total,Technical diploma or certificate not equal to degree,20289,17288,3001,11478,10640,838,1040,916,124,639,566,73,7771,5732,2039,2155,1741,414
B0103,28,534,District - Karimnagar,Total,Graduate and above other than technical degree,170777,114650,56127,84254,70485,13769,8070,5578,2492,4852,3494,1358,78453,38587,39866,22296,13149,9147
B0103,28,534,District - Karimnagar,Total,Technical degree or diploma equal to degree or post-graduate degree,53968,37417,16551,22393,17709,4684,2033,1397,636,1299,918,381,29542,18311,11231,10256,6901,3355
B0103,28,534,District - Karimnagar,Rural,Total,2825044,1401950,1423094,1270901,707118,563783,241054,90478,150576,114811,51334,63477,1313089,604354,708735,80091,40855,39236
B0103,28,534,District - Karimnagar,Rural,Illiterate,1286763,512462,774301,638979,269388,369591,134042,36319,97723,59718,19110,40608,513742,206755,306987,12354,3557,8797
B0103,28,534,District - Karimnagar,Rural,Literate,1538281,889488,648793,631922,437730,194192,107012,54159,52853,55093,32224,22869,799347,397599,401748,67737,37298,30439
B0103,28,534,District - Karimnagar,Rural,Literate but below matric/secondary,820125,443080,377045,289767,183893,105874,51057,23006,28051,24705,13046,11659,479301,236181,243120,13200,5967,7233
B0103,28,534,District - Karimnagar,Rural,Matric/secondary but below graduate,493006,299892,193114,224722,167150,57572,37827,20928,16899,20483,12896,7587,230457,111814,118643,33078,17761,15317
B0103,28,534,District - Karimnagar,Rural,Technical diploma or certificate not equal to degree,9972,8314,1658,5020,4611,409,535,466,69,357,310,47,4417,3237,1180,1141,910,231
B0103,28,534,District - Karimnagar,Rural,Graduate and above other than technical degree,84956,59926,25030,40564,33846,6718,4848,3399,1449,3044,2223,821,39544,22681,16863,12142,7693,4449
B0103,28,534,District - Karimnagar,Rural,Technical degree or diploma equal to degree or post-graduate degree,24274,17415,6859,9455,7587,1868,1008,699,309,662,471,191,13811,9129,4682,4699,3293,1406
B0103,28,534,District - Karimnagar,Urban,Total,951225,478850,472375,319403,228548,90855,45410,23319,22091,19529,11894,7635,586412,226983,359429,49000,23713,25287
B0103,28,534,District - Karimnagar,Urban,Illiterate,282677,111100,171577,82659,41535,41124,15949,5587,10362,5872,2508,3364,184069,63978,120091,5191,1208,3983
B0103,28,534,District - Karimnagar,Urban,Literate,668548,367750,300798,236744,187013,49731,29461,17732,11729,13657,9386,4271,402343,163005,239338,43809,22505,21304
B0103,28,534,District - Karimnagar,Urban,Literate but below matric/secondary,275872,136274,139598,72402,50640,21762,11251,5914,5337,4696,3006,1690,192219,79720,112499,7275,2851,4424
B0103,28,534,District - Karimnagar,Urban,Matric/secondary but below graduate,240789,134042,106747,90072,75302,14770,10956,7042,3914,5371,3845,1526,139761,51698,88063,18507,9160,9347
B0103,28,534,District - Karimnagar,Urban,Technical diploma or certificate not equal to degree,10317,8974,1343,6458,6029,429,505,450,55,282,256,26,3354,2495,859,1014,831,183
B0103,28,534,District - Karimnagar,Urban,Graduate and above other than technical degree,85821,54724,31097,43690,36639,7051,3222,2179,1043,1808,1271,537,38909,15906,23003,10154,5456,4698
B0103,28,534,District - Karimnagar,Urban,Technical degree or diploma equal to degree or post-graduate degree,29694,20002,9692,12938,10122,2816,1025,698,327,637,447,190,15731,9182,6549,5557,3608,1949
B0103,28,535,District - Medak,Total,Total,3033288,1523030,1510258,1195494,728047,467447,246709,109827,136882,122428,60132,62296,1591085,685156,905929,106303,47538,58765
B0103,28,535,District - Medak,Total,Illiterate,1396151,569624,826527,595968,265715,330253,140151,44628,95523,69126,24906,44220,660032,259281,400751,18355,4075,14280
B0103,28,535,District - Medak,Total,Literate,1637137,953406,683731,599526,462332,137194,106558,65199,41359,53302,35226,18076,931053,425875,505178,87948,43463,44485
B0103,28,535,District - Medak,Total,Literate but below matric/secondary,868050,470647,397403,245255,174110,71145,51439,28495,22944,24679,14996,9683,571356,268042,303314,21292,8617,12675
B0103,28,535,District - Medak,Total,Matric/secondary but below graduate,502093,305772,196321,211308,173722,37586,35038,23353,11685,18273,12977,5296,255747,108697,147050,42002,20429,21573
B0103,28,535,District - Medak,Total,Technical diploma or certificate not equal to degree,21080,18414,2666,13412,12543,869,1299,1190,109,738,687,51,6369,4681,1688,1867,1457,410
B0103,28,535,District - Medak,Total,Graduate and above other than technical degree,99370,67709,31661,53394,44761,8633,5394,3936,1458,2868,2146,722,40582,19012,21570,11761,6833,4928
B0103,28,535,District - Medak,Total,Technical degree or diploma equal to degree or post-graduate degree,35202,24255,10947,17672,13863,3809,1774,1248,526,983,716,267,15756,9144,6612,5690,3581,2109
B0103,28,535,District - Medak,Rural,Total,2305417,1152806,1152611,967340,553573,413767,206059,86515,119544,105826,49833,55993,1132018,512718,619300,65841,30424,35417
B0103,28,535,District - Medak,Rural,Illiterate,1170928,478390,692538,541958,236532,305426,125465,38586,86879,63387,22249,41138,503505,203272,300233,12926,3052,9874
B0103,28,535,District - Medak,Rural,Literate,1134489,674416,460073,425382,317041,108341,80594,47929,32665,42439,27584,14855,628513,309446,319067,52915,27372,25543
B0103,28,535,District - Medak,Rural,Literate but below matric/secondary,662210,367085,295125,200550,138806,61744,42164,22850,19314,21155,12647,8508,419496,205429,214067,14299,6043,8256
B0103,28,535,District - Medak,Rural,Matric/secondary but below graduate,327518,208329,119189,145587,116142,29445,25646,16830,8816,14148,10014,4134,156285,75357,80928,25960,13410,12550
B0103,28,535,District - Medak,Rural,Technical diploma or certificate not equal to degree,8645,7245,1400,4607,4181,426,586,522,64,385,352,33,3452,2542,910,1038,800,238
B0103,28,535,District - Medak,Rural,Graduate and above other than technical degree,45519,34095,11424,24020,20681,3339,2797,2168,629,1708,1353,355,18702,11246,7456,6056,4043,2013
B0103,28,535,District - Medak,Rural,Technical degree or diploma equal to degree or post-graduate degree,13620,9932,3688,6354,5117,1237,691,517,174,443,348,95,6575,4298,2277,2371,1574,797
B0103,28,535,District - Medak,Urban,Total,727871,370224,357647,228154,174474,53680,40650,23312,17338,16602,10299,6303,459067,172438,286629,40462,17114,23348
B0103,28,535,District - Medak,Urban,Illiterate,225223,91234,133989,54010,29183,24827,14686,6042,8644,5739,2657,3082,156527,56009,100518,5429,1023,4406
B0103,28,535,District - Medak,Urban,Literate,502648,278990,223658,174144,145291,28853,25964,17270,8694,10863,7642,3221,302540,116429,186111,35033,16091,18942
B0103,28,535,District - Medak,Urban,Literate but below matric/secondary,205840,103562,102278,44705,35304,9401,9275,5645,3630,3524,2349,1175,151860,62613,89247,6993,2574,4419
B0103,28,535,District - Medak,Urban,Matric/secondary but below graduate,174575,97443,77132,65721,57580,8141,9392,6523,2869,4125,2963,1162,99462,33340,66122,16042,7019,9023
B0103,28,535,District - Medak,Urban,Technical diploma or certificate not equal to degree,12435,11169,1266,8805,8362,443,713,668,45,353,335,18,2917,2139,778,829,657,172
B0103,28,535,District - Medak,Urban,Graduate and above other than technical degree,53851,33614,20237,29374,24080,5294,2597,1768,829,1160,793,367,21880,7766,14114,5705,2790,2915
B0103,28,535,District - Medak,Urban,Technical degree or diploma equal to degree or post-graduate degree,21582,14323,7259,11318,8746,2572,1083,731,352,540,368,172,9181,4846,4335,3319,2007,1312
B0103,28,536,District - Hyderabad,Total,Total,3943323,2018575,1924748,1096081,861130,234951,317216,184455,132761,114670,69203,45467,2530026,972990,1557036,254555,106606,147949
B0103,28,536,District - Hyderabad,Total,Illiterate,1051168,475887,575281,193003,129093,63910,69077,33732,35345,23833,12440,11393,789088,313062,476026,37681,10700,26981
B0103,28,536,District - Hyderabad,Total,Literate,2892155,1542688,1349467,903078,732037,171041,248139,150723,97416,90837,56763,34074,1740938,659928,1081010,216874,95906,120968
B0103,28,536,District - Hyderabad,Total,Literate but below matric/secondary,989362,498112,491250,184480,149154,35326,72904,41511,31393,23735,14349,9386,731978,307447,424531,46666,19169,27497
B0103,28,536,District - Hyderabad,Total,Matric/secondary but below graduate,928192,487091,441101,301529,257342,44187,77739,47480,30259,31217,19641,11576,548924,182269,366655,90766,39989,50777
B0103,28,536,District - Hyderabad,Total,Technical diploma or certificate not equal to degree,23124,18485,4639,12000,10691,1309,2046,1636,410,784,633,151,9078,6158,2920,1796,1320,476
B0103,28,536,District - Hyderabad,Total,Graduate and above other than technical degree,452285,254719,197566,216776,169721,47055,38988,23262,15726,14499,8551,5948,196521,61736,134785,34623,14570,20053
B0103,28,536,District - Hyderabad,Total,Technical degree or diploma equal to degree or post-graduate degree,153644,97502,56142,78895,59006,19889,14451,9055,5396,5933,3718,2215,60298,29441,30857,14918,8656,6262
B0103,28,536,District - Hyderabad,Rural,Total,0,0,0,0,0,0,0,0,0,0,0,0,0,0,0,0,0,0
B0103,28,536,District - Hyderabad,Rural,Illiterate,0,0,0,0,0,0,0,0,0,0,0,0,0,0,0,0,0,0
B0103,28,536,District - Hyderabad,Rural,Literate,0,0,0,0,0,0,0,0,0,0,0,0,0,0,0,0,0,0
B0103,28,536,District - Hyderabad,Rural,Literate but below matric/secondary,0,0,0,0,0,0,0,0,0,0,0,0,0,0,0,0,0,0
B0103,28,536,District - Hyderabad,Rural,Matric/secondary but below graduate,0,0,0,0,0,0,0,0,0,0,0,0,0,0,0,0,0,0
B0103,28,536,District - Hyderabad,Rural,Technical diploma or certificate not equal to degree,0,0,0,0,0,0,0,0,0,0,0,0,0,0,0,0,0,0
B0103,28,536,District - Hyderabad,Rural,Graduate and above other than technical degree,0,0,0,0,0,0,0,0,0,0,0,0,0,0,0,0,0,0
B0103,28,536,District - Hyderabad,Rural,Technical degree or diploma equal to degree or post-graduate degree,0,0,0,0,0,0,0,0,0,0,0,0,0,0,0,0,0,0
B0103,28,536,District - Hyderabad,Urban,Total,3943323,2018575,1924748,1096081,861130,234951,317216,184455,132761,114670,69203,45467,2530026,972990,1557036,254555,106606,147949
B0103,28,536,District - Hyderabad,Urban,Illiterate,1051168,475887,575281,193003,129093,63910,69077,33732,35345,23833,12440,11393,789088,313062,476026,37681,10700,26981
B0103,28,536,District - Hyderabad,Urban,Literate,2892155,1542688,1349467,903078,732037,171041,248139,150723,97416,90837,56763,34074,1740938,659928,1081010,216874,95906,120968
B0103,28,536,District - Hyderabad,Urban,Literate but below matric/secondary,989362,498112,491250,184480,149154,35326,72904,41511,31393,23735,14349,9386,731978,307447,424531,46666,19169,27497
B0103,28,536,District - Hyderabad,Urban,Matric/secondary but below graduate,928192,487091,441101,301529,257342,44187,77739,47480,30259,31217,19641,11576,548924,182269,366655,90766,39989,50777
B0103,28,536,District - Hyderabad,Urban,Technical diploma or certificate not equal to degree,23124,18485,4639,12000,10691,1309,2046,1636,410,784,633,151,9078,6158,2920,1796,1320,476
B0103,28,536,District - Hyderabad,Urban,Graduate and above other than technical degree,452285,254719,197566,216776,169721,47055,38988,23262,15726,14499,8551,5948,196521,61736,134785,34623,14570,20053
B0103,28,536,District - Hyderabad,Urban,Technical degree or diploma equal to degree or post-graduate degree,153644,97502,56142,78895,59006,19889,14451,9055,5396,5933,3718,2215,60298,29441,30857,14918,8656,6262
B0103,28,537,District - Rangareddy,Total,Total,5296741,2701008,2595733,1834777,1308974,525803,361301,179942,181359,128020,66713,61307,3100663,1212092,1888571,219460,91512,127948
B0103,28,537,District - Rangareddy,Total,Illiterate,1758713,752224,1006489,549537,286029,263508,131302,45782,85520,50215,18824,31391,1077874,420413,657461,32852,7641,25211
B0103,28,537,District - Rangareddy,Total,Literate,3538028,1948784,1589244,1285240,1022945,262295,229999,134160,95839,77805,47889,29916,2022789,791679,1231110,186608,83871,102737
B0103,28,537,District - Rangareddy,Total,Literate but below matric/secondary,1341491,685516,655975,311600,235630,75970,74013,40265,33748,24544,14291,10253,955878,409621,546257,39102,14839,24263
B0103,28,537,District - Rangareddy,Total,Matric/secondary but below graduate,1108152,614510,493642,417144,350750,66394,72956,44281,28675,26019,16821,9198,618052,219479,398573,78009,35552,42457
B0103,28,537,District - Rangareddy,Total,Technical diploma or certificate not equal to degree,49818,41822,7996,31740,29367,2373,3101,2577,524,924,769,155,14977,9878,5099,2559,1862,697
B0103,28,537,District - Rangareddy,Total,Graduate and above other than technical degree,499394,293769,205625,266723,211513,55210,32364,19294,13070,9580,5832,3748,200307,62962,137345,31604,14099,17505
B0103,28,537,District - Rangareddy,Total,Technical degree or diploma equal to degree or post-graduate degree,213466,136839,76627,118918,90807,28111,14370,8910,5460,5163,3231,1932,80178,37122,43056,19498,11098,8400
B0103,28,537,District - Rangareddy,Rural,Total,1577569,801013,776556,649317,389868,259449,130022,53120,76902,60261,27802,32459,798230,358025,440205,52195,24648,27547
B0103,28,537,District - Rangareddy,Rural,Illiterate,738382,307520,430862,331568,149851,181717,73384,20867,52517,32983,10913,22070,333430,136802,196628,9521,2426,7095
B0103,28,537,District - Rangareddy,Rural,Literate,839187,493493,345694,317749,240017,77732,56638,32253,24385,27278,16889,10389,464800,221223,243577,42674,22222,20452
B0103,28,537,District - Rangareddy,Rural,Literate but below matric/secondary,437725,240458,197267,127897,90442,37455,25033,12862,12171,11120,6225,4895,284795,137154,147641,10619,4622,5997
B0103,28,537,District - Rangareddy,Rural,Matric/secondary but below graduate,265664,165703,99961,117940,95481,22459,19231,12064,7167,9826,6658,3168,128493,58158,70335,21340,11083,10257
B0103,28,537,District - Rangareddy,Rural,Technical diploma or certificate not equal to degree,5083,4145,938,2577,2356,221,249,211,38,128,110,18,2257,1578,679,556,424,132
B0103,28,537,District - Rangareddy,Rural,Graduate and above other than technical degree,41421,29299,12122,21157,17727,3430,2477,1818,659,1337,1015,322,17787,9754,8033,5268,3379,1889
B0103,28,537,District - Rangareddy,Rural,Technical degree or diploma equal to degree or post-graduate degree,12020,8317,3703,5503,4255,1248,761,548,213,458,330,128,5756,3514,2242,1931,1239,692
B0103,28,537,District - Rangareddy,Urban,Total,3719172,1899995,1819177,1185460,919106,266354,231279,126822,104457,67759,38911,28848,2302433,854067,1448366,167265,66864,100401
B0103,28,537,District - Rangareddy,Urban,Illiterate,1020331,444704,575627,217969,136178,81791,57918,24915,33003,17232,7911,9321,744444,283611,460833,23331,5215,18116
B0103,28,537,District - Rangareddy,Urban,Literate,2698841,1455291,1243550,967491,782928,184563,173361,101907,71454,50527,31000,19527,1557989,570456,987533,143934,61649,82285
B0103,28,537,District - Rangareddy,Urban,Literate but below matric/secondary,903766,445058,458708,183703,145188,38515,48980,27403,21577,13424,8066,5358,671083,272467,398616,28483,10217,18266
B0103,28,537,District - Rangareddy,Urban,Matric/secondary but below graduate,842488,448807,393681,299204,255269,43935,53725,32217,21508,16193,10163,6030,489559,161321,328238,56669,24469,32200
B0103,28,537,District - Rangareddy,Urban,Technical diploma or certificate not equal to degree,44735,37677,7058,29163,27011,2152,2852,2366,486,796,659,137,12720,8300,4420,2003,1438,565
B0103,28,537,District - Rangareddy,Urban,Graduate and above other than technical degree,457973,264470,193503,245566,193786,51780,29887,17476,12411,8243,4817,3426,182520,53208,129312,26336,10720,15616
B0103,28,537,District - Rangareddy,Urban,Technical degree or diploma equal to degree or post-graduate degree,201446,128522,72924,113415,86552,26863,13609,8362,5247,4705,2901,1804,74422,33608,40814,17567,9859,7708
B0103,28,538,District - Mahbubnagar,Total,Total,4053028,2050386,2002642,1815643,1030499,785144,266858,109568,157290,137020,61059,75961,1970527,910319,1060208,108905,49863,59042
B0103,28,538,District - Mahbubnagar,Total,Illiterate,2112382,892000,1220382,1073528,472351,601177,168097,51062,117035,87193,29300,57893,870757,368587,502170,21897,5520,16377
B0103,28,538,District - Mahbubnagar,Total,Literate,1940646,1158386,782260,742115,558148,183967,98761,58506,40255,49827,31759,18068,1099770,541732,558038,87008,44343,42665
B0103,28,538,District - Mahbubnagar,Total,Literate but below matric/secondary,1015275,565293,449982,281886,196979,84907,43088,23273,19815,20945,12334,8611,690301,345041,345260,19319,8367,10952
B0103,28,538,District - Mahbubnagar,Total,Matric/secondary but below graduate,573457,363212,210245,262556,211883,50673,31834,20484,11350,16712,11537,5175,279067,130845,148222,41673,20892,20781
B0103,28,538,District - Mahbubnagar,Total,Technical diploma or certificate not equal to degree,18329,14389,3940,9155,8026,1129,850,680,170,476,393,83,8324,5683,2641,1988,1392,596
B0103,28,538,District - Mahbubnagar,Total,Graduate and above other than technical degree,115246,80107,35139,64029,52478,11551,5435,3842,1593,2904,2105,799,45782,23787,21995,11696,6970,4726
B0103,28,538,District - Mahbubnagar,Total,Technical degree or diploma equal to degree or post-graduate degree,41921,28287,13634,20833,15637,5196,1781,1135,646,927,601,326,19307,11515,7792,6014,3810,2204
B0103,28,538,District - Mahbubnagar,Rural,Total,3445336,1742438,1702898,1614202,886222,727980,241567,97052,144515,127120,55706,71414,1589567,759164,830403,78129,36721,41408
B0103,28,538,District - Mahbubnagar,Rural,Illiterate,1923558,816273,1107285,1017745,445598,572147,159209,48149,111060,83905,28118,55787,746604,322526,424078,18071,4755,13316
B0103,28,538,District - Mahbubnagar,Rural,Literate,1521778,926165,595613,596457,440624,155833,82358,48903,33455,43215,27588,15627,842963,436638,406325,60058,31966,28092
B0103,28,538,District - Mahbubnagar,Rural,Literate but below matric/secondary,851936,482146,369790,249299,172124,77175,37911,20549,17362,19235,11312,7923,564726,289473,275253,14665,6567,8098
B0103,28,538,District - Mahbubnagar,Rural,Matric/secondary but below graduate,427740,282502,145238,207228,164666,42562,25908,16899,9009,14262,9929,4333,194604,100937,93667,29526,15612,13914
B0103,28,538,District - Mahbubnagar,Rural,Technical diploma or certificate not equal to degree,11620,9153,2467,5383,4692,691,575,463,112,328,278,50,5662,3998,1664,1328,963,365
B0103,28,538,District - Mahbubnagar,Rural,Graduate and above other than technical degree,63640,47100,16540,34543,28741,5802,3411,2520,891,1961,1499,462,25686,15839,9847,6888,4603,2285
B0103,28,538,District - Mahbubnagar,Rural,Technical degree or diploma equal to degree or post-graduate degree,21987,15518,6469,10598,8103,2495,945,627,318,525,363,162,10444,6788,3656,3098,2085,1013
B0103,28,538,District - Mahbubnagar,Urban,Total,607692,307948,299744,201441,144277,57164,25291,12516,12775,9900,5353,4547,380960,151155,229805,30776,13142,17634
B0103,28,538,District - Mahbubnagar,Urban,Illiterate,188824,75727,113097,55783,26753,29030,8888,2913,5975,3288,1182,2106,124153,46061,78092,3826,765,3061
B0103,28,538,District - Mahbubnagar,Urban,Literate,418868,232221,186647,145658,117524,28134,16403,9603,6800,6612,4171,2441,256807,105094,151713,26950,12377,14573
B0103,28,538,District - Mahbubnagar,Urban,Literate but below matric/secondary,163339,83147,80192,32587,24855,7732,5177,2724,2453,1710,1022,688,125575,55568,70007,4654,1800,2854
B0103,28,538,District - Mahbubnagar,Urban,Matric/secondary but below graduate,145717,80710,65007,55328,47217,8111,5926,3585,2341,2450,1608,842,84463,29908,54555,12147,5280,6867
B0103,28,538,District - Mahbubnagar,Urban,Technical diploma or certificate not equal to degree,6709,5236,1473,3772,3334,438,275,217,58,148,115,33,2662,1685,977,660,429,231
B0103,28,538,District - Mahbubnagar,Urban,Graduate and above other than technical degree,51606,33007,18599,29486,23737,5749,2024,1322,702,943,606,337,20096,7948,12148,4808,2367,2441
B0103,28,538,District - Mahbubnagar,Urban,Technical degree or diploma equal to degree or post-graduate degree,19934,12769,7165,10235,7534,2701,836,508,328,402,238,164,8863,4727,4136,2916,1725,1191
B0103,28,539,District - Nalgonda,Total,Total,3488809,1759772,1729037,1493419,888549,604870,248274,87879,160395,117821,46672,71149,1747116,783344,963772,108408,46762,61646
B0103,28,539,District - Nalgonda,Total,Illiterate,1487790,599015,888775,687779,293459,394320,133602,30998,102604,62042,16145,45897,666409,274558,391851,15332,3293,12039
B0103,28,539,District - Nalgonda,Total,Literate,2001019,1160757,840262,805640,595090,210550,114672,56881,57791,55779,30527,25252,1080707,508786,571921,93076,43469,49607
B0103,28,539,District - Nalgonda,Total,Literate but below matric/secondary,1066059,574511,491548,367798,246289,121509,60415,26059,34356,28627,13689,14938,637846,302163,335683,20058,6673,13385
B0103,28,539,District - Nalgonda,Total,Matric/secondary but below graduate,607160,367225,239935,257015,206055,50960,34366,19307,15059,17098,10578,6520,315779,141863,173916,42164,19144,23020
B0103,28,539,District - Nalgonda,Total,Technical diploma or certificate not equal to degree,16613,12885,3728,8417,7422,995,626,510,116,345,286,59,7570,4953,2617,1780,1179,601
B0103,28,539,District - Nalgonda,Total,Graduate and above other than technical degree,143005,101887,41118,81044,68767,12277,5781,4170,1611,3046,2317,729,56180,28950,27230,15666,9062,6604
B0103,28,539,District - Nalgonda,Total,Technical degree or diploma equal to degree or post-graduate degree,48599,33840,14759,22736,17886,4850,1457,1027,430,817,587,230,24406,14927,9479,8054,5194,2860
B0103,28,539,District - Nalgonda,Rural,Total,2826302,1427716,1398586,1278000,728457,549543,218496,74920,143576,105244,40592,64652,1329806,624339,705467,74010,34414,39596
B0103,28,539,District - Nalgonda,Rural,Illiterate,1310755,530720,780035,642333,271661,370672,122727,28274,94453,57744,14910,42834,545695,230785,314910,11852,2809,9043
B0103,28,539,District - Nalgonda,Rural,Literate,1515547,896996,618551,635667,456796,178871,95769,46646,49123,47500,25682,21818,784111,393554,390557,62158,31605,30553
B0103,28,539,District - Nalgonda,Rural,Literate but below matric/secondary,859640,472520,387120,319404,209655,109749,52215,22218,29997,25191,11894,13297,488021,240647,247374,14069,5213,8856
B0103,28,539,District - Nalgonda,Rural,Matric/secondary but below graduate,444436,279047,165389,198973,155971,43002,28112,15676,12436,14257,8799,5458,217351,107400,109951,29309,14422,14887
B0103,28,539,District - Nalgonda,Rural,Technical diploma or certificate not equal to degree,11202,8929,2273,5451,4886,565,462,374,88,253,211,42,5289,3669,1620,1218,858,360
B0103,28,539,District - Nalgonda,Rural,Graduate and above other than technical degree,82117,61946,20171,44458,38369,6089,3841,2865,976,2208,1736,472,33818,20712,13106,9779,6459,3320
B0103,28,539,District - Nalgonda,Rural,Technical degree or diploma equal to degree or post-graduate degree,25726,18893,6833,11049,8914,2135,887,652,235,501,381,120,13790,9327,4463,4471,3131,1340
B0103,28,539,District - Nalgonda,Urban,Total,662507,332056,330451,215419,160092,55327,29778,12959,16819,12577,6080,6497,417310,159005,258305,34398,12348,22050
B0103,28,539,District - Nalgonda,Urban,Illiterate,177035,68295,108740,45446,21798,23648,10875,2724,8151,4298,1235,3063,120714,43773,76941,3480,484,2996
B0103,28,539,District - Nalgonda,Urban,Literate,485472,263761,221711,169973,138294,31679,18903,10235,8668,8279,4845,3434,296596,115232,181364,30918,11864,19054
B0103,28,539,District - Nalgonda,Urban,Literate but below matric/secondary,206419,101991,104428,48394,36634,11760,8200,3841,4359,3436,1795,1641,149825,61516,88309,5989,1460,4529
B0103,28,539,District - Nalgonda,Urban,Matric/secondary but below graduate,162724,88178,74546,58042,50084,7958,6254,3631,2623,2841,1779,1062,98428,34463,63965,12855,4722,8133
B0103,28,539,District - Nalgonda,Urban,Technical diploma or certificate not equal to degree,5411,3956,1455,2966,2536,430,164,136,28,92,75,17,2281,1284,997,562,321,241
B0103,28,539,District - Nalgonda,Urban,Graduate and above other than technical degree,60888,39941,20947,36586,30398,6188,1940,1305,635,838,581,257,22362,8238,14124,5887,2603,3284
B0103,28,539,District - Nalgonda,Urban,Technical degree or diploma equal to degree or post-graduate degree,22873,14947,7926,11687,8972,2715,570,375,195,316,206,110,10616,5600,5016,3583,2063,1520
B0103,28,540,District - Warangal,Total,Total,3512576,1759281,1753295,1442197,865804,576393,263458,95122,168336,125989,50733,75256,1806921,798355,1008566,120367,54685,65682
B0103,28,540,District - Warangal,Total,Illiterate,1447553,579491,868062,670181,290688,379493,143771,34711,109060,66144,17752,48392,633601,254092,379509,16020,3554,12466
B0103,28,540,District - Warangal,Total,Literate,2065023,1179790,885233,772016,575116,196900,119687,60411,59276,59845,32981,26864,1173320,544263,629057,104347,51131,53216
B0103,28,540,District - Warangal,Total,Literate but below matric/secondary,1036919,545854,491065,311923,207387,104536,58928,25323,33605,27703,13130,14573,666068,313144,352924,20507,7334,13173
B0103,28,540,District - Warangal,Total,Matric/secondary but below graduate,677515,404024,273491,281095,225521,55574,41211,23332,17879,21353,13004,8349,355209,155171,200038,46378,21775,24603
B0103,28,540,District - Warangal,Total,Technical diploma or certificate not equal to degree,21914,17862,4052,11489,10430,1059,949,778,171,596,491,105,9476,6654,2822,2299,1706,593
B0103,28,540,District - Warangal,Total,Graduate and above other than technical degree,172686,117378,55308,89548,75145,14403,6789,4848,1941,3875,2807,1068,76349,37385,38964,20523,11827,8696
B0103,28,540,District - Warangal,Total,Technical degree or diploma equal to degree or post-graduate degree,57582,39673,17909,25394,19884,5510,1845,1244,601,1140,775,365,30343,18545,11798,10098,6570,3528
B0103,28,540,District - Warangal,Rural,Total,2520243,1260594,1259649,1129869,629683,500186,221741,75319,146422,107966,41556,66410,1168633,555592,613041,65546,32391,33155
B0103,28,540,District - Warangal,Rural,Illiterate,1182835,479177,703658,603617,257220,346397,128556,30435,98121,60147,15929,44218,450662,191522,259140,10376,2678,7698
B0103,28,540,District - Warangal,Rural,Literate,1337408,781417,555991,526252,372463,153789,93185,44884,48301,47819,25627,22192,717971,364070,353901,55170,29713,25457
B0103,28,540,District - Warangal,Rural,Literate but below matric/secondary,752319,405955,346364,250064,160452,89612,48559,20243,28316,23401,10862,12539,453696,225260,228436,11931,4781,7150
B0103,28,540,District - Warangal,Rural,Matric/secondary but below graduate,419158,261089,158069,189924,145601,44323,31409,17069,14340,16780,10012,6768,197825,98419,99406,26708,13825,12883
B0103,28,540,District - Warangal,Rural,Technical diploma or certificate not equal to degree,10170,8434,1736,4785,4343,442,532,427,105,351,286,65,4853,3664,1189,1132,865,267
B0103,28,540,District - Warangal,Rural,Graduate and above other than technical degree,70330,52614,17716,34491,29311,5180,3881,2847,1034,2384,1828,556,31958,20456,11502,9514,6552,2962
B0103,28,540,District - Warangal,Rural,Technical degree or diploma equal to degree or post-graduate degree,21094,15672,5422,8458,6879,1579,879,611,268,546,385,161,11757,8182,3575,3848,2709,1139
B0103,28,540,District - Warangal,Urban,Total,992333,498687,493646,312328,236121,76207,41717,19803,21914,18023,9177,8846,638288,242763,395525,54821,22294,32527
B0103,28,540,District - Warangal,Urban,Illiterate,264718,100314,164404,66564,33468,33096,15215,4276,10939,5997,1823,4174,182939,62570,120369,5644,876,4768
B0103,28,540,District - Warangal,Urban,Literate,727615,398373,329242,245764,202653,43111,26502,15527,10975,12026,7354,4672,455349,180193,275156,49177,21418,27759
B0103,28,540,District - Warangal,Urban,Literate but below matric/secondary,284600,139899,144701,61859,46935,14924,10369,5080,5289,4302,2268,2034,212372,87884,124488,8576,2553,6023
B0103,28,540,District - Warangal,Urban,Matric/secondary but below graduate,258357,142935,115422,91171,79920,11251,9802,6263,3539,4573,2992,1581,157384,56752,100632,19670,7950,11720
B0103,28,540,District - Warangal,Urban,Technical diploma or certificate not equal to degree,11744,9428,2316,6704,6087,617,417,351,66,245,205,40,4623,2990,1633,1167,841,326
B0103,28,540,District - Warangal,Urban,Graduate and above other than technical degree,102356,64764,37592,55057,45834,9223,2908,2001,907,1491,979,512,44391,16929,27462,11009,5275,5734
B0103,28,540,District - Warangal,Urban,Technical degree or diploma equal to degree or post-graduate degree,36488,24001,12487,16936,13005,3931,966,633,333,594,390,204,18586,10363,8223,6250,3861,2389
B0103,28,541,District - Khammam,Total,Total,2797370,1390988,1406382,1215871,722620,493251,194191,80286,113905,94583,43768,50815,1387308,588082,799226,85040,38123,46917
B0103,28,541,District - Khammam,Total,Illiterate,1167136,489348,677788,563963,255918,308045,101900,31115,70785,48383,16787,31596,501273,202315,298958,11190,2618,8572
B0103,28,541,District - Khammam,Total,Literate,1630234,901640,728594,651908,466702,185206,92291,49171,43120,46200,26981,19219,886035,385767,500268,73850,35505,38345
B0103,28,541,District - Khammam,Total,Literate but below matric/secondary,897271,464708,432563,325281,212495,112786,50332,24115,26217,24389,13044,11345,521658,228098,293560,16210,5456,10754
B0103,28,541,District - Khammam,Total,Matric/secondary but below graduate,438691,250332,188359,173331,136602,36729,22913,13581,9332,11483,7363,4120,242447,100149,142298,27794,12853,14941
B0103,28,541,District - Khammam,Total,Technical diploma or certificate not equal to degree,26365,21916,4449,14468,13248,1220,1359,1201,158,785,698,87,10538,7467,3071,2901,2227,674
B0103,28,541,District - Khammam,Total,Graduate and above other than technical degree,114541,75205,39336,60780,49717,11063,4576,3238,1338,2450,1766,684,49185,22250,26935,12970,7152,5818
B0103,28,541,District - Khammam,Total,Technical degree or diploma equal to degree or post-graduate degree,46386,31000,15386,20299,15469,4830,1642,1108,534,1003,685,318,24445,14423,10022,9025,5762,3263
B0103,28,541,District - Khammam,Rural,Total,2141459,1066781,1074678,1009020,564674,444346,162504,63283,99221,80799,35842,44957,969935,438824,531111,50723,24198,26525
B0103,28,541,District - Khammam,Rural,Illiterate,991926,419275,572651,521245,232645,288600,90679,26934,63745,43650,14861,28789,380002,159696,220306,7524,1987,5537
B0103,28,541,District - Khammam,Rural,Literate,1149533,647506,502027,487775,332029,155746,71825,36349,35476,37149,20981,16168,589933,279128,310805,43199,22211,20988
B0103,28,541,District - Khammam,Rural,Literate but below matric/secondary,691682,366772,324910,275344,173411,101933,41242,18925,22317,20429,10624,9805,375096,174436,200660,10103,3781,6322
B0103,28,541,District - Khammam,Rural,Matric/secondary but below graduate,288261,170786,117475,122251,92045,30206,16881,9499,7382,8824,5466,3358,149129,69242,79887,17311,8633,8678
B0103,28,541,District - Khammam,Rural,Technical diploma or certificate not equal to degree,13401,10881,2520,6611,5937,674,758,660,98,468,409,59,6032,4284,1748,1531,1137,394
B0103,28,541,District - Khammam,Rural,Graduate and above other than technical degree,55225,39204,16021,28373,23646,4727,2599,1888,711,1536,1150,386,24253,13670,10583,6863,4353,2510
B0103,28,541,District - Khammam,Rural,Technical degree or diploma equal to degree or post-graduate degree,22083,15568,6515,8893,6937,1956,867,618,249,559,404,155,12323,8013,4310,4438,3026,1412
B0103,28,541,District - Khammam,Urban,Total,655911,324207,331704,206851,157946,48905,31687,17003,14684,13784,7926,5858,417373,149258,268115,34317,13925,20392
B0103,28,541,District - Khammam,Urban,Illiterate,175210,70073,105137,42718,23273,19445,11221,4181,7040,4733,1926,2807,121271,42619,78652,3666,631,3035
B0103,28,541,District - Khammam,Urban,Literate,480701,254134,226567,164133,134673,29460,20466,12822,7644,9051,6000,3051,296102,106639,189463,30651,13294,17357
B0103,28,541,District - Khammam,Urban,Literate but below matric/secondary,205589,97936,107653,49937,39084,10853,9090,5190,3900,3960,2420,1540,146562,53662,92900,6107,1675,4432
B0103,28,541,District - Khammam,Urban,Matric/secondary but below graduate,150430,79546,70884,51080,44557,6523,6032,4082,1950,2659,1897,762,93318,30907,62411,10483,4220,6263
B0103,28,541,District - Khammam,Urban,Technical diploma or certificate not equal to degree,12964,11035,1929,7857,7311,546,601,541,60,317,289,28,4506,3183,1323,1370,1090,280
B0103,28,541,District - Khammam,Urban,Graduate and above other than technical degree,59316,36001,23315,32407,26071,6336,1977,1350,627,914,616,298,24932,8580,16352,6107,2799,3308
B0103,28,541,District - Khammam,Urban,Technical degree or diploma equal to degree or post-graduate degree,24303,15432,8871,11406,8532,2874,775,490,285,444,281,163,12122,6410,5712,4587,2736,1851
B0103,28,542,District - Srikakulam,Total,Total,2703114,1341738,1361376,936244,619916,316328,354044,146567,207477,214213,100011,114202,1412826,575255,837571,135676,55573,80103
B0103,28,542,District - Srikakulam,Total,Illiterate,1207733,483914,723819,429981,222013,207968,200680,59934,140746,115264,39029,76235,577072,201967,375105,28397,4004,24393
B0103,28,542,District - Srikakulam,Total,Literate,1495381,857824,637557,506263,397903,108360,153364,86633,66731,98949,60982,37967,835754,373288,462466,107279,51569,55710
B0103,28,542,District - Srikakulam,Total,Literate but below matric/secondary,855052,452247,402805,244344,180252,64092,88728,44198,44530,55344,30398,24946,521980,227797,294183,29354,8724,20630
B0103,28,542,District - Srikakulam,Total,Matric/secondary but below graduate,415543,252519,163024,148222,124253,23969,42832,28310,14522,29363,20742,8621,224489,99956,124533,47565,23962,23603
B0103,28,542,District - Srikakulam,Total,Technical diploma or certificate not equal to degree,18296,15630,2666,7971,7385,586,1262,1155,107,921,855,66,9063,7090,1973,3509,2853,656
B0103,28,542,District - Srikakulam,Total,Graduate and above other than technical degree,94955,68870,26085,51476,44602,6874,5884,4837,1047,4038,3437,601,37595,19431,18164,15184,9575,5609
B0103,28,542,District - Srikakulam,Total,Technical degree or diploma equal to degree or post-graduate degree,28110,20612,7498,13927,11341,2586,1169,861,308,795,605,190,13014,8410,4604,6242,4244,1998
B0103,28,542,District - Srikakulam,Rural,Total,2266411,1126888,1139523,796455,513437,283018,332309,135239,197070,204672,94499,110173,1137647,478212,659435,109571,45046,64525
B0103,28,542,District - Srikakulam,Rural,Illiterate,1079749,434766,644983,395934,203683,192251,191789,57012,134777,111799,37747,74052,492026,174071,317955,25268,3566,21702
B0103,28,542,District - Srikakulam,Rural,Literate,1186662,692122,494540,400521,309754,90767,140520,78227,62293,92873,56752,36121,645621,304141,341480,84303,41480,42823
B0103,28,542,District - Srikakulam,Rural,Literate but below matric/secondary,708528,382114,326414,207201,150638,56563,81988,40212,41776,52277,28441,23836,419339,191264,228075,23892,7194,16698
B0103,28,542,District - Srikakulam,Rural,Matric/secondary but below graduate,320872,200871,120001,116319,96185,20134,39181,25654,13527,27539,19345,8194,165372,79032,86340,38495,20016,18479
B0103,28,542,District - Srikakulam,Rural,Technical diploma or certificate not equal to degree,13503,11724,1779,5428,5038,390,1079,994,85,828,773,55,6996,5692,1304,2770,2332,438
B0103,28,542,District - Srikakulam,Rural,Graduate and above other than technical degree,57072,43729,13343,29418,25988,3430,4723,3913,810,3455,2965,490,22931,13828,9103,10591,7216,3375
B0103,28,542,District - Srikakulam,Rural,Technical degree or diploma equal to degree or post-graduate degree,16419,12449,3970,7526,6287,1239,885,663,222,647,502,145,8008,5499,2509,4034,2877,1157
B0103,28,542,District - Srikakulam,Urban,Total,436703,214850,221853,139789,106479,33310,21735,11328,10407,9541,5512,4029,275179,97043,178136,26105,10527,15578
B0103,28,542,District - Srikakulam,Urban,Illiterate,127984,49148,78836,34047,18330,15717,8891,2922,5969,3465,1282,2183,85046,27896,57150,3129,438,2691
B0103,28,542,District - Srikakulam,Urban,Literate,308719,165702,143017,105742,88149,17593,12844,8406,4438,6076,4230,1846,190133,69147,120986,22976,10089,12887
B0103,28,542,District - Srikakulam,Urban,Literate but below matric/secondary,146524,70133,76391,37143,29614,7529,6740,3986,2754,3067,1957,1110,102641,36533,66108,5462,1530,3932
B0103,28,542,District - Srikakulam,Urban,Matric/secondary but below graduate,94671,51648,43023,31903,28068,3835,3651,2656,995,1824,1397,427,59117,20924,38193,9070,3946,5124
B0103,28,542,District - Srikakulam,Urban,Technical diploma or certificate not equal to degree,4793,3906,887,2543,2347,196,183,161,22,93,82,11,2067,1398,669,739,521,218
B0103,28,542,District - Srikakulam,Urban,Graduate and above other than technical degree,37883,25141,12742,22058,18614,3444,1161,924,237,583,472,111,14664,5603,9061,4593,2359,2234
B0103,28,542,District - Srikakulam,Urban,Technical degree or diploma equal to degree or post-graduate degree,11691,8163,3528,6401,5054,1347,284,198,86,148,103,45,5006,2911,2095,2208,1367,841
B0103,28,543,District - Vizianagaram,Total,Total,2344474,1161477,1182997,953215,602511,350704,204747,76778,127969,104344,46196,58148,1186512,482188,704324,88845,36690,52155
B0103,28,543,District - Vizianagaram,Total,Illiterate,1106086,453974,652112,485102,239981,245121,127497,36119,91378,61904,21004,40900,493487,177874,315613,18301,3304,14997
B0103,28,543,District - Vizianagaram,Total,Literate,1238388,707503,530885,468113,362530,105583,77250,40659,36591,42440,25192,17248,693025,304314,388711,70544,33386,37158
B0103,28,543,District - Vizianagaram,Total,Literate but below matric/secondary,709540,378493,331047,234816,171610,63206,45383,21263,24120,23920,12844,11076,429341,185620,243721,19158,5760,13398
B0103,28,543,District - Vizianagaram,Total,Matric/secondary but below graduate,309744,184246,125498,116823,97351,19472,16812,10453,6359,9610,6587,3023,176109,76442,99667,27446,13272,14174
B0103,28,543,District - Vizianagaram,Total,Technical diploma or certificate not equal to degree,19754,16960,2794,9271,8531,740,808,722,86,541,494,47,9675,7707,1968,2953,2464,489
B0103,28,543,District - Vizianagaram,Total,Graduate and above other than technical degree,86216,59952,26264,48289,41256,7033,3394,2498,896,2086,1622,464,34533,16198,18335,11861,6997,4864
B0103,28,543,District - Vizianagaram,Total,Technical degree or diploma equal to degree or post-graduate degree,24125,16924,7201,12256,9695,2561,776,514,262,503,349,154,11093,6715,4378,4515,2868,1647
B0103,28,543,District - Vizianagaram,Rural,Total,1853563,920428,933135,796010,478141,317869,185446,66936,118510,95166,40991,54175,872107,375351,496756,58619,25668,32951
B0103,28,543,District - Vizianagaram,Rural,Illiterate,961725,397112,564613,447964,217519,230445,119652,33323,86329,58458,19578,38880,394109,146270,247839,13814,2662,11152
B0103,28,543,District - Vizianagaram,Rural,Literate,891838,523316,368522,348046,260622,87424,65794,33613,32181,36708,21413,15295,477998,229081,248917,44805,23006,21799
B0103,28,543,District - Vizianagaram,Rural,Literate but below matric/secondary,546488,300168,246320,191891,135759,56132,39533,17895,21638,21103,11073,10030,315064,146514,168550,12315,4023,8292
B0103,28,543,District - Vizianagaram,Rural,Matric/secondary but below graduate,207650,129235,78415,82426,66750,15676,13720,8371,5349,7988,5443,2545,111504,54114,57390,17911,9400,8511
B0103,28,543,District - Vizianagaram,Rural,Technical diploma or certificate not equal to degree,13473,11766,1707,5912,5442,470,632,564,68,428,391,37,6929,5760,1169,2147,1848,299
B0103,28,543,District - Vizianagaram,Rural,Graduate and above other than technical degree,43155,32462,10693,23644,20622,3022,2362,1821,541,1554,1274,280,17149,10019,7130,6767,4558,2209
B0103,28,543,District - Vizianagaram,Rural,Technical degree or diploma equal to degree or post-graduate degree,12286,9073,3213,5922,4869,1053,503,348,155,340,245,95,5861,3856,2005,2444,1665,779
B0103,28,543,District - Vizianagaram,Urban,Total,490911,241049,249862,157205,124370,32835,19301,9842,9459,9178,5205,3973,314405,106837,207568,30226,11022,19204
B0103,28,543,District - Vizianagaram,Urban,Illiterate,144361,56862,87499,37138,22462,14676,7845,2796,5049,3446,1426,2020,99378,31604,67774,4487,642,3845
B0103,28,543,District - Vizianagaram,Urban,Literate,346550,184187,162363,120067,101908,18159,11456,7046,4410,5732,3779,1953,215027,75233,139794,25739,10380,15359
B0103,28,543,District - Vizianagaram,Urban,Literate but below matric/secondary,163052,78325,84727,42925,35851,7074,5850,3368,2482,2817,1771,1046,114277,39106,75171,6843,1737,5106
B0103,28,543,District - Vizianagaram,Urban,Matric/secondary but below graduate,102094,55011,47083,34397,30601,3796,3092,2082,1010,1622,1144,478,64605,22328,42277,9535,3872,5663
B0103,28,543,District - Vizianagaram,Urban,Technical diploma or certificate not equal to degree,6281,5194,1087,3359,3089,270,176,158,18,113,103,10,2746,1947,799,806,616,190
B0103,28,543,District - Vizianagaram,Urban,Graduate and above other than technical degree,43061,27490,15571,24645,20634,4011,1032,677,355,532,348,184,17384,6179,11205,5094,2439,2655
B0103,28,543,District - Vizianagaram,Urban,Technical degree or diploma equal to degree or post-graduate degree,11839,7851,3988,6334,4826,1508,273,166,107,163,104,59,5232,2859,2373,2071,1203,868
B0103,28,544,District - Visakhapatnam,Total,Total,4290589,2138910,2151679,1481139,1049748,431391,408740,189316,219424,206218,104967,101251,2400710,899846,1500864,203060,83520,119540
B0103,28,544,District - Visakhapatnam,Total,Illiterate,1722340,716032,1006308,604359,329777,274582,217077,72627,144450,108633,41056,67577,900904,313628,587276,38272,7321,30951
B0103,28,544,District - Visakhapatnam,Total,Literate,2568249,1422878,1145371,876780,719971,156809,191663,116689,74974,97585,63911,33674,1499806,586218,913588,164788,76199,88589
B0103,28,544,District - Visakhapatnam,Total,Literate but below matric/secondary,1235729,626844,608885,313177,241982,71195,90068,49541,40527,43750,26532,17218,832484,335321,497163,42707,14502,28205
B0103,28,544,District - Visakhapatnam,Total,Matric/secondary but below graduate,767055,439293,327762,280704,243610,37094,58150,38737,19413,31824,22411,9413,428201,156946,271255,68986,32661,36325
B0103,28,544,District - Visakhapatnam,Total,Technical diploma or certificate not equal to degree,66353,58428,7925,38262,36501,1761,5171,4725,446,2804,2575,229,22920,17202,5718,7116,5972,1144
B0103,28,544,District - Visakhapatnam,Total,Graduate and above other than technical degree,257554,155951,101603,134976,111837,23139,14517,9633,4884,7275,4997,2278,108061,34481,73580,24153,11715,12438
B0103,28,544,District - Visakhapatnam,Total,Technical degree or diploma equal to degree or post-graduate degree,82592,54940,27652,41479,32886,8593,4517,2967,1550,2488,1670,818,36596,19087,17509,12230,7381,4849
B0103,28,544,District - Visakhapatnam,Rural,Total,2254667,1113234,1141433,863014,543175,319839,301576,123528,178048,164566,77215,87351,1090077,446531,643546,87666,34720,52946
B0103,28,544,District - Visakhapatnam,Rural,Illiterate,1182500,494837,687663,485834,251456,234378,187103,58220,128883,98473,35503,62970,509563,185161,324402,24155,4463,19692
B0103,28,544,District - Visakhapatnam,Rural,Literate,1072167,618397,453770,377180,291719,85461,114473,65308,49165,66093,41712,24381,580514,261370,319144,63511,30257,33254
B0103,28,544,District - Visakhapatnam,Rural,Literate but below matric/secondary,642842,343010,299832,186119,135919,50200,62507,32166,30341,33661,19483,14178,394216,174925,219291,20227,6834,13393
B0103,28,544,District - Visakhapatnam,Rural,Matric/secondary but below graduate,281744,175638,106106,115714,95436,20278,32628,20883,11745,20398,14089,6309,133402,59319,74083,28001,13896,14105
B0103,28,544,District - Visakhapatnam,Rural,Technical diploma or certificate not equal to degree,16219,14513,1706,8160,7779,381,1634,1511,123,1096,1028,68,6425,5223,1202,2446,2138,308
B0103,28,544,District - Visakhapatnam,Rural,Graduate and above other than technical degree,46087,33111,12976,24463,20612,3851,4727,3427,1300,3242,2450,792,16897,9072,7825,6416,4105,2311
B0103,28,544,District - Visakhapatnam,Rural,Technical degree or diploma equal to degree or post-graduate degree,13333,9570,3763,6320,5065,1255,1193,843,350,872,635,237,5820,3662,2158,2575,1723,852
B0103,28,544,District - Visakhapatnam,Urban,Total,2035922,1025676,1010246,618125,506573,111552,107164,65788,41376,41652,27752,13900,1310633,453315,857318,115394,48800,66594
B0103,28,544,District - Visakhapatnam,Urban,Illiterate,539840,221195,318645,118525,78321,40204,29974,14407,15567,10160,5553,4607,391341,128467,262874,14117,2858,11259
B0103,28,544,District - Visakhapatnam,Urban,Literate,1496082,804481,691601,499600,428252,71348,77190,51381,25809,31492,22199,9293,919292,324848,594444,101277,45942,55335
B0103,28,544,District - Visakhapatnam,Urban,Literate but below matric/secondary,592887,283834,309053,127058,106063,20995,27561,17375,10186,10089,7049,3040,438268,160396,277872,22480,7668,14812
B0103,28,544,District - Visakhapatnam,Urban,Matric/secondary but below graduate,485311,263655,221656,164990,148174,16816,25522,17854,7668,11426,8322,3104,294799,97627,197172,40985,18765,22220
B0103,28,544,District - Visakhapatnam,Urban,Technical diploma or certificate not equal to degree,50134,43915,6219,30102,28722,1380,3537,3214,323,1708,1547,161,16495,11979,4516,4670,3834,836
B0103,28,544,District - Visakhapatnam,Urban,Graduate and above other than technical degree,211467,122840,88627,110513,91225,19288,9790,6206,3584,4033,2547,1486,91164,25409,65755,17737,7610,10127
B0103,28,544,District - Visakhapatnam,Urban,Technical degree or diploma equal to degree or post-graduate degree,69259,45370,23889,35159,27821,7338,3324,2124,1200,1616,1035,581,30776,15425,15351,9655,5658,3997
B0103,28,545,District - East Godavari,Total,Total,5154296,2569688,2584608,1748117,1377605,370512,345564,168226,177338,161972,88959,73013,3060615,1023857,2036758,198092,81558,116534
B0103,28,545,District - East Godavari,Total,Illiterate,1865719,852755,1012964,629983,435146,194837,157086,60755,96331,70908,31211,39697,1078650,356854,721796,27811,4945,22866
B0103,28,545,District - East Godavari,Total,Literate,3288577,1716933,1571644,1118134,942459,175675,188478,107471,81007,91064,57748,33316,1981965,667003,1314962,170281,76613,93668
B0103,28,545,District - East Godavari,Total,Literate but below matric/secondary,1985251,964097,1021154,600422,492247,108175,120182,61302,58880,55822,32244,23578,1264647,410548,854099,52500,14653,37847
B0103,28,545,District - East Godavari,Total,Matric/secondary but below graduate,811063,439007,372056,278452,246801,31651,41734,27817,13917,21943,15632,6311,490877,164389,326488,62090,28016,34074
B0103,28,545,District - East Godavari,Total,Technical diploma or certificate not equal to degree,57878,50331,7547,29819,28173,1646,3154,2928,226,1984,1874,110,24905,19230,5675,8433,7165,1268
B0103,28,545,District - East Godavari,Total,Graduate and above other than technical degree,221627,145247,76380,117274,101371,15903,8532,6536,1996,4473,3489,984,95821,37340,58481,26234,14949,11285
B0103,28,545,District - East Godavari,Total,Technical degree or diploma equal to degree or post-graduate degree,67877,45488,22389,31380,24460,6920,2185,1550,635,1252,886,366,34312,19478,14834,13592,8721,4871
B0103,28,545,District - East Godavari,Rural,Total,3840324,1922293,1918031,1341940,1041699,300241,294515,135942,158573,143562,76352,67210,2203869,744652,1459217,136072,55459,80613
B0103,28,545,District - East Godavari,Rural,Illiterate,1510563,698599,811964,539049,370969,168080,140765,52328,88437,65446,28100,37346,830749,275302,555447,20833,3498,17335
B0103,28,545,District - East Godavari,Rural,Literate,2329761,1223694,1106067,802891,670730,132161,153750,83614,70136,78116,48252,29864,1373120,469350,903770,115239,51961,63278
B0103,28,545,District - East Godavari,Rural,Literate but below matric/secondary,1526654,751877,774777,486562,395188,91374,104245,50896,53349,50035,28163,21872,935847,305793,630054,38426,10308,28118
B0103,28,545,District - East Godavari,Rural,Matric/secondary but below graduate,534653,295717,238936,189375,166394,22981,31743,20563,11180,18139,12682,5457,313535,108760,204775,42686,19401,23285
B0103,28,545,District - East Godavari,Rural,Technical diploma or certificate not equal to degree,35897,31913,3984,17354,16492,862,2231,2108,123,1586,1508,78,16312,13313,2999,6099,5341,758
B0103,28,545,District - East Godavari,Rural,Graduate and above other than technical degree,104272,73097,31175,53912,47909,6003,4722,3808,914,2904,2383,521,45638,21380,24258,15913,9972,5941
B0103,28,545,District - East Godavari,Rural,Technical degree or diploma equal to degree or post-graduate degree,30629,21455,9174,13245,10625,2620,1017,750,267,668,491,177,16367,10080,6287,7287,4864,2423
B0103,28,545,District - East Godavari,Urban,Total,1313972,647395,666577,406177,335906,70271,51049,32284,18765,18410,12607,5803,856746,279205,577541,62020,26099,35921
B0103,28,545,District - East Godavari,Urban,Illiterate,355156,154156,201000,90934,64177,26757,16321,8427,7894,5462,3111,2351,247901,81552,166349,6978,1447,5531
B0103,28,545,District - East Godavari,Urban,Literate,958816,493239,465577,315243,271729,43514,34728,23857,10871,12948,9496,3452,608845,197653,411192,55042,24652,30390
B0103,28,545,District - East Godavari,Urban,Literate but below matric/secondary,458597,212220,246377,113860,97059,16801,15937,10406,5531,5787,4081,1706,328800,104755,224045,14074,4345,9729
B0103,28,545,District - East Godavari,Urban,Matric/secondary but below graduate,276410,143290,133120,89077,80407,8670,9991,7254,2737,3804,2950,854,177342,55629,121713,19404,8615,10789
B0103,28,545,District - East Godavari,Urban,Technical diploma or certificate not equal to degree,21981,18418,3563,12465,11681,784,923,820,103,398,366,32,8593,5917,2676,2334,1824,510
B0103,28,545,District - East Godavari,Urban,Graduate and above other than technical degree,117355,72150,45205,63362,53462,9900,3810,2728,1082,1569,1106,463,50183,15960,34223,10321,4977,5344
B0103,28,545,District - East Godavari,Urban,Technical degree or diploma equal to degree or post-graduate degree,37248,24033,13215,18135,13835,4300,1168,800,368,584,395,189,17945,9398,8547,6305,3857,2448
B0103,28,546,District - West Godavari,Total,Total,3936966,1964918,1972048,1534166,1100258,433908,238946,99080,139866,100628,51804,48824,2163854,765580,1398274,115001,48160,66841
B0103,28,546,District - West Godavari,Total,Illiterate,1284577,585695,698882,495709,298379,197330,90354,30124,60230,35441,15144,20297,698514,257192,441322,10663,1934,8729
B0103,28,546,District - West Godavari,Total,Literate,2652389,1379223,1273166,1038457,801879,236578,148592,68956,79636,65187,36660,28527,1465340,508388,956952,104338,46226,58112
B0103,28,546,District - West Godavari,Total,Literate but below matric/secondary,1628400,792414,835986,602472,437894,164578,100615,40896,59719,42173,21445,20728,925313,313624,611689,28295,7136,21159
B0103,28,546,District - West Godavari,Total,Matric/secondary but below graduate,645241,346877,298364,240820,203415,37405,30133,17224,12909,14251,9229,5022,374288,126238,248050,37251,15684,21567
B0103,28,546,District - West Godavari,Total,Technical diploma or certificate not equal to degree,48196,41667,6529,26774,25165,1609,2299,2136,163,1447,1350,97,19123,14366,4757,5990,4916,1074
B0103,28,546,District - West Godavari,Total,Graduate and above other than technical degree,160116,104417,55699,87521,74491,13030,4642,3467,1175,2494,1912,582,67953,26459,41494,17537,9936,7601
B0103,28,546,District - West Godavari,Total,Technical degree or diploma equal to degree or post-graduate degree,52685,34252,18433,24156,18182,5974,1215,836,379,744,521,223,27314,15234,12080,10442,6532,3910
B0103,28,546,District - West Godavari,Rural,Total,3128189,1567013,1561176,1274245,891408,382837,211116,83237,127879,91511,46145,45366,1642828,592368,1050460,83071,34558,48513
B0103,28,546,District - West Godavari,Rural,Illiterate,1092559,503338,589221,445836,266407,179429,81131,26120,55011,32659,13759,18900,565592,210811,354781,8223,1514,6709
B0103,28,546,District - West Godavari,Rural,Literate,2035630,1063675,971955,828409,625001,203408,129985,57117,72868,58852,32386,26466,1077236,381557,695679,74848,33044,41804
B0103,28,546,District - West Godavari,Rural,Literate but below matric/secondary,1329743,654736,675007,521325,371756,149569,90359,34946,55413,38968,19409,19559,718059,248034,470025,21431,5193,16238
B0103,28,546,District - West Godavari,Rural,Matric/secondary but below graduate,466594,254383,212211,183527,152080,31447,25406,13876,11530,12572,8018,4554,257661,88427,169234,27675,11628,16047
B0103,28,546,District - West Godavari,Rural,Technical diploma or certificate not equal to degree,34815,30595,4220,19139,18053,1086,1911,1778,133,1254,1169,85,13765,10764,3001,4609,3878,731
B0103,28,546,District - West Godavari,Rural,Graduate and above other than technical degree,89904,61156,28748,48487,41886,6601,3181,2415,766,1877,1495,382,38236,16855,21381,11497,6927,4570
B0103,28,546,District - West Godavari,Rural,Technical degree or diploma equal to degree or post-graduate degree,29380,19535,9845,12874,9835,3039,819,566,253,519,374,145,15687,9134,6553,6384,4055,2329
B0103,28,546,District - West Godavari,Urban,Total,808777,397905,410872,259921,208850,51071,27830,15843,11987,9117,5659,3458,521026,173212,347814,31930,13602,18328
B0103,28,546,District - West Godavari,Urban,Illiterate,192018,82357,109661,49873,31972,17901,9223,4004,5219,2782,1385,1397,132922,46381,86541,2440,420,2020
B0103,28,546,District - West Godavari,Urban,Literate,616759,315548,301211,210048,176878,33170,18607,11839,6768,6335,4274,2061,388104,126831,261273,29490,13182,16308
B0103,28,546,District - West Godavari,Urban,Literate but below matric/secondary,298657,137678,160979,81147,66138,15009,10256,5950,4306,3205,2036,1169,207254,65590,141664,6864,1943,4921
B0103,28,546,District - West Godavari,Urban,Matric/secondary but below graduate,178647,92494,86153,57293,51335,5958,4727,3348,1379,1679,1211,468,116627,37811,78816,9576,4056,5520
B0103,28,546,District - West Godavari,Urban,Technical diploma or certificate not equal to degree,13381,11072,2309,7635,7112,523,388,358,30,193,181,12,5358,3602,1756,1381,1038,343
B0103,28,546,District - West Godavari,Urban,Graduate and above other than technical degree,70212,43261,26951,39034,32605,6429,1461,1052,409,617,417,200,29717,9604,20113,6040,3009,3031
B0103,28,546,District - West Godavari,Urban,Technical degree or diploma equal to degree or post-graduate degree,23305,14717,8588,11282,8347,2935,396,270,126,225,147,78,11627,6100,5527,4058,2477,1581
B0103,28,547,District - Krishna,Total,Total,4517398,2267375,2250023,1744978,1193430,551548,303902,133869,170033,124507,61442,63065,2468518,940076,1528442,149572,62378,87194
B0103,28,547,District - Krishna,Total,Illiterate,1507680,668416,839264,577297,316553,260744,120682,41810,78872,49655,19932,29723,809701,310053,499648,18681,4404,14277
B0103,28,547,District - Krishna,Total,Literate,3009718,1598959,1410759,1167681,876877,290804,183220,92059,91161,74852,41510,33342,1658817,630023,1028794,130891,57974,72917
B0103,28,547,District - Krishna,Total,Literate but below matric/secondary,1564249,775397,788852,554165,385673,168492,103188,45058,58130,42741,21243,21498,906896,344666,562230,32274,9692,22582
B0103,28,547,District - Krishna,Total,Matric/secondary but below graduate,785156,431338,353818,285871,235871,50000,38487,22738,15749,16170,10206,5964,460798,172729,288069,47452,20555,26897
B0103,28,547,District - Krishna,Total,Technical diploma or certificate not equal to degree,57960,48572,9388,34175,31529,2646,3016,2636,380,1518,1352,166,20769,14407,6362,5215,4074,1141
B0103,28,547,District - Krishna,Total,Graduate and above other than technical degree,229889,141294,88595,123008,100655,22353,10288,6955,3333,3831,2700,1131,96593,33684,62909,19771,10038,9733
B0103,28,547,District - Krishna,Total,Technical degree or diploma equal to degree or post-graduate degree,83243,52915,30328,37462,27778,9684,3477,2210,1267,1667,1080,587,42304,22927,19377,13762,8569,5193
B0103,28,547,District - Krishna,Rural,Total,2673738,1343534,1330204,1142008,723954,418054,221677,87646,134031,102346,48225,54121,1310053,531934,778119,71272,30716,40556
B0103,28,547,District - Krishna,Rural,Illiterate,1016146,451924,564222,442570,230462,212108,96972,31254,65718,43734,17020,26714,476604,190208,286396,9590,2330,7260
B0103,28,547,District - Krishna,Rural,Literate,1657592,891610,765982,699438,493492,205946,124705,56392,68313,58612,31205,27407,833449,341726,491723,61682,28386,33296
B0103,28,547,District - Krishna,Rural,Literate but below matric/secondary,987736,498093,489643,394823,259053,135770,79352,31694,47658,36643,17554,19089,513561,207346,306215,16698,4907,11791
B0103,28,547,District - Krishna,Rural,Matric/secondary but below graduate,381029,218609,162420,155962,123873,32089,23111,12915,10196,11724,7347,4377,201956,81821,120135,21813,9782,12031
B0103,28,547,District - Krishna,Rural,Technical diploma or certificate not equal to degree,30413,25938,4475,17383,16140,1243,1752,1545,207,1045,932,113,11278,8253,3025,3115,2485,630
B0103,28,547,District - Krishna,Rural,Graduate and above other than technical degree,75999,50076,25923,40237,33049,7188,3445,2509,936,1870,1441,429,32317,14518,17799,8859,5074,3785
B0103,28,547,District - Krishna,Rural,Technical degree or diploma equal to degree or post-graduate degree,31448,20648,10800,13066,9744,3322,1135,753,382,664,451,213,17247,10151,7096,6198,4000,2198
B0103,28,547,District - Krishna,Urban,Total,1843660,923841,919819,602970,469476,133494,82225,46223,36002,22161,13217,8944,1158465,408142,750323,78300,31662,46638
B0103,28,547,District - Krishna,Urban,Illiterate,491534,216492,275042,134727,86091,48636,23710,10556,13154,5921,2912,3009,333097,119845,213252,9091,2074,7017
B0103,28,547,District - Krishna,Urban,Literate,1352126,707349,644777,468243,383385,84858,58515,35667,22848,16240,10305,5935,825368,288297,537071,69209,29588,39621
B0103,28,547,District - Krishna,Urban,Literate but below matric/secondary,576513,277304,299209,159342,126620,32722,23836,13364,10472,6098,3689,2409,393335,137320,256015,15576,4785,10791
B0103,28,547,District - Krishna,Urban,Matric/secondary but below graduate,404127,212729,191398,129909,111998,17911,15376,9823,5553,4446,2859,1587,258842,90908,167934,25639,10773,14866
B0103,28,547,District - Krishna,Urban,Technical diploma or certificate not equal to degree,27547,22634,4913,16792,15389,1403,1264,1091,173,473,420,53,9491,6154,3337,2100,1589,511
B0103,28,547,District - Krishna,Urban,Graduate and above other than technical degree,153890,91218,62672,82771,67606,15165,6843,4446,2397,1961,1259,702,64276,19166,45110,10912,4964,5948
B0103,28,547,District - Krishna,Urban,Technical degree or diploma equal to degree or post-graduate degree,51795,32267,19528,24396,18034,6362,2342,1457,885,1003,629,374,25057,12776,12281,7564,4569,2995
B0103,28,548,District - Guntur,Total,Total,4887813,2440521,2447292,2106326,1334831,771495,275298,107539,167759,109399,50359,59040,2506189,998151,1508038,130467,59177,71290
B0103,28,548,District - Guntur,Total,Illiterate,1927372,805795,1121577,881054,423889,457165,139060,40796,98264,53839,19026,34813,907258,341110,566148,16327,3451,12876
B0103,28,548,District - Guntur,Total,Literate,2960441,1634726,1325715,1225272,910942,314330,136238,66743,69495,55560,31333,24227,1598931,657041,941890,114140,55726,58414
B0103,28,548,District - Guntur,Total,Literate but below matric/secondary,1664692,857601,807091,640791,438235,202556,84074,35993,48081,33186,16576,16610,939827,383373,556454,25524,7683,17841
B0103,28,548,District - Guntur,Total,Matric/secondary but below graduate,786664,450528,336136,311118,256971,54147,29758,17184,12574,12080,7893,4187,445788,176373,269415,40840,19173,21667
B0103,28,548,District - Guntur,Total,Technical diploma or certificate not equal to degree,50192,39862,10330,25388,22715,2673,2043,1746,297,1167,1022,145,22761,15401,7360,5479,4221,1258
B0103,28,548,District - Guntur,Total,Graduate and above other than technical degree,229757,152124,77633,131836,110036,21800,6770,4863,1907,3124,2402,722,91151,37225,53926,20022,11208,8814
B0103,28,548,District - Guntur,Total,Technical degree or diploma equal to degree or post-graduate degree,95005,61689,33316,41853,31034,10819,2464,1629,835,1322,920,402,50688,29026,21662,17534,11252,6282
B0103,28,548,District - Guntur,Rural,Total,3235075,1621491,1613584,1527631,898090,629541,216545,78589,137956,91272,40031,51241,1490899,644812,846087,67553,33950,33603
B0103,28,548,District - Guntur,Rural,Illiterate,1437141,604197,832944,726433,335865,390568,115991,32566,83425,47235,16235,31000,594717,235766,358951,8630,2146,6484
B0103,28,548,District - Guntur,Rural,Literate,1797934,1017294,780640,801198,562225,238973,100554,46023,54531,44037,23796,20241,896182,409046,487136,58923,31804,27119
B0103,28,548,District - Guntur,Rural,Literate but below matric/secondary,1115811,588502,527309,479314,310280,169034,66032,26501,39531,27837,13268,14569,570465,251721,318744,12966,4338,8628
B0103,28,548,District - Guntur,Rural,Matric/secondary but below graduate,432021,261915,170106,186676,147357,39319,20361,11178,9183,9095,5833,3262,224984,103380,121604,21031,10990,10041
B0103,28,548,District - Guntur,Rural,Technical diploma or certificate not equal to degree,30156,24795,5361,14744,13391,1353,1444,1252,192,888,788,100,13968,10152,3816,3655,2885,770
B0103,28,548,District - Guntur,Rural,Graduate and above other than technical degree,90893,64735,26158,50774,43057,7717,3521,2654,867,1941,1568,373,36598,19024,17574,9983,6323,3660
B0103,28,548,District - Guntur,Rural,Technical degree or diploma equal to degree or post-graduate degree,40584,27901,12683,15907,12103,3804,1179,840,339,702,528,174,23498,14958,8540,8742,5912,2830
B0103,28,548,District - Guntur,Urban,Total,1652738,819030,833708,578695,436741,141954,58753,28950,29803,18127,10328,7799,1015290,353339,661951,62914,25227,37687
B0103,28,548,District - Guntur,Urban,Illiterate,490231,201598,288633,154621,88024,66597,23069,8230,14839,6604,2791,3813,312541,105344,207197,7697,1305,6392
B0103,28,548,District - Guntur,Urban,Literate,1162507,617432,545075,424074,348717,75357,35684,20720,14964,11523,7537,3986,702749,247995,454754,55217,23922,31295
B0103,28,548,District - Guntur,Urban,Literate but below matric/secondary,548881,269099,279782,161477,127955,33522,18042,9492,8550,5349,3308,2041,369362,131652,237710,12558,3345,9213
B0103,28,548,District - Guntur,Urban,Matric/secondary but below graduate,354643,188613,166030,124442,109614,14828,9397,6006,3391,2985,2060,925,220804,72993,147811,19809,8183,11626
B0103,28,548,District - Guntur,Urban,Technical diploma or certificate not equal to degree,20036,15067,4969,10644,9324,1320,599,494,105,279,234,45,8793,5249,3544,1824,1336,488
B0103,28,548,District - Guntur,Urban,Graduate and above other than technical degree,138864,87389,51475,81062,66979,14083,3249,2209,1040,1183,834,349,54553,18201,36352,10039,4885,5154
B0103,28,548,District - Guntur,Urban,Technical degree or diploma equal to degree or post-graduate degree,54421,33788,20633,25946,18931,7015,1285,789,496,620,392,228,27190,14068,13122,8792,5340,3452
B0103,28,549,District - Prakasam,Total,Total,3397448,1714764,1682684,1463508,908090,555418,237059,83752,153307,103685,44692,58993,1696881,722922,973959,88726,41930,46796
B0103,28,549,District - Prakasam,Total,Illiterate,1493013,607078,885935,671152,310697,360455,136972,33988,102984,58558,18141,40417,684889,262393,422496,15085,2761,12324
B0103,28,549,District - Prakasam,Total,Literate,1904435,1107686,796749,792356,597393,194963,100087,49764,50323,45127,26551,18576,1011992,460529,551463,73641,39169,34472
B0103,28,549,District - Prakasam,Total,Literate but below matric/secondary,1114084,602068,512016,418411,292889,125522,62297,27240,35057,26888,14161,12727,633376,281939,351437,17696,5832,11864
B0103,28,549,District - Prakasam,Total,Matric/secondary but below graduate,493398,306680,186718,212623,176655,35968,23249,13750,9499,10958,7467,3491,257526,116275,141251,25843,13644,12199
B0103,28,549,District - Prakasam,Total,Technical diploma or certificate not equal to degree,26413,21815,4598,13305,12064,1241,953,845,108,588,527,61,12155,8906,3249,3076,2454,622
B0103,28,549,District - Prakasam,Total,Graduate and above other than technical degree,121656,85292,36364,70154,59709,10445,4006,2903,1103,2030,1576,454,47496,22680,24816,12155,7578,4577
B0103,28,549,District - Prakasam,Total,Technical degree or diploma equal to degree or post-graduate degree,59964,42349,17615,26685,21154,5531,1469,1053,416,842,614,228,31810,20142,11668,11818,8196,3622
B0103,28,549,District - Prakasam,Rural,Total,2732866,1382641,1350225,1242381,739063,503318,212161,71299,140862,95302,39575,55727,1278324,572279,706045,61308,29643,31665
B0103,28,549,District - Prakasam,Rural,Illiterate,1296953,530053,766900,616998,280311,336687,126452,30574,95878,55478,16795,38683,553503,219168,334335,11815,2233,9582
B0103,28,549,District - Prakasam,Rural,Literate,1435913,852588,583325,625383,458752,166631,85709,40725,44984,39824,22780,17044,724821,353111,371710,49493,27410,22083
B0103,28,549,District - Prakasam,Rural,Literate but below matric/secondary,895393,495377,400016,359293,246508,112785,55051,23213,31838,24505,12565,11940,481049,225656,255393,12854,4467,8387
B0103,28,549,District - Prakasam,Rural,Matric/secondary but below graduate,349791,226006,123785,161104,130705,30399,19388,10969,8419,9453,6306,3147,169299,84332,84967,17614,9672,7942
B0103,28,549,District - Prakasam,Rural,Technical diploma or certificate not equal to degree,18125,15188,2937,8767,7952,815,718,636,82,454,405,49,8640,6600,2040,2106,1683,423
B0103,28,549,District - Prakasam,Rural,Graduate and above other than technical degree,68441,50685,17756,39176,33636,5540,2695,1953,742,1462,1156,306,26570,15096,11474,7557,5155,2402
B0103,28,549,District - Prakasam,Rural,Technical degree or diploma equal to degree or post-graduate degree,35871,26580,9291,15162,12323,2839,993,725,268,590,449,141,19716,13532,6184,7329,5383,1946
B0103,28,549,District - Prakasam,Urban,Total,664582,332123,332459,221127,169027,52100,24898,12453,12445,8383,5117,3266,418557,150643,267914,27418,12287,15131
B0103,28,549,District - Prakasam,Urban,Illiterate,196060,77025,119035,54154,30386,23768,10520,3414,7106,3080,1346,1734,131386,43225,88161,3270,528,2742
B0103,28,549,District - Prakasam,Urban,Literate,468522,255098,213424,166973,138641,28332,14378,9039,5339,5303,3771,1532,287171,107418,179753,24148,11759,12389
B0103,28,549,District - Prakasam,Urban,Literate but below matric/secondary,218691,106691,112000,59118,46381,12737,7246,4027,3219,2383,1596,787,152327,56283,96044,4842,1365,3477
B0103,28,549,District - Prakasam,Urban,Matric/secondary but below graduate,143607,80674,62933,51519,45950,5569,3861,2781,1080,1505,1161,344,88227,31943,56284,8229,3972,4257
B0103,28,549,District - Prakasam,Urban,Technical diploma or certificate not equal to degree,8288,6627,1661,4538,4112,426,235,209,26,134,122,12,3515,2306,1209,970,771,199
B0103,28,549,District - Prakasam,Urban,Graduate and above other than technical degree,53215,34607,18608,30978,26073,4905,1311,950,361,568,420,148,20926,7584,13342,4598,2423,2175
B0103,28,549,District - Prakasam,Urban,Technical degree or diploma equal to degree or post-graduate degree,24093,15769,8324,11523,8831,2692,476,328,148,252,165,87,12094,6610,5484,4489,2813,1676
B0103,28,550,District - Sri Potti Sriramulu Nellore,Total,Total,2963557,1492974,1470583,1076544,761278,315266,238017,98602,139415,91789,47830,43959,1648996,633094,1015902,116083,51904,64179
B0103,28,550,District - Sri Potti Sriramulu Nellore,Total,Illiterate,1131368,481052,650316,404000,225910,178090,120545,37492,83053,41636,16934,24702,606823,217650,389173,14568,2644,11924
B0103,28,550,District - Sri Potti Sriramulu Nellore,Total,Literate,1832189,1011922,820267,672544,535368,137176,117472,61110,56362,50153,30896,19257,1042173,415444,626729,101515,49260,52255
B0103,28,550,District - Sri Potti Sriramulu Nellore,Total,Literate but below matric/secondary,1058244,549407,508837,358309,271524,86785,77490,36060,41430,31515,17909,13606,622445,241823,380622,26296,8339,17957
B0103,28,550,District - Sri Potti Sriramulu Nellore,Total,Matric/secondary but below graduate,491033,280842,210191,171206,147330,23876,24857,15665,9192,11467,8094,3373,294970,117847,177123,42451,21327,21124
B0103,28,550,District - Sri Potti Sriramulu Nellore,Total,Technical diploma or certificate not equal to degree,25495,21222,4273,14166,12911,1255,1215,1093,122,689,627,62,10114,7218,2896,2912,2249,663
B0103,28,550,District - Sri Potti Sriramulu Nellore,Total,Graduate and above other than technical degree,121115,78811,42304,67008,56477,10531,4084,3041,1043,2058,1614,444,50023,19293,30730,12606,6832,5774
B0103,28,550,District - Sri Potti Sriramulu Nellore,Total,Technical degree or diploma equal to degree or post-graduate degree,59312,40492,18820,28790,22552,6238,1553,1082,471,925,668,257,28969,16858,12111,11383,7494,3889
B0103,28,550,District - Sri Potti Sriramulu Nellore,Rural,Total,2105927,1060810,1045117,815907,548788,267119,208411,81198,127213,80301,40234,40067,1081609,430824,650785,62730,26114,36616
B0103,28,550,District - Sri Potti Sriramulu Nellore,Rural,Illiterate,908308,387864,520444,349933,190180,159753,110694,33093,77601,38293,15136,23157,447681,164591,283090,10606,1870,8736
B0103,28,550,District - Sri Potti Sriramulu Nellore,Rural,Literate,1197619,672946,524673,465974,358608,107366,97717,48105,49612,42008,25098,16910,633928,266233,367695,52124,24244,27880
B0103,28,550,District - Sri Potti Sriramulu Nellore,Rural,Literate but below matric/secondary,770463,409365,361098,283952,208441,75511,67688,29951,37737,27703,15246,12457,418823,170973,247850,15888,4443,11445
B0103,28,550,District - Sri Potti Sriramulu Nellore,Rural,Matric/secondary but below graduate,285383,169439,115944,109961,92141,17820,19210,11582,7628,8987,6198,2789,156212,65716,90496,19719,9230,10489
B0103,28,550,District - Sri Potti Sriramulu Nellore,Rural,Technical diploma or certificate not equal to degree,13987,12000,1987,7269,6714,555,827,754,73,500,465,35,5891,4532,1359,1826,1476,350
B0103,28,550,District - Sri Potti Sriramulu Nellore,Rural,Graduate and above other than technical degree,52672,36721,15951,28392,24247,4145,2515,1933,582,1407,1158,249,21765,10541,11224,6855,4167,2688
B0103,28,550,District - Sri Potti Sriramulu Nellore,Rural,Technical degree or diploma equal to degree or post-graduate degree,26875,19382,7493,12000,9725,2275,845,630,215,533,415,118,14030,9027,5003,5909,4169,1740
B0103,28,550,District - Sri Potti Sriramulu Nellore,Urban,Total,857630,432164,425466,260637,212490,48147,29606,17404,12202,11488,7596,3892,567387,202270,365117,53353,25790,27563
B0103,28,550,District - Sri Potti Sriramulu Nellore,Urban,Illiterate,223060,93188,129872,54067,35730,18337,9851,4399,5452,3343,1798,1545,159142,53059,106083,3962,774,3188
B0103,28,550,District - Sri Potti Sriramulu Nellore,Urban,Literate,634570,338976,295594,206570,176760,29810,19755,13005,6750,8145,5798,2347,408245,149211,259034,49391,25016,24375
B0103,28,550,District - Sri Potti Sriramulu Nellore,Urban,Literate but below matric/secondary,287781,140042,147739,74357,63083,11274,9802,6109,3693,3812,2663,1149,203622,70850,132772,10408,3896,6512
B0103,28,550,District - Sri Potti Sriramulu Nellore,Urban,Matric/secondary but below graduate,205650,111403,94247,61245,55189,6056,5647,4083,1564,2480,1896,584,138758,52131,86627,22732,12097,10635
B0103,28,550,District - Sri Potti Sriramulu Nellore,Urban,Technical diploma or certificate not equal to degree,11508,9222,2286,6897,6197,700,388,339,49,189,162,27,4223,2686,1537,1086,773,313
B0103,28,550,District - Sri Potti Sriramulu Nellore,Urban,Graduate and above other than technical degree,68443,42090,26353,38616,32230,6386,1569,1108,461,651,456,195,28258,8752,19506,5751,2665,3086
B0103,28,550,District - Sri Potti Sriramulu Nellore,Urban,Technical degree or diploma equal to degree or post-graduate degree,32437,21110,11327,16790,12827,3963,708,452,256,392,253,139,14939,7831,7108,5474,3325,2149
B0103,28,551,District - Y.S.R.,Total,Total,2882469,1451777,1430692,1079903,734544,345359,240501,89342,151159,94083,43883,50200,1562065,627891,934174,100501,44990,55511
B0103,28,551,District - Y.S.R.,Total,Illiterate,1165703,457078,708625,414169,202696,211473,119420,27668,91752,44717,13637,31080,632114,226714,405400,16950,2924,14026
B0103,28,551,District - Y.S.R.,Total,Literate,1716766,994699,722067,665734,531848,133886,121081,61674,59407,49366,30246,19120,929951,401177,528774,83551,42066,41485
B0103,28,551,District - Y.S.R.,Total,Literate but below matric/secondary,922532,492706,429826,302405,227680,74725,65297,29028,36269,24294,13197,11097,554830,235998,318832,19036,6074,12962
B0103,28,551,District - Y.S.R.,Total,Matric/secondary but below graduate,481647,291040,190607,194869,164753,30116,33537,19019,14518,14016,9451,4565,253241,107268,145973,32610,16370,16240
B0103,28,551,District - Y.S.R.,Total,Technical diploma or certificate not equal to degree,29998,25433,4565,16833,15630,1203,1698,1486,212,997,888,109,11467,8317,3150,3324,2628,696
B0103,28,551,District - Y.S.R.,Total,Graduate and above other than technical degree,123845,85948,37897,71591,61202,10389,6679,4681,1998,3425,2646,779,45575,20065,25510,12993,7554,5439
B0103,28,551,District - Y.S.R.,Total,Technical degree or diploma equal to degree or post-graduate degree,56166,39760,16406,27001,21611,5390,2446,1645,801,1453,1057,396,26719,16504,10215,10727,7314,3413
B0103,28,551,District - Y.S.R.,Rural,Total,1903337,959693,943644,767961,490957,277004,193084,65344,127740,77936,34139,43797,942292,403392,538900,56466,25611,30855
B0103,28,551,District - Y.S.R.,Rural,Illiterate,840981,328753,512228,332183,154026,178157,100654,21356,79298,39065,11158,27907,408144,153371,254773,10716,1792,8924
B0103,28,551,District - Y.S.R.,Rural,Literate,1062356,630940,431416,435778,336931,98847,92430,43988,48442,38871,22981,15890,534148,250021,284127,45750,23819,21931
B0103,28,551,District - Y.S.R.,Rural,Literate but below matric/secondary,606219,332061,274158,218109,158008,60101,51208,21066,30142,19678,10167,9511,336902,152987,183915,10908,3407,7501
B0103,28,551,District - Y.S.R.,Rural,Matric/secondary but below graduate,289926,183113,106813,126125,103779,22346,25348,13603,11745,10883,7169,3714,138453,65731,72722,18679,9930,8749
B0103,28,551,District - Y.S.R.,Rural,Technical diploma or certificate not equal to degree,17949,15618,2331,9909,9324,585,1175,1029,146,719,647,72,6865,5265,1600,1936,1632,304
B0103,28,551,District - Y.S.R.,Rural,Graduate and above other than technical degree,57327,42199,15128,33325,29060,4265,4070,2819,1251,2225,1740,485,19932,10320,9612,6469,4062,2407
B0103,28,551,District - Y.S.R.,Rural,Technical degree or diploma equal to degree or post-graduate degree,25161,18679,6482,11708,9634,2074,1405,970,435,854,650,204,12048,8075,3973,4962,3566,1396
B0103,28,551,District - Y.S.R.,Urban,Total,979132,492084,487048,311942,243587,68355,47417,23998,23419,16147,9744,6403,619773,224499,395274,44035,19379,24656
B0103,28,551,District - Y.S.R.,Urban,Illiterate,324722,128325,196397,81986,48670,33316,18766,6312,12454,5652,2479,3173,223970,73343,150627,6234,1132,5102
B0103,28,551,District - Y.S.R.,Urban,Literate,654410,363759,290651,229956,194917,35039,28651,17686,10965,10495,7265,3230,395803,151156,244647,37801,18247,19554
B0103,28,551,District - Y.S.R.,Urban,Literate but below matric/secondary,316313,160645,155668,84296,69672,14624,14089,7962,6127,4616,3030,1586,217928,83011,134917,8128,2667,5461
B0103,28,551,District - Y.S.R.,Urban,Matric/secondary but below graduate,191721,107927,83794,68744,60974,7770,8189,5416,2773,3133,2282,851,114788,41537,73251,13931,6440,7491
B0103,28,551,District - Y.S.R.,Urban,Technical diploma or certificate not equal to degree,12049,9815,2234,6924,6306,618,523,457,66,278,241,37,4602,3052,1550,1388,996,392
B0103,28,551,District - Y.S.R.,Urban,Graduate and above other than technical degree,66518,43749,22769,38266,32142,6124,2609,1862,747,1200,906,294,25643,9745,15898,6524,3492,3032
B0103,28,551,District - Y.S.R.,Urban,Technical degree or diploma equal to degree or post-graduate degree,31005,21081,9924,15293,11977,3316,1041,675,366,599,407,192,14671,8429,6242,5765,3748,2017
B0103,28,552,District - Kurnool,Total,Total,4053463,2039227,2014236,1757520,1054167,703353,271905,109955,161950,135004,61216,73788,2024038,875105,1148933,107067,49759,57308
B0103,28,552,District - Kurnool,Total,Illiterate,1926302,792858,1133444,905018,407100,497918,153806,44968,108838,78624,26702,51922,867478,340790,526688,20790,4423,16367
B0103,28,552,District - Kurnool,Total,Literate,2127161,1246369,880792,852502,647067,205435,118099,64987,53112,56380,34514,21866,1156560,534315,622245,86277,45336,40941
B0103,28,552,District - Kurnool,Total,Literate but below matric/secondary,1194425,653207,541218,405999,286111,119888,62588,30958,31630,28788,16199,12589,725838,336138,389700,21263,8124,13139
B0103,28,552,District - Kurnool,Total,Matric/secondary but below graduate,564431,350626,213805,243624,202176,41448,30109,18254,11855,14390,9584,4806,290698,130196,160502,35245,18611,16634
B0103,28,552,District - Kurnool,Total,Technical diploma or certificate not equal to degree,26162,21448,4714,13643,12270,1373,1346,1105,241,732,624,108,11173,8073,3100,2699,2100,599
B0103,28,552,District - Kurnool,Total,Graduate and above other than technical degree,142997,99139,43858,81241,68330,12911,6621,4634,1987,3176,2313,863,55135,26175,28960,13574,8400,5174
B0103,28,552,District - Kurnool,Total,Technical degree or diploma equal to degree or post-graduate degree,58845,39961,18884,28374,21603,6771,2557,1647,910,1382,928,454,27914,16711,11203,8928,5971,2957
B0103,28,552,District - Kurnool,Rural,Total,2904177,1464569,1439608,1372106,773536,598570,210022,79899,130123,111971,48801,63170,1322049,611134,710915,61329,29605,31724
B0103,28,552,District - Kurnool,Rural,Illiterate,1513718,623058,890660,775037,335505,439532,128103,35866,92237,69283,22834,46449,610578,251687,358891,13489,2982,10507
B0103,28,552,District - Kurnool,Rural,Literate,1390459,841511,548948,597069,438031,159038,81919,44033,37886,42688,25967,16721,711471,359447,352024,47840,26623,21217
B0103,28,552,District - Kurnool,Rural,Literate but below matric/secondary,854753,481286,373467,320640,219196,101444,47061,22602,24459,23425,12903,10522,487052,239488,247564,12861,5045,7816
B0103,28,552,District - Kurnool,Rural,Matric/secondary but below graduate,337478,224241,113237,161292,130593,30699,19403,11839,7564,10237,7015,3222,156783,81809,74974,20349,11568,8781
B0103,28,552,District - Kurnool,Rural,Technical diploma or certificate not equal to degree,14171,11939,2232,7083,6422,661,725,629,96,442,400,42,6363,4888,1475,1452,1173,279
B0103,28,552,District - Kurnool,Rural,Graduate and above other than technical degree,60675,46437,14238,34913,30192,4721,2993,2275,718,1694,1381,313,22769,13970,8799,6546,4620,1926
B0103,28,552,District - Kurnool,Rural,Technical degree or diploma equal to degree or post-graduate degree,24525,18144,6381,11200,8933,2267,1064,782,282,645,507,138,12261,8429,3832,3998,2921,1077
B0103,28,552,District - Kurnool,Urban,Total,1149286,574658,574628,385414,280631,104783,61883,30056,31827,23033,12415,10618,701989,263971,438018,45738,20154,25584
B0103,28,552,District - Kurnool,Urban,Illiterate,412584,169800,242784,129981,71595,58386,25703,9102,16601,9341,3868,5473,256900,89103,167797,7301,1441,5860
B0103,28,552,District - Kurnool,Urban,Literate,736702,404858,331844,255433,209036,46397,36180,20954,15226,13692,8547,5145,445089,174868,270221,38437,18713,19724
B0103,28,552,District - Kurnool,Urban,Literate but below matric/secondary,339672,171921,167751,85359,66915,18444,15527,8356,7171,5363,3296,2067,238786,96650,142136,8402,3079,5323
B0103,28,552,District - Kurnool,Urban,Matric/secondary but below graduate,226953,126385,100568,82332,71583,10749,10706,6415,4291,4153,2569,1584,133915,48387,85528,14896,7043,7853
B0103,28,552,District - Kurnool,Urban,Technical diploma or certificate not equal to degree,11991,9509,2482,6560,5848,712,621,476,145,290,224,66,4810,3185,1625,1247,927,320
B0103,28,552,District - Kurnool,Urban,Graduate and above other than technical degree,82322,52702,29620,46328,38138,8190,3628,2359,1269,1482,932,550,32366,12205,20161,7028,3780,3248
B0103,28,552,District - Kurnool,Urban,Technical degree or diploma equal to degree or post-graduate degree,34320,21817,12503,17174,12670,4504,1493,865,628,737,421,316,15653,8282,7371,4930,3050,1880
B0103,28,553,District - Anantapur,Total,Total,4081148,2064495,2016653,1679655,1065582,614073,356511,142962,213549,154313,71631,82682,2044982,855951,1189031,117061,51431,65630
B0103,28,553,District - Anantapur,Total,Illiterate,1770188,726021,1044167,719798,342673,377125,187795,54310,133485,79410,27175,52235,862595,329038,533557,22708,4883,17825
B0103,28,553,District - Anantapur,Total,Literate,2310960,1338474,972486,959857,722909,236948,168716,88652,80064,74903,44456,30447,1182387,526913,655474,94353,46548,47805
B0103,28,553,District - Anantapur,Total,Literate but below matric/secondary,1277252,705750,571502,464431,335537,128894,92510,45588,46922,40441,22779,17662,720311,324625,395686,23661,8431,15230
B0103,28,553,District - Anantapur,Total,Matric/secondary but below graduate,628859,372768,256091,274296,216425,57871,45613,25516,20097,20586,12931,7655,308950,130827,178123,37958,18499,19459
B0103,28,553,District - Anantapur,Total,Technical diploma or certificate not equal to degree,23086,18595,4491,11618,10306,1312,1167,997,170,630,560,70,10301,7292,3009,2647,2056,591
B0103,28,553,District - Anantapur,Total,Graduate and above other than technical degree,147179,101342,45837,84688,70396,14292,6826,4844,1982,3317,2505,812,55665,26102,29563,14676,8871,5805
B0103,28,553,District - Anantapur,Total,Technical degree or diploma equal to degree or post-graduate degree,52769,35453,17316,25727,19258,6469,2036,1330,706,1136,764,372,25006,14865,10141,9014,5865,3149
B0103,28,553,District - Anantapur,Rural,Total,2935437,1489157,1446280,1291382,771559,519823,304559,116908,187651,136709,62122,74587,1339496,600690,738806,70269,32779,37490
B0103,28,553,District - Anantapur,Rural,Illiterate,1389043,572099,816944,614186,280986,333200,166589,46511,120078,72255,24251,48004,608268,244602,363666,15223,3662,11561
B0103,28,553,District - Anantapur,Rural,Literate,1546394,917058,629336,677196,490573,186623,137970,70397,67573,64454,37871,26583,731228,356088,375140,55046,29117,25929
B0103,28,553,District - Anantapur,Rural,Literate but below matric/secondary,912018,516397,395621,356367,248653,107714,77409,37186,40223,35588,19846,15742,478242,230558,247684,14375,5620,8755
B0103,28,553,District - Anantapur,Rural,Matric/secondary but below graduate,398213,245535,152678,189044,142938,46106,36844,20019,16825,17637,10986,6651,172325,82578,89747,23255,12200,11055
B0103,28,553,District - Anantapur,Rural,Technical diploma or certificate not equal to degree,12433,10086,2347,5584,4874,710,765,670,95,442,401,41,6084,4542,1542,1601,1262,339
B0103,28,553,District - Anantapur,Rural,Graduate and above other than technical degree,65687,48811,16876,36954,31140,5814,4347,3161,1186,2383,1875,508,24386,14510,9876,7637,5272,2365
B0103,28,553,District - Anantapur,Rural,Technical degree or diploma equal to degree or post-graduate degree,23136,16452,6684,10680,8246,2434,1155,780,375,681,475,206,11301,7426,3875,4128,2880,1248
B0103,28,553,District - Anantapur,Urban,Total,1145711,575338,570373,388273,294023,94250,51952,26054,25898,17604,9509,8095,705486,255261,450225,46792,18652,28140
B0103,28,553,District - Anantapur,Urban,Illiterate,381145,153922,227223,105612,61687,43925,21206,7799,13407,7155,2924,4231,254327,84436,169891,7485,1221,6264
B0103,28,553,District - Anantapur,Urban,Literate,764566,421416,343150,282661,232336,50325,30746,18255,12491,10449,6585,3864,451159,170825,280334,39307,17431,21876
B0103,28,553,District - Anantapur,Urban,Literate but below matric/secondary,365234,189353,175881,108064,86884,21180,15101,8402,6699,4853,2933,1920,242069,94067,148002,9286,2811,6475
B0103,28,553,District - Anantapur,Urban,Matric/secondary but below graduate,230646,127233,103413,85252,73487,11765,8769,5497,3272,2949,1945,1004,136625,48249,88376,14703,6299,8404
B0103,28,553,District - Anantapur,Urban,Technical diploma or certificate not equal to degree,10653,8509,2144,6034,5432,602,402,327,75,188,159,29,4217,2750,1467,1046,794,252
B0103,28,553,District - Anantapur,Urban,Graduate and above other than technical degree,81492,52531,28961,47734,39256,8478,2479,1683,796,934,630,304,31279,11592,19687,7039,3599,3440
B0103,28,553,District - Anantapur,Urban,Technical degree or diploma equal to degree or post-graduate degree,29633,19001,10632,15047,11012,4035,881,550,331,455,289,166,13705,7439,6266,4886,2985,1901
B0103,28,554,District - Chittoor,Total,Total,4174064,2090204,2083860,1669852,1087163,582689,263505,115060,148445,88865,46584,42281,2240707,887981,1352726,134842,58693,76149
B0103,28,554,District - Chittoor,Total,Illiterate,1506186,605410,900776,555475,258480,296995,110512,33432,77080,33739,12663,21076,840199,313498,526701,16055,3296,12759
B0103,28,554,District - Chittoor,Total,Literate,2667878,1484794,1183084,1114377,828683,285694,152993,81628,71365,55126,33921,21205,1400508,574483,826025,118787,55397,63390
B0103,28,554,District - Chittoor,Total,Literate but below matric/secondary,1422472,747286,675186,534092,374462,159630,83986,40655,43331,27851,15724,12127,804394,332169,472225,26907,8190,18717
B0103,28,554,District - Chittoor,Total,Matric/secondary but below graduate,736203,422340,313863,301901,241810,60091,39993,23684,16309,14918,9987,4931,394309,156846,237463,46506,21670,24836
B0103,28,554,District - Chittoor,Total,Technical diploma or certificate not equal to degree,38388,29632,8756,21164,18384,2780,2011,1666,345,1094,916,178,15213,9582,5631,4389,3005,1384
B0103,28,554,District - Chittoor,Total,Graduate and above other than technical degree,191967,125647,66320,107661,87951,19710,8076,5614,2462,3722,2728,994,76230,32082,44148,20480,11466,9014
B0103,28,554,District - Chittoor,Total,Technical degree or diploma equal to degree or post-graduate degree,75935,49248,26687,38808,28812,9996,2722,1768,954,1482,1010,472,34405,18668,15737,13303,8063,5240
B0103,28,554,District - Chittoor,Rural,Total,2942678,1474052,1468626,1274062,781868,492194,216457,87713,128744,73934,36904,37030,1452159,604471,847688,77754,33667,44087
B0103,28,554,District - Chittoor,Rural,Illiterate,1185462,475301,710161,482172,216392,265780,97376,27911,69465,29929,10719,19210,605914,230998,374916,11243,2336,8907
B0103,28,554,District - Chittoor,Rural,Literate,1757216,998751,758465,791890,565476,226414,119081,59802,59279,44005,26185,17820,846245,373473,472772,66511,31331,35180
B0103,28,554,District - Chittoor,Rural,Literate but below matric/secondary,1021515,548564,472951,423490,285886,137604,68245,31174,37071,23243,12617,10626,529780,231504,298276,16800,5173,11627
B0103,28,554,District - Chittoor,Rural,Matric/secondary but below graduate,452938,271475,181463,207818,160373,47445,30114,16886,13228,11627,7622,4005,215006,94216,120790,27457,13119,14338
B0103,28,554,District - Chittoor,Rural,Technical diploma or certificate not equal to degree,22244,17681,4563,11752,10330,1422,1453,1206,247,849,715,134,9039,6145,2894,2730,1963,767
B0103,28,554,District - Chittoor,Rural,Graduate and above other than technical degree,82916,58067,24849,47345,39221,8124,4767,3324,1443,2439,1825,614,30804,15522,15282,9362,5490,3872
B0103,28,554,District - Chittoor,Rural,Technical degree or diploma equal to degree or post-graduate degree,31392,21421,9971,15379,11741,3638,1415,961,454,848,600,248,14598,8719,5879,5829,3691,2138
B0103,28,554,District - Chittoor,Urban,Total,1231386,616152,615234,395790,305295,90495,47048,27347,19701,14931,9680,5251,788548,283510,505038,57088,25026,32062
B0103,28,554,District - Chittoor,Urban,Illiterate,320724,130109,190615,73303,42088,31215,13136,5521,7615,3810,1944,1866,234285,82500,151785,4812,960,3852
B0103,28,554,District - Chittoor,Urban,Literate,910662,486043,424619,322487,263207,59280,33912,21826,12086,11121,7736,3385,554263,201010,353253,52276,24066,28210
B0103,28,554,District - Chittoor,Urban,Literate but below matric/secondary,400957,198722,202235,110602,88576,22026,15741,9481,6260,4608,3107,1501,274614,100665,173949,10107,3017,7090
B0103,28,554,District - Chittoor,Urban,Matric/secondary but below graduate,283265,150865,132400,94083,81437,12646,9879,6798,3081,3291,2365,926,179303,62630,116673,19049,8551,10498
B0103,28,554,District - Chittoor,Urban,Technical diploma or certificate not equal to degree,16144,11951,4193,9412,8054,1358,558,460,98,245,201,44,6174,3437,2737,1659,1042,617
B0103,28,554,District - Chittoor,Urban,Graduate and above other than technical degree,109051,67580,41471,60316,48730,11586,3309,2290,1019,1283,903,380,45426,16560,28866,11118,5976,5142
B0103,28,554,District - Chittoor,Urban,Technical degree or diploma equal to degree or post-graduate degree,44543,27827,16716,23429,17071,6358,1307,807,500,634,410,224,19807,9949,9858,7474,4372,3102
B0103,29,555,District - Belgaum,Total,Total,4779661,2423063,2356598,1734501,1238010,496491,371167,134412,236755,75008,40010,34998,2673993,1050641,1623352,104273,48238,56035
B0103,29,555,District - Belgaum,Total,Illiterate,1727629,697515,1030114,540388,277190,263198,142246,26241,116005,22490,6433,16057,1044995,394084,650911,11042,2136,8906
B0103,29,555,District - Belgaum,Total,Literate,3052032,1725548,1326484,1194113,960820,233293,228921,108171,120750,52518,33577,18941,1628998,656557,972441,93231,46102,47129
B0103,29,555,District - Belgaum,Total,Literate but below matric/secondary,1733102,916843,816259,554380,419878,134502,126891,50027,76864,23094,12397,10697,1051831,446938,604893,24664,9482,15182
B0103,29,555,District - Belgaum,Total,Matric/secondary but below graduate,867051,523953,343098,390849,339772,51077,67568,38664,28904,18846,13723,5123,408634,145517,263117,42654,22336,20318
B0103,29,555,District - Belgaum,Total,Technical diploma or certificate not equal to degree,44697,34124,10573,25917,20826,5091,2551,2103,448,1197,1046,151,16229,11195,5034,3999,3075,924
B0103,29,555,District - Belgaum,Total,Graduate and above other than technical degree,153030,105271,47759,92159,79785,12374,7676,5521,2155,2935,2320,615,53195,19965,33230,9493,5151,4342
B0103,29,555,District - Belgaum,Total,Technical degree or diploma equal to degree or post-graduate degree,51548,33387,18161,28014,21270,6744,2740,1781,959,1490,981,509,20794,10336,10458,6978,3533,3445
B0103,29,555,District - Belgaum,Rural,Total,3568466,1811094,1757372,1355409,932494,422915,320585,104212,216373,64405,32669,31736,1892472,774388,1118084,71395,33228,38167
B0103,29,555,District - Belgaum,Rural,Illiterate,1433674,577292,856382,486949,246334,240615,130386,22113,108273,20507,5532,14975,816339,308845,507494,8851,1562,7289
B0103,29,555,District - Belgaum,Rural,Literate,2134792,1233802,900990,868460,686160,182300,190199,82099,108100,43898,27137,16761,1076133,465543,610590,62544,31666,30878
B0103,29,555,District - Belgaum,Rural,Literate but below matric/secondary,1325690,712573,613117,454435,336706,117729,112351,41156,71195,20299,10402,9897,758904,334711,424193,17999,6640,11359
B0103,29,555,District - Belgaum,Rural,Matric/secondary but below graduate,549244,351233,198011,267445,230367,37078,51996,27253,24743,15113,10689,4424,229803,93613,136190,28953,15696,13257
B0103,29,555,District - Belgaum,Rural,Technical diploma or certificate not equal to degree,22824,18680,4144,12540,10511,2029,1710,1457,253,949,850,99,8574,6712,1862,2597,2077,520
B0103,29,555,District - Belgaum,Rural,Graduate and above other than technical degree,64439,51008,13431,41934,38503,3431,4454,3303,1151,2119,1763,356,18051,9202,8849,5018,3178,1840
B0103,29,555,District - Belgaum,Rural,Technical degree or diploma equal to degree or post-graduate degree,22679,15426,7253,11584,9267,2317,1705,1132,573,1133,782,351,9390,5027,4363,4231,2274,1957
B0103,29,555,District - Belgaum,Urban,Total,1211195,611969,599226,379092,305516,73576,50582,30200,20382,10603,7341,3262,781521,276253,505268,32878,15010,17868
B0103,29,555,District - Belgaum,Urban,Illiterate,293955,120223,173732,53439,30856,22583,11860,4128,7732,1983,901,1082,228656,85239,143417,2191,574,1617
B0103,29,555,District - Belgaum,Urban,Literate,917240,491746,425494,325653,274660,50993,38722,26072,12650,8620,6440,2180,552865,191014,361851,30687,14436,16251
B0103,29,555,District - Belgaum,Urban,Literate but below matric/secondary,407412,204270,203142,99945,83172,16773,14540,8871,5669,2795,1995,800,292927,112227,180700,6665,2842,3823
B0103,29,555,District - Belgaum,Urban,Matric/secondary but below graduate,317807,172720,145087,123404,109405,13999,15572,11411,4161,3733,3034,699,178831,51904,126927,13701,6640,7061
B0103,29,555,District - Belgaum,Urban,Technical diploma or certificate not equal to degree,21873,15444,6429,13377,10315,3062,841,646,195,248,196,52,7655,4483,3172,1402,998,404
B0103,29,555,District - Belgaum,Urban,Graduate and above other than technical degree,88591,54263,34328,50225,41282,8943,3222,2218,1004,816,557,259,35144,10763,24381,4475,1973,2502
B0103,29,555,District - Belgaum,Urban,Technical degree or diploma equal to degree or post-graduate degree,28869,17961,10908,16430,12003,4427,1035,649,386,357,199,158,11404,5309,6095,2747,1259,1488
B0103,29,556,District - Bagalkot ,Total,Total,1889752,950111,939641,676407,455410,220997,141674,56165,85509,41172,20527,20645,1071671,438536,633135,42151,20079,22072
B0103,29,556,District - Bagalkot ,Total,Illiterate,776340,308723,467617,254424,122331,132093,66456,15043,51413,17319,4960,12359,455460,171349,284111,5874,1141,4733
B0103,29,556,District - Bagalkot ,Total,Literate,1113412,641388,472024,421983,333079,88904,75218,41122,34096,23853,15567,8286,616211,267187,349024,36277,18938,17339
B0103,29,556,District - Bagalkot ,Total,Literate but below matric/secondary,670840,361591,309249,210763,157212,53551,42495,20384,22111,12046,6929,5117,417582,183995,233587,9640,3857,5783
B0103,29,556,District - Bagalkot ,Total,Matric/secondary but below graduate,273104,168438,104666,117190,100108,17082,19311,12501,6810,7001,5185,1816,136603,55829,80774,15449,8386,7063
B0103,29,556,District - Bagalkot ,Total,Technical diploma or certificate not equal to degree,22257,17923,4334,12543,10567,1976,1473,1242,231,745,664,81,8241,6114,2127,2279,1846,433
B0103,29,556,District - Bagalkot ,Total,Graduate and above other than technical degree,51069,37126,13943,31329,27393,3936,2951,2281,670,1282,1021,261,16789,7452,9337,3614,2138,1476
B0103,29,556,District - Bagalkot ,Total,Technical degree or diploma equal to degree or post-graduate degree,21650,14521,7129,11454,8977,2477,1261,846,415,668,458,210,8935,4698,4237,3089,1658,1431
B0103,29,556,District - Bagalkot ,Rural,Total,1291906,650267,641639,485014,312009,173005,110378,39287,71091,32061,15192,16869,696514,298971,397543,24396,12422,11974
B0103,29,556,District - Bagalkot ,Rural,Illiterate,586994,233421,353573,208740,98497,110243,55851,11569,44282,14451,3898,10553,322403,123355,199048,3684,708,2976
B0103,29,556,District - Bagalkot ,Rural,Literate,704912,416846,288066,276274,213512,62762,54527,27718,26809,17610,11294,6316,374111,175616,198495,20712,11714,8998
B0103,29,556,District - Bagalkot ,Rural,Literate but below matric/secondary,461707,253761,207946,153879,112009,41870,32809,14515,18294,9581,5356,4225,275019,127237,147782,5851,2406,3445
B0103,29,556,District - Bagalkot ,Rural,Matric/secondary but below graduate,154084,102918,51166,71978,61124,10854,13003,8164,4839,4998,3736,1262,69103,33630,35473,9078,5442,3636
B0103,29,556,District - Bagalkot ,Rural,Technical diploma or certificate not equal to degree,10833,9287,1546,5856,5161,695,858,747,111,495,448,47,4119,3379,740,1341,1134,207
B0103,29,556,District - Bagalkot ,Rural,Graduate and above other than technical degree,18501,15078,3423,11686,10718,968,1387,1125,262,658,568,90,5428,3235,2193,1625,1122,503
B0103,29,556,District - Bagalkot ,Rural,Technical degree or diploma equal to degree or post-graduate degree,8247,5996,2251,4340,3616,724,557,400,157,329,253,76,3350,1980,1370,1496,915,581
B0103,29,556,District - Bagalkot ,Urban,Total,597846,299844,298002,191393,143401,47992,31296,16878,14418,9111,5335,3776,375157,139565,235592,17755,7657,10098
B0103,29,556,District - Bagalkot ,Urban,Illiterate,189346,75302,114044,45684,23834,21850,10605,3474,7131,2868,1062,1806,133057,47994,85063,2190,433,1757
B0103,29,556,District - Bagalkot ,Urban,Literate,408500,224542,183958,145709,119567,26142,20691,13404,7287,6243,4273,1970,242100,91571,150529,15565,7224,8341
B0103,29,556,District - Bagalkot ,Urban,Literate but below matric/secondary,209133,107830,101303,56884,45203,11681,9686,5869,3817,2465,1573,892,142563,56758,85805,3789,1451,2338
B0103,29,556,District - Bagalkot ,Urban,Matric/secondary but below graduate,119020,65520,53500,45212,38984,6228,6308,4337,1971,2003,1449,554,67500,22199,45301,6371,2944,3427
B0103,29,556,District - Bagalkot ,Urban,Technical diploma or certificate not equal to degree,11424,8636,2788,6687,5406,1281,615,495,120,250,216,34,4122,2735,1387,938,712,226
B0103,29,556,District - Bagalkot ,Urban,Graduate and above other than technical degree,32568,22048,10520,19643,16675,2968,1564,1156,408,624,453,171,11361,4217,7144,1989,1016,973
B0103,29,556,District - Bagalkot ,Urban,Technical degree or diploma equal to degree or post-graduate degree,13403,8525,4878,7114,5361,1753,704,446,258,339,205,134,5585,2718,2867,1593,743,850
B0103,29,557,District - Bijapur,Total,Total,2177331,1111022,1066309,760083,508406,251677,167639,71705,95934,53366,28152,25214,1249609,530911,718698,56225,28189,28036
B0103,29,557,District - Bijapur,Total,Illiterate,929063,380456,548607,314059,155679,158380,79133,20521,58612,23411,7725,15686,535871,204256,331615,9215,2061,7154
B0103,29,557,District - Bijapur,Total,Literate,1248268,730566,517702,446024,352727,93297,88506,51184,37322,29955,20427,9528,713738,326655,387083,47010,26128,20882
B0103,29,557,District - Bijapur,Total,Literate but below matric/secondary,722836,393771,329065,205948,152984,52964,45452,23052,22400,14230,8641,5589,471436,217735,253701,12474,5348,7126
B0103,29,557,District - Bijapur,Total,Matric/secondary but below graduate,305609,192207,113402,124411,106277,18134,23518,15747,7771,8685,6691,1994,157680,70183,87497,19493,11135,8358
B0103,29,557,District - Bijapur,Total,Technical diploma or certificate not equal to degree,25002,20217,4785,13639,11422,2217,1857,1564,293,886,798,88,9506,7231,2275,2636,2190,446
B0103,29,557,District - Bijapur,Total,Graduate and above other than technical degree,62876,47123,15753,37302,33067,4235,4510,3606,904,1790,1480,310,21064,10450,10614,4658,3064,1594
B0103,29,557,District - Bijapur,Total,Technical degree or diploma equal to degree or post-graduate degree,27756,19121,8635,13622,10988,2634,1924,1355,569,946,695,251,12210,6778,5432,4129,2529,1600
B0103,29,557,District - Bijapur,Rural,Total,1675353,857562,817791,622769,400548,222221,137791,53467,84324,45347,22530,22817,914793,403547,511246,37763,19724,18039
B0103,29,557,District - Bijapur,Rural,Illiterate,781221,319162,462059,285681,138896,146785,71298,17232,54066,21637,6813,14824,424242,163034,261208,7064,1541,5523
B0103,29,557,District - Bijapur,Rural,Literate,894132,538400,355732,337088,261652,75436,66493,36235,30258,23710,15717,7993,490551,240513,250038,30699,18183,12516
B0103,29,557,District - Bijapur,Rural,Literate but below matric/secondary,566374,315839,250535,176198,128445,47753,37340,17968,19372,12250,7164,5086,352836,169426,183410,8882,3923,4959
B0103,29,557,District - Bijapur,Rural,Matric/secondary but below graduate,201854,136062,65792,90804,76901,13903,16534,10767,5767,6566,5043,1523,94516,48394,46122,12925,7992,4933
B0103,29,557,District - Bijapur,Rural,Technical diploma or certificate not equal to degree,15815,13676,2139,8566,7559,1007,1207,1055,152,646,599,47,6042,5062,980,1914,1665,249
B0103,29,557,District - Bijapur,Rural,Graduate and above other than technical degree,28623,23932,4691,18306,16904,1402,2100,1755,345,1058,931,127,8217,5273,2944,2491,1852,639
B0103,29,557,District - Bijapur,Rural,Technical degree or diploma equal to degree or post-graduate degree,12957,9718,3239,6346,5462,884,912,694,218,566,451,115,5699,3562,2137,2470,1648,822
B0103,29,557,District - Bijapur,Urban,Total,501978,253460,248518,137314,107858,29456,29848,18238,11610,8019,5622,2397,334816,127364,207452,18462,8465,9997
B0103,29,557,District - Bijapur,Urban,Illiterate,147842,61294,86548,28378,16783,11595,7835,3289,4546,1774,912,862,111629,41222,70407,2151,520,1631
B0103,29,557,District - Bijapur,Urban,Literate,354136,192166,161970,108936,91075,17861,22013,14949,7064,6245,4710,1535,223187,86142,137045,16311,7945,8366
B0103,29,557,District - Bijapur,Urban,Literate but below matric/secondary,156462,77932,78530,29750,24539,5211,8112,5084,3028,1980,1477,503,118600,48309,70291,3592,1425,2167
B0103,29,557,District - Bijapur,Urban,Matric/secondary but below graduate,103755,56145,47610,33607,29376,4231,6984,4980,2004,2119,1648,471,63164,21789,41375,6568,3143,3425
B0103,29,557,District - Bijapur,Urban,Technical diploma or certificate not equal to degree,9187,6541,2646,5073,3863,1210,650,509,141,240,199,41,3464,2169,1295,722,525,197
B0103,29,557,District - Bijapur,Urban,Graduate and above other than technical degree,34253,23191,11062,18996,16163,2833,2410,1851,559,732,549,183,12847,5177,7670,2167,1212,955
B0103,29,557,District - Bijapur,Urban,Technical degree or diploma equal to degree or post-graduate degree,14799,9403,5396,7276,5526,1750,1012,661,351,380,244,136,6511,3216,3295,1659,881,778
B0103,29,558,District - Bidar,Total,Total,1703300,870665,832635,551763,384430,167333,150845,74620,76225,54184,30510,23674,1000692,411615,589077,56461,27582,28879
B0103,29,558,District - Bidar,Total,Illiterate,660627,273467,387160,205501,106002,99499,66863,21727,45136,21590,8111,13479,388263,145738,242525,7803,1906,5897
B0103,29,558,District - Bidar,Total,Literate,1042673,597198,445475,346262,278428,67834,83982,52893,31089,32594,22399,10195,612429,265877,346552,48658,25676,22982
B0103,29,558,District - Bidar,Total,Literate but below matric/secondary,586595,315298,271297,147997,113506,34491,41978,24358,17620,15406,9954,5452,396620,177434,219186,14538,6751,7787
B0103,29,558,District - Bidar,Total,Matric/secondary but below graduate,294697,176947,117750,116396,99147,17249,26277,18198,8079,10826,7939,2887,152024,59602,92422,21190,10949,10241
B0103,29,558,District - Bidar,Total,Technical diploma or certificate not equal to degree,15515,12947,2568,7767,6629,1138,1255,1122,133,682,624,58,6493,5196,1297,2081,1792,289
B0103,29,558,District - Bidar,Total,Graduate and above other than technical degree,46994,34600,12394,27481,24240,3241,3461,2808,653,1542,1255,287,16052,7552,8500,3848,2323,1525
B0103,29,558,District - Bidar,Total,Technical degree or diploma equal to degree or post-graduate degree,26287,17549,8738,12421,9781,2640,1688,1165,523,932,646,286,12178,6603,5575,4062,2443,1619
B0103,29,558,District - Bidar,Rural,Total,1277348,651250,626098,437926,293463,144463,128373,60320,68053,46649,25868,20781,711049,297467,413582,36627,18044,18583
B0103,29,558,District - Bidar,Rural,Illiterate,537637,220569,317068,181716,91185,90531,60348,18859,41489,19569,7210,12359,295573,110525,185048,5654,1297,4357
B0103,29,558,District - Bidar,Rural,Literate,739711,430681,309030,256210,202278,53932,68025,41461,26564,27080,18658,8422,415476,186942,228534,30973,16747,14226
B0103,29,558,District - Bidar,Rural,Literate but below matric/secondary,445504,242181,203323,121071,90589,30482,35943,20205,15738,13480,8669,4811,288490,131387,157103,10286,4832,5454
B0103,29,558,District - Bidar,Rural,Matric/secondary but below graduate,194518,122628,71890,83633,70659,12974,20389,13868,6521,8769,6547,2222,90496,38101,52395,13312,7087,6225
B0103,29,558,District - Bidar,Rural,Technical diploma or certificate not equal to degree,9141,8144,997,4458,4059,399,860,804,56,509,481,28,3823,3281,542,1323,1171,152
B0103,29,558,District - Bidar,Rural,Graduate and above other than technical degree,21528,17242,4286,13067,11924,1143,1887,1562,325,946,822,124,6574,3756,2818,1905,1283,622
B0103,29,558,District - Bidar,Rural,Technical degree or diploma equal to degree or post-graduate degree,12309,8783,3526,5826,4808,1018,928,657,271,584,433,151,5555,3318,2237,2134,1362,772
B0103,29,558,District - Bidar,Urban,Total,425952,219415,206537,113837,90967,22870,22472,14300,8172,7535,4642,2893,289643,114148,175495,19834,9538,10296
B0103,29,558,District - Bidar,Urban,Illiterate,122990,52898,70092,23785,14817,8968,6515,2868,3647,2021,901,1120,92690,35213,57477,2149,609,1540
B0103,29,558,District - Bidar,Urban,Literate,302962,166517,136445,90052,76150,13902,15957,11432,4525,5514,3741,1773,196953,78935,118018,17685,8929,8756
B0103,29,558,District - Bidar,Urban,Literate but below matric/secondary,141091,73117,67974,26926,22917,4009,6035,4153,1882,1926,1285,641,108130,46047,62083,4252,1919,2333
B0103,29,558,District - Bidar,Urban,Matric/secondary but below graduate,100179,54319,45860,32763,28488,4275,5888,4330,1558,2057,1392,665,61528,21501,40027,7878,3862,4016
B0103,29,558,District - Bidar,Urban,Technical diploma or certificate not equal to degree,6374,4803,1571,3309,2570,739,395,318,77,173,143,30,2670,1915,755,758,621,137
B0103,29,558,District - Bidar,Urban,Graduate and above other than technical degree,25466,17358,8108,14414,12316,2098,1574,1246,328,596,433,163,9478,3796,5682,1943,1040,903
B0103,29,558,District - Bidar,Urban,Technical degree or diploma equal to degree or post-graduate degree,13978,8766,5212,6595,4973,1622,760,508,252,348,213,135,6623,3285,3338,1928,1081,847
B0103,29,559,District - Raichur,Total,Total,1928812,964511,964301,725985,461421,264564,177428,68952,108476,58886,27079,31807,1025399,434138,591261,48002,21702,26300
B0103,29,559,District - Raichur,Total,Illiterate,949043,387298,561745,368647,177759,190888,104212,26912,77300,32183,9911,22272,476184,182627,293557,10088,2003,8085
B0103,29,559,District - Raichur,Total,Literate,979769,577213,402556,357338,283662,73676,73216,42040,31176,26703,17168,9535,549215,251511,297704,37914,19699,18215
B0103,29,559,District - Raichur,Total,Literate but below matric/secondary,621461,347579,273882,188774,143003,45771,44921,23291,21630,14936,8714,6222,387766,181285,206481,12232,5333,6899
B0103,29,559,District - Raichur,Total,Matric/secondary but below graduate,230096,144505,85591,97500,83653,13847,17210,11515,5695,7155,5157,1998,115386,49337,66049,16263,8683,7580
B0103,29,559,District - Raichur,Total,Technical diploma or certificate not equal to degree,13312,10806,2506,7011,5870,1141,958,827,131,517,463,54,5343,4109,1234,1600,1322,278
B0103,29,559,District - Raichur,Total,Graduate and above other than technical degree,43551,31255,12296,25976,22672,3304,2773,2165,608,1239,1003,236,14802,6418,8384,3586,2145,1441
B0103,29,559,District - Raichur,Total,Technical degree or diploma equal to degree or post-graduate degree,16760,10784,5976,8973,6520,2453,1081,728,353,600,414,186,6706,3536,3170,2346,1332,1014
B0103,29,559,District - Raichur,Rural,Total,1438464,717972,720492,575393,346712,228681,151600,54336,97264,49404,21473,27931,711471,316924,394547,27630,12751,14879
B0103,29,559,District - Raichur,Rural,Illiterate,779024,318385,460639,323935,152398,171537,94775,23459,71316,28913,8679,20234,360314,142528,217786,7123,1427,5696
B0103,29,559,District - Raichur,Rural,Literate,659440,399587,259853,251458,194314,57144,56825,30877,25948,20491,12794,7697,351157,174396,176761,20507,11324,9183
B0103,29,559,District - Raichur,Rural,Literate but below matric/secondary,466339,268149,198190,154165,114341,39824,37856,18795,19061,12592,7163,5429,274318,135013,139305,8051,3711,4340
B0103,29,559,District - Raichur,Rural,Matric/secondary but below graduate,129280,87283,41997,60334,50808,9526,11878,7706,4172,4910,3530,1380,57068,28769,28299,8331,4816,3515
B0103,29,559,District - Raichur,Rural,Technical diploma or certificate not equal to degree,5385,4612,773,2716,2368,348,460,407,53,252,232,20,2209,1837,372,686,584,102
B0103,29,559,District - Raichur,Rural,Graduate and above other than technical degree,16002,12974,3028,9889,8978,911,1228,1011,217,592,511,81,4885,2985,1900,1435,1074,361
B0103,29,559,District - Raichur,Rural,Technical degree or diploma equal to degree or post-graduate degree,6073,4153,1920,3257,2384,873,455,335,120,290,218,72,2361,1434,927,992,640,352
B0103,29,559,District - Raichur,Urban,Total,490348,246539,243809,150592,114709,35883,25828,14616,11212,9482,5606,3876,313928,117214,196714,20372,8951,11421
B0103,29,559,District - Raichur,Urban,Illiterate,170019,68913,101106,44712,25361,19351,9437,3453,5984,3270,1232,2038,115870,40099,75771,2965,576,2389
B0103,29,559,District - Raichur,Urban,Literate,320329,177626,142703,105880,89348,16532,16391,11163,5228,6212,4374,1838,198058,77115,120943,17407,8375,9032
B0103,29,559,District - Raichur,Urban,Literate but below matric/secondary,155122,79430,75692,34609,28662,5947,7065,4496,2569,2344,1551,793,113448,46272,67176,4181,1622,2559
B0103,29,559,District - Raichur,Urban,Matric/secondary but below graduate,100816,57222,43594,37166,32845,4321,5332,3809,1523,2245,1627,618,58318,20568,37750,7932,3867,4065
B0103,29,559,District - Raichur,Urban,Technical diploma or certificate not equal to degree,7927,6194,1733,4295,3502,793,498,420,78,265,231,34,3134,2272,862,914,738,176
B0103,29,559,District - Raichur,Urban,Graduate and above other than technical degree,27549,18281,9268,16087,13694,2393,1545,1154,391,647,492,155,9917,3433,6484,2151,1071,1080
B0103,29,559,District - Raichur,Urban,Technical degree or diploma equal to degree or post-graduate degree,10687,6631,4056,5716,4136,1580,626,393,233,310,196,114,4345,2102,2243,1354,692,662
B0103,29,560,District - Koppal,Total,Total,1389920,699926,689994,508089,329092,178997,146677,58882,87795,44588,21310,23278,735154,311952,423202,29716,13323,16393
B0103,29,560,District - Koppal,Total,Illiterate,580835,231141,349694,196438,89928,106510,67814,16313,51501,18644,5507,13137,316583,124900,191683,4846,900,3946
B0103,29,560,District - Koppal,Total,Literate,809085,468785,340300,311651,239164,72487,78863,42569,36294,25944,15803,10141,418571,187052,231519,24870,12423,12447
B0103,29,560,District - Koppal,Total,Literate but below matric/secondary,527791,296710,231081,178384,133342,45042,49402,25461,23941,15373,8894,6479,300005,137907,162098,8201,3319,4882
B0103,29,560,District - Koppal,Total,Matric/secondary but below graduate,166798,102245,64553,70744,59122,11622,15517,9815,5702,5744,3997,1747,80537,33308,47229,10389,5352,5037
B0103,29,560,District - Koppal,Total,Technical diploma or certificate not equal to degree,12275,10366,1909,6594,5691,903,1000,893,107,488,457,31,4681,3782,899,1325,1148,177
B0103,29,560,District - Koppal,Total,Graduate and above other than technical degree,27969,20122,7847,16909,14790,2119,1882,1482,400,802,635,167,9178,3850,5328,2096,1220,876
B0103,29,560,District - Koppal,Total,Technical degree or diploma equal to degree or post-graduate degree,10942,7247,3695,6010,4553,1457,790,554,236,442,319,123,4142,2140,2002,1554,838,716
B0103,29,560,District - Koppal,Rural,Total,1156216,582958,573258,434543,272414,162129,133240,51473,81767,40042,18506,21536,588433,259071,329362,22098,10152,11946
B0103,29,560,District - Koppal,Rural,Illiterate,505215,200688,304527,178356,80018,98338,62724,14463,48261,16927,4751,12176,264135,106207,157928,3854,729,3125
B0103,29,560,District - Koppal,Rural,Literate,651001,382270,268731,256187,192396,63791,70516,37010,33506,23115,13755,9360,324298,152864,171434,18244,9423,8821
B0103,29,560,District - Koppal,Rural,Literate but below matric/secondary,443240,252886,190354,155910,114692,41218,44988,22671,22317,13900,7855,6045,242342,115523,126819,6339,2632,3707
B0103,29,560,District - Koppal,Rural,Matric/secondary but below graduate,122736,77860,44876,53786,44045,9741,13320,8259,5061,4978,3416,1562,55630,25556,30074,7565,4060,3505
B0103,29,560,District - Koppal,Rural,Technical diploma or certificate not equal to degree,8522,7345,1177,4401,3854,547,808,719,89,398,373,25,3313,2772,541,948,832,116
B0103,29,560,District - Koppal,Rural,Graduate and above other than technical degree,15475,11818,3657,9267,8264,1003,1320,1057,263,599,486,113,4888,2497,2391,1303,839,464
B0103,29,560,District - Koppal,Rural,Technical degree or diploma equal to degree or post-graduate degree,6770,4706,2064,3615,2816,799,602,436,166,356,266,90,2553,1454,1099,1058,628,430
B0103,29,560,District - Koppal,Urban,Total,233704,116968,116736,73546,56678,16868,13437,7409,6028,4546,2804,1742,146721,52881,93840,7618,3171,4447
B0103,29,560,District - Koppal,Urban,Illiterate,75620,30453,45167,18082,9910,8172,5090,1850,3240,1717,756,961,52448,18693,33755,992,171,821
B0103,29,560,District - Koppal,Urban,Literate,158084,86515,71569,55464,46768,8696,8347,5559,2788,2829,2048,781,94273,34188,60085,6626,3000,3626
B0103,29,560,District - Koppal,Urban,Literate but below matric/secondary,84551,43824,40727,22474,18650,3824,4414,2790,1624,1473,1039,434,57663,22384,35279,1862,687,1175
B0103,29,560,District - Koppal,Urban,Matric/secondary but below graduate,44062,24385,19677,16958,15077,1881,2197,1556,641,766,581,185,24907,7752,17155,2824,1292,1532
B0103,29,560,District - Koppal,Urban,Technical diploma or certificate not equal to degree,3753,3021,732,2193,1837,356,192,174,18,90,84,6,1368,1010,358,377,316,61
B0103,29,560,District - Koppal,Urban,Graduate and above other than technical degree,12494,8304,4190,7642,6526,1116,562,425,137,203,149,54,4290,1353,2937,793,381,412
B0103,29,560,District - Koppal,Urban,Technical degree or diploma equal to degree or post-graduate degree,4172,2541,1631,2395,1737,658,188,118,70,86,53,33,1589,686,903,496,210,286
B0103,29,561,District - Gadag,Total,Total,1064570,537147,527423,423451,282087,141364,72271,28325,43946,17609,9522,8087,568848,226735,342113,25498,11838,13660
B0103,29,561,District - Gadag,Total,Illiterate,364393,139969,224424,124801,54153,70648,26163,5284,20879,5012,1511,3501,213429,80532,132897,2199,456,1743
B0103,29,561,District - Gadag,Total,Literate,700177,397178,302999,298650,227934,70716,46108,23041,23067,12597,8011,4586,355419,146203,209216,23299,11382,11917
B0103,29,561,District - Gadag,Total,Literate but below matric/secondary,413001,222045,190956,155500,111605,43895,25850,11332,14518,6004,3384,2620,231651,99108,132543,5896,2446,3450
B0103,29,561,District - Gadag,Total,Matric/secondary but below graduate,180441,107287,73154,82784,69092,13692,12147,6993,5154,3876,2714,1162,85510,31202,54308,10257,4932,5325
B0103,29,561,District - Gadag,Total,Technical diploma or certificate not equal to degree,14526,11677,2849,7959,6655,1304,964,814,150,494,434,60,5603,4208,1395,1499,1209,290
B0103,29,561,District - Gadag,Total,Graduate and above other than technical degree,31832,22633,9199,19581,17004,2577,1778,1340,438,712,546,166,10473,4289,6184,2306,1259,1047
B0103,29,561,District - Gadag,Total,Technical degree or diploma equal to degree or post-graduate degree,12673,7943,4730,6469,4983,1486,757,463,294,444,270,174,5447,2497,2950,2098,979,1119
B0103,29,561,District - Gadag,Rural,Total,685261,347585,337676,294790,187224,107566,51865,17101,34764,11622,5713,5909,338606,143260,195346,13571,6879,6692
B0103,29,561,District - Gadag,Rural,Illiterate,255588,96884,158704,96407,40347,56060,19885,3290,16595,3392,844,2548,139296,53247,86049,1296,268,1028
B0103,29,561,District - Gadag,Rural,Literate,429673,250701,178972,198383,146877,51506,31980,13811,18169,8230,4869,3361,199310,90013,109297,12275,6611,5664
B0103,29,561,District - Gadag,Rural,Literate but below matric/secondary,274265,151558,122707,114657,80168,34489,18977,7194,11783,4067,2022,2045,140631,64196,76435,3398,1594,1804
B0103,29,561,District - Gadag,Rural,Matric/secondary but below graduate,100090,62977,37113,50978,41483,9495,7998,4012,3986,2500,1670,830,41114,17482,23632,5376,2835,2541
B0103,29,561,District - Gadag,Rural,Technical diploma or certificate not equal to degree,7489,6463,1026,4020,3574,446,556,486,70,319,285,34,2913,2403,510,846,706,140
B0103,29,561,District - Gadag,Rural,Graduate and above other than technical degree,11962,9477,2485,7743,7022,721,827,609,218,384,309,75,3392,1846,1546,1001,617,384
B0103,29,561,District - Gadag,Rural,Technical degree or diploma equal to degree or post-graduate degree,5328,3533,1795,2604,2121,483,399,252,147,270,184,86,2325,1160,1165,1010,519,491
B0103,29,561,District - Gadag,Urban,Total,379309,189562,189747,128661,94863,33798,20406,11224,9182,5987,3809,2178,230242,83475,146767,11927,4959,6968
B0103,29,561,District - Gadag,Urban,Illiterate,108805,43085,65720,28394,13806,14588,6278,1994,4284,1620,667,953,74133,27285,46848,903,188,715
B0103,29,561,District - Gadag,Urban,Literate,270504,146477,124027,100267,81057,19210,14128,9230,4898,4367,3142,1225,156109,56190,99919,11024,4771,6253
B0103,29,561,District - Gadag,Urban,Literate but below matric/secondary,138736,70487,68249,40843,31437,9406,6873,4138,2735,1937,1362,575,91020,34912,56108,2498,852,1646
B0103,29,561,District - Gadag,Urban,Matric/secondary but below graduate,80351,44310,36041,31806,27609,4197,4149,2981,1168,1376,1044,332,44396,13720,30676,4881,2097,2784
B0103,29,561,District - Gadag,Urban,Technical diploma or certificate not equal to degree,7037,5214,1823,3939,3081,858,408,328,80,175,149,26,2690,1805,885,653,503,150
B0103,29,561,District - Gadag,Urban,Graduate and above other than technical degree,19870,13156,6714,11838,9982,1856,951,731,220,328,237,91,7081,2443,4638,1305,642,663
B0103,29,561,District - Gadag,Urban,Technical degree or diploma equal to degree or post-graduate degree,7345,4410,2935,3865,2862,1003,358,211,147,174,86,88,3122,1337,1785,1088,460,628
B0103,29,562,District - Dharwad,Total,Total,1847023,937206,909817,690948,500900,190048,93885,42876,51009,22311,13858,8453,1062190,393430,668760,48056,21117,26939
B0103,29,562,District - Dharwad,Total,Illiterate,545359,225430,319929,169663,85569,84094,28267,7083,21184,4692,1874,2818,347429,132778,214651,3319,826,2493
B0103,29,562,District - Dharwad,Total,Literate,1301664,711776,589888,521285,415331,105954,65618,35793,29825,17619,11984,5635,714761,260652,454109,44737,20291,24446
B0103,29,562,District - Dharwad,Total,Literate but below matric/secondary,705415,367969,337446,240971,183094,57877,35623,17203,18420,7773,4948,2825,428821,167672,261149,10857,4234,6623
B0103,29,562,District - Dharwad,Total,Matric/secondary but below graduate,372532,206265,166267,156373,134301,22072,19096,11948,7148,6063,4460,1603,197063,60016,137047,19967,9161,10806
B0103,29,562,District - Dharwad,Total,Technical diploma or certificate not equal to degree,33859,25830,8029,20071,16804,3267,1635,1349,286,693,590,103,12153,7677,4476,2670,1938,732
B0103,29,562,District - Dharwad,Total,Graduate and above other than technical degree,103621,63606,40015,58571,47853,10718,3889,2643,1246,1416,973,443,41161,13110,28051,6049,2570,3479
B0103,29,562,District - Dharwad,Total,Technical degree or diploma equal to degree or post-graduate degree,32344,20045,12299,17504,12808,4696,1259,756,503,616,374,242,13581,6481,7100,3592,1749,1843
B0103,29,562,District - Dharwad,Rural,Total,797484,409416,388068,352687,232906,119781,54533,17713,36820,11144,6390,4754,390264,158797,231467,13425,5986,7439
B0103,29,562,District - Dharwad,Rural,Illiterate,295530,120245,175285,116670,54694,61976,19482,3161,16321,2615,829,1786,159378,62390,96988,1126,240,886
B0103,29,562,District - Dharwad,Rural,Literate,501954,289171,212783,236017,178212,57805,35051,14552,20499,8529,5561,2968,230886,96407,134479,12299,5746,6553
B0103,29,562,District - Dharwad,Rural,Literate but below matric/secondary,334240,182982,151258,143164,102364,40800,21806,7828,13978,4125,2398,1727,169270,72790,96480,3412,1179,2233
B0103,29,562,District - Dharwad,Rural,Matric/secondary but below graduate,115438,71603,43835,61000,50477,10523,8951,4539,4412,2920,2093,827,45487,16587,28900,5629,2717,2912
B0103,29,562,District - Dharwad,Rural,Technical diploma or certificate not equal to degree,7241,6181,1060,4136,3701,435,498,428,70,286,253,33,2607,2052,555,808,642,166
B0103,29,562,District - Dharwad,Rural,Graduate and above other than technical degree,13086,10321,2765,8888,8082,806,795,583,212,391,325,66,3403,1656,1747,1022,604,418
B0103,29,562,District - Dharwad,Rural,Technical degree or diploma equal to degree or post-graduate degree,4022,2560,1462,2024,1629,395,281,162,119,187,120,67,1717,769,948,773,342,431
B0103,29,562,District - Dharwad,Urban,Total,1049539,527790,521749,338261,267994,70267,39352,25163,14189,11167,7468,3699,671926,234633,437293,34631,15131,19500
B0103,29,562,District - Dharwad,Urban,Illiterate,249829,105185,144644,52993,30875,22118,8785,3922,4863,2077,1045,1032,188051,70388,117663,2193,586,1607
B0103,29,562,District - Dharwad,Urban,Literate,799710,422605,377105,285268,237119,48149,30567,21241,9326,9090,6423,2667,483875,164245,319630,32438,14545,17893
B0103,29,562,District - Dharwad,Urban,Literate but below matric/secondary,371175,184987,186188,97807,80730,17077,13817,9375,4442,3648,2550,1098,259551,94882,164669,7445,3055,4390
B0103,29,562,District - Dharwad,Urban,Matric/secondary but below graduate,257094,134662,122432,95373,83824,11549,10145,7409,2736,3143,2367,776,151576,43429,108147,14338,6444,7894
B0103,29,562,District - Dharwad,Urban,Technical diploma or certificate not equal to degree,26618,19649,6969,15935,13103,2832,1137,921,216,407,337,70,9546,5625,3921,1862,1296,566
B0103,29,562,District - Dharwad,Urban,Graduate and above other than technical degree,90535,53285,37250,49683,39771,9912,3094,2060,1034,1025,648,377,37758,11454,26304,5027,1966,3061
B0103,29,562,District - Dharwad,Urban,Technical degree or diploma equal to degree or post-graduate degree,28322,17485,10837,15480,11179,4301,978,594,384,429,254,175,11864,5712,6152,2819,1407,1412
B0103,29,563,District - Uttara Kannada,Total,Total,1437169,726256,710913,498304,380745,117559,110222,49820,60402,29941,19135,10806,828643,295691,532952,52955,20602,32353
B0103,29,563,District - Uttara Kannada,Total,Illiterate,355263,144157,211106,81700,45740,35960,25692,6266,19426,3918,1497,2421,247871,92151,155720,2324,422,1902
B0103,29,563,District - Uttara Kannada,Total,Literate,1081906,582099,499807,416604,335005,81599,84530,43554,40976,26023,17638,8385,580772,203540,377232,50631,20180,30451
B0103,29,563,District - Uttara Kannada,Total,Literate but below matric/secondary,639237,337156,302081,223765,178677,45088,51000,24606,26394,13113,8598,4515,364472,133873,230599,13689,4941,8748
B0103,29,563,District - Uttara Kannada,Total,Matric/secondary but below graduate,254049,134924,119125,98967,82821,16146,18819,10871,7948,7543,5383,2160,136263,41232,95031,20638,8306,12332
B0103,29,563,District - Uttara Kannada,Total,Technical diploma or certificate not equal to degree,20193,15146,5047,10699,8455,2244,1429,1227,202,879,784,95,8065,5464,2601,2893,2150,743
B0103,29,563,District - Uttara Kannada,Total,Graduate and above other than technical degree,59402,35261,24141,33436,26908,6528,3021,1877,1144,1568,1059,509,22945,6476,16469,6152,2204,3948
B0103,29,563,District - Uttara Kannada,Total,Technical degree or diploma equal to degree or post-graduate degree,16080,9038,7042,8425,5912,2513,832,450,382,554,285,269,6823,2676,4147,3288,1118,2170
B0103,29,563,District - Uttara Kannada,Rural,Total,1018188,514910,503278,370334,277300,93034,92971,38193,54778,23624,14425,9199,554883,199417,355466,33407,12465,20942
B0103,29,563,District - Uttara Kannada,Rural,Illiterate,277059,111491,165568,71054,39593,31461,22984,5116,17868,3311,1196,2115,183021,66782,116239,1719,293,1426
B0103,29,563,District - Uttara Kannada,Rural,Literate,741129,403419,337710,299280,237707,61573,69987,33077,36910,20313,13229,7084,371862,132635,239227,31688,12172,19516
B0103,29,563,District - Uttara Kannada,Rural,Literate but below matric/secondary,476623,255796,220827,181033,142554,38479,44073,19601,24472,10829,6746,4083,251517,93641,157876,9699,3344,6355
B0103,29,563,District - Uttara Kannada,Rural,Matric/secondary but below graduate,154183,83052,71131,63318,52042,11276,14650,7744,6906,5619,3874,1745,76215,23266,52949,12946,5073,7873
B0103,29,563,District - Uttara Kannada,Rural,Technical diploma or certificate not equal to degree,10588,7956,2632,5383,4286,1097,903,781,122,575,511,64,4302,2889,1413,1681,1210,471
B0103,29,563,District - Uttara Kannada,Rural,Graduate and above other than technical degree,26642,16537,10105,15422,12769,2653,1915,1163,752,989,695,294,9305,2605,6700,3015,1066,1949
B0103,29,563,District - Uttara Kannada,Rural,Technical degree or diploma equal to degree or post-graduate degree,7773,4314,3459,3916,2793,1123,555,311,244,382,204,178,3302,1210,2092,1832,599,1233
B0103,29,563,District - Uttara Kannada,Urban,Total,418981,211346,207635,127970,103445,24525,17251,11627,5624,6317,4710,1607,273760,96274,177486,19548,8137,11411
B0103,29,563,District - Uttara Kannada,Urban,Illiterate,78204,32666,45538,10646,6147,4499,2708,1150,1558,607,301,306,64850,25369,39481,605,129,476
B0103,29,563,District - Uttara Kannada,Urban,Literate,340777,178680,162097,117324,97298,20026,14543,10477,4066,5710,4409,1301,208910,70905,138005,18943,8008,10935
B0103,29,563,District - Uttara Kannada,Urban,Literate but below matric/secondary,162614,81360,81254,42732,36123,6609,6927,5005,1922,2284,1852,432,112955,40232,72723,3990,1597,2393
B0103,29,563,District - Uttara Kannada,Urban,Matric/secondary but below graduate,99866,51872,47994,35649,30779,4870,4169,3127,1042,1924,1509,415,60048,17966,42082,7692,3233,4459
B0103,29,563,District - Uttara Kannada,Urban,Technical diploma or certificate not equal to degree,9605,7190,2415,5316,4169,1147,526,446,80,304,273,31,3763,2575,1188,1212,940,272
B0103,29,563,District - Uttara Kannada,Urban,Graduate and above other than technical degree,32760,18724,14036,18014,14139,3875,1106,714,392,579,364,215,13640,3871,9769,3137,1138,1999
B0103,29,563,District - Uttara Kannada,Urban,Technical degree or diploma equal to degree or post-graduate degree,8307,4724,3583,4509,3119,1390,277,139,138,172,81,91,3521,1466,2055,1456,519,937
B0103,29,564,District - Haveri,Total,Total,1597668,819128,778540,601951,438760,163191,128115,51971,76144,30921,17088,13833,867602,328397,539205,36110,15214,20896
B0103,29,564,District - Haveri,Total,Illiterate,512225,215335,296890,155306,84484,70822,40212,10284,29928,8078,2952,5126,316707,120567,196140,3449,657,2792
B0103,29,564,District - Haveri,Total,Literate,1085443,603793,481650,446645,354276,92369,87903,41687,46216,22843,14136,8707,550895,207830,343065,32661,14557,18104
B0103,29,564,District - Haveri,Total,Literate but below matric/secondary,711878,383772,328106,267862,206495,61367,57291,25373,31918,13015,7480,5535,386725,151904,234821,9807,3475,6332
B0103,29,564,District - Haveri,Total,Matric/secondary but below graduate,250608,141957,108651,110714,93115,17599,20162,10520,9642,6162,4059,2103,119732,38322,81410,13616,6003,7613
B0103,29,564,District - Haveri,Total,Technical diploma or certificate not equal to degree,15672,12367,3305,8758,7192,1566,1148,972,176,642,579,63,5766,4203,1563,1750,1374,376
B0103,29,564,District - Haveri,Total,Graduate and above other than technical degree,39436,27923,11513,24206,21251,2955,2206,1673,533,1002,807,195,13024,4999,8025,3116,1631,1485
B0103,29,564,District - Haveri,Total,Technical degree or diploma equal to degree or post-graduate degree,16387,10685,5702,8387,6602,1785,966,648,318,577,415,162,7034,3435,3599,3037,1509,1528
B0103,29,564,District - Haveri,Rural,Total,1242167,638450,603717,489263,348798,140465,109889,41073,68816,26042,13877,12165,643015,248579,394436,25148,10656,14492
B0103,29,564,District - Haveri,Rural,Illiterate,417066,172847,244219,133520,70797,62723,35235,8263,26972,7097,2470,4627,248311,93787,154524,2593,428,2165
B0103,29,564,District - Haveri,Rural,Literate,825101,465603,359498,355743,278001,77742,74654,32810,41844,18945,11407,7538,394704,154792,239912,22555,10228,12327
B0103,29,564,District - Haveri,Rural,Literate but below matric/secondary,566450,309290,257160,226530,172244,54286,49440,20313,29127,11034,6119,4915,290480,116733,173747,7040,2378,4662
B0103,29,564,District - Haveri,Rural,Matric/secondary but below graduate,177941,104021,73920,84030,69385,14645,16822,8108,8714,5089,3262,1827,77089,26528,50561,9567,4320,5247
B0103,29,564,District - Haveri,Rural,Technical diploma or certificate not equal to degree,10215,8420,1795,5550,4771,779,907,772,135,541,491,50,3758,2877,881,1247,982,265
B0103,29,564,District - Haveri,Rural,Graduate and above other than technical degree,20133,15673,4460,12915,11765,1150,1453,1110,343,706,587,119,5765,2798,2967,1718,1059,659
B0103,29,564,District - Haveri,Rural,Technical degree or diploma equal to degree or post-graduate degree,9096,6199,2897,4299,3557,742,728,502,226,456,343,113,4069,2140,1929,2027,1099,928
B0103,29,564,District - Haveri,Urban,Total,355501,180678,174823,112688,89962,22726,18226,10898,7328,4879,3211,1668,224587,79818,144769,10962,4558,6404
B0103,29,564,District - Haveri,Urban,Illiterate,95159,42488,52671,21786,13687,8099,4977,2021,2956,981,482,499,68396,26780,41616,856,229,627
B0103,29,564,District - Haveri,Urban,Literate,260342,138190,122152,90902,76275,14627,13249,8877,4372,3898,2729,1169,156191,53038,103153,10106,4329,5777
B0103,29,564,District - Haveri,Urban,Literate but below matric/secondary,145428,74482,70946,41332,34251,7081,7851,5060,2791,1981,1361,620,96245,35171,61074,2767,1097,1670
B0103,29,564,District - Haveri,Urban,Matric/secondary but below graduate,72667,37936,34731,26684,23730,2954,3340,2412,928,1073,797,276,42643,11794,30849,4049,1683,2366
B0103,29,564,District - Haveri,Urban,Technical diploma or certificate not equal to degree,5457,3947,1510,3208,2421,787,241,200,41,101,88,13,2008,1326,682,503,392,111
B0103,29,564,District - Haveri,Urban,Graduate and above other than technical degree,19303,12250,7053,11291,9486,1805,753,563,190,296,220,76,7259,2201,5058,1398,572,826
B0103,29,564,District - Haveri,Urban,Technical degree or diploma equal to degree or post-graduate degree,7291,4486,2805,4088,3045,1043,238,146,92,121,72,49,2965,1295,1670,1010,410,600
B0103,29,565,District - Bellary,Total,Total,2452595,1236954,1215641,969388,641681,327707,147492,61577,85915,34201,17986,16215,1335715,533696,802019,54244,24979,29265
B0103,29,565,District - Bellary,Total,Illiterate,1030974,423514,607460,395711,190558,205153,65925,17373,48552,12894,4279,8615,569338,215583,353755,7294,1459,5835
B0103,29,565,District - Bellary,Total,Literate,1421621,813440,608181,573677,451123,122554,81567,44204,37363,21307,13707,7600,766377,318113,448264,46950,23520,23430
B0103,29,565,District - Bellary,Total,Literate but below matric/secondary,875475,477211,398264,306302,228006,78296,49925,24557,25368,11313,6678,4635,519248,224648,294600,13969,5713,8256
B0103,29,565,District - Bellary,Total,Matric/secondary but below graduate,332114,196413,135701,145553,123560,21993,18292,11260,7032,5466,3761,1705,168269,61593,106676,18624,9382,9242
B0103,29,565,District - Bellary,Total,Technical diploma or certificate not equal to degree,32058,27655,4403,19262,17391,1871,1776,1587,189,858,790,68,11020,8677,2343,3218,2675,543
B0103,29,565,District - Bellary,Total,Graduate and above other than technical degree,73647,48547,25100,43503,37473,6030,3092,2265,827,1215,907,308,27052,8809,18243,5115,2578,2537
B0103,29,565,District - Bellary,Total,Technical degree or diploma equal to degree or post-graduate degree,29918,20154,9764,17345,13614,3731,1384,983,401,759,536,223,11189,5557,5632,3834,2123,1711
B0103,29,565,District - Bellary,Rural,Total,1532356,774093,758263,661534,402088,259446,113785,42282,71503,27162,13291,13871,757037,329723,427314,26034,12849,13185
B0103,29,565,District - Bellary,Rural,Illiterate,723044,295993,427051,313272,142541,170731,54052,12954,41098,11254,3512,7742,355720,140498,215222,4260,831,3429
B0103,29,565,District - Bellary,Rural,Literate,809312,478100,331212,348262,259547,88715,59733,29328,30405,15908,9779,6129,401317,189225,212092,21774,12018,9756
B0103,29,565,District - Bellary,Rural,Literate but below matric/secondary,563632,317378,246254,220060,156497,63563,39360,17819,21541,9221,5193,4028,304212,143062,161150,7097,2964,4133
B0103,29,565,District - Bellary,Rural,Matric/secondary but below graduate,157910,100017,57893,76606,62110,14496,12031,6660,5371,3710,2434,1276,69273,31247,38026,8521,4671,3850
B0103,29,565,District - Bellary,Rural,Technical diploma or certificate not equal to degree,14577,13082,1495,7946,7300,646,1069,973,96,568,530,38,5562,4809,753,1808,1597,211
B0103,29,565,District - Bellary,Rural,Graduate and above other than technical degree,19944,15443,4501,12540,11260,1280,1277,966,311,601,481,120,6127,3217,2910,1697,1178,519
B0103,29,565,District - Bellary,Rural,Technical degree or diploma equal to degree or post-graduate degree,9467,6768,2699,5017,4010,1007,782,579,203,502,379,123,3668,2179,1489,1675,1062,613
B0103,29,565,District - Bellary,Urban,Total,920239,462861,457378,307854,239593,68261,33707,19295,14412,7039,4695,2344,578678,203973,374705,28210,12130,16080
B0103,29,565,District - Bellary,Urban,Illiterate,307930,127521,180409,82439,48017,34422,11873,4419,7454,1640,767,873,213618,75085,138533,3034,628,2406
B0103,29,565,District - Bellary,Urban,Literate,612309,335340,276969,225415,191576,33839,21834,14876,6958,5399,3928,1471,365060,128888,236172,25176,11502,13674
B0103,29,565,District - Bellary,Urban,Literate but below matric/secondary,311843,159833,152010,86242,71509,14733,10565,6738,3827,2092,1485,607,215036,81586,133450,6872,2749,4123
B0103,29,565,District - Bellary,Urban,Matric/secondary but below graduate,174204,96396,77808,68947,61450,7497,6261,4600,1661,1756,1327,429,98996,30346,68650,10103,4711,5392
B0103,29,565,District - Bellary,Urban,Technical diploma or certificate not equal to degree,17481,14573,2908,11316,10091,1225,707,614,93,290,260,30,5458,3868,1590,1410,1078,332
B0103,29,565,District - Bellary,Urban,Graduate and above other than technical degree,53703,33104,20599,30963,26213,4750,1815,1299,516,614,426,188,20925,5592,15333,3418,1400,2018
B0103,29,565,District - Bellary,Urban,Technical degree or diploma equal to degree or post-graduate degree,20451,13386,7065,12328,9604,2724,602,404,198,257,157,100,7521,3378,4143,2159,1061,1098
B0103,29,566,District - Chitradurga,Total,Total,1659456,840843,818613,667479,444024,223455,189108,69287,119821,43356,21617,21739,802869,327532,475337,48335,20934,27401
B0103,29,566,District - Chitradurga,Total,Illiterate,572064,233655,338409,203722,99930,103792,65916,14479,51437,11533,3538,7995,302426,119246,183180,4540,1051,3489
B0103,29,566,District - Chitradurga,Total,Literate,1087392,607188,480204,463757,344094,119663,123192,54808,68384,31823,18079,13744,500443,208286,292157,43795,19883,23912
B0103,29,566,District - Chitradurga,Total,Literate but below matric/secondary,614427,328118,286309,228993,161730,67263,67008,27129,39879,13959,7250,6709,318426,139259,179167,11536,4426,7110
B0103,29,566,District - Chitradurga,Total,Matric/secondary but below graduate,312680,178731,133949,145892,114005,31887,37632,18017,19615,11529,6725,4804,129156,46709,82447,19921,8802,11119
B0103,29,566,District - Chitradurga,Total,Technical diploma or certificate not equal to degree,22523,16212,6311,11182,8732,2450,2107,1563,544,1193,920,273,9234,5917,3317,3001,2005,996
B0103,29,566,District - Chitradurga,Total,Graduate and above other than technical degree,47974,34276,13698,29889,25863,4026,3799,2627,1172,1597,1184,413,14286,5786,8500,3750,1978,1772
B0103,29,566,District - Chitradurga,Total,Technical degree or diploma equal to degree or post-graduate degree,20001,13289,6712,10690,8370,2320,1711,1088,623,1050,685,365,7600,3831,3769,3253,1695,1558
B0103,29,566,District - Chitradurga,Rural,Total,1329923,675573,654350,560184,360218,199966,173058,60385,112673,39184,19067,20117,596681,254970,341711,33244,15132,18112
B0103,29,566,District - Chitradurga,Rural,Illiterate,495504,201288,294216,187515,90191,97324,62732,13219,49513,10919,3266,7653,245257,97878,147379,3493,858,2635
B0103,29,566,District - Chitradurga,Rural,Literate,834419,474285,360134,372669,270027,102642,110326,47166,63160,28265,15801,12464,351424,157092,194332,29751,14274,15477
B0103,29,566,District - Chitradurga,Rural,Literate but below matric/secondary,496864,269278,227586,196767,135570,61197,61353,23872,37481,12673,6451,6222,238744,109836,128908,8244,3382,4862
B0103,29,566,District - Chitradurga,Rural,Matric/secondary but below graduate,228061,135195,92866,114192,87398,26794,33071,15272,17799,10219,5882,4337,80798,32525,48273,13772,6443,7329
B0103,29,566,District - Chitradurga,Rural,Technical diploma or certificate not equal to degree,14815,11184,3631,7255,5955,1300,1724,1294,430,1005,774,231,5836,3935,1901,2103,1400,703
B0103,29,566,District - Chitradurga,Rural,Graduate and above other than technical degree,25137,19724,5413,16299,14637,1662,2698,1908,790,1200,917,283,6140,3179,2961,1990,1192,798
B0103,29,566,District - Chitradurga,Rural,Technical degree or diploma equal to degree or post-graduate degree,10873,7712,3161,5703,4674,1029,1299,854,445,841,560,281,3871,2184,1687,1926,1094,832
B0103,29,566,District - Chitradurga,Urban,Total,329533,165270,164263,107295,83806,23489,16050,8902,7148,4172,2550,1622,206188,72562,133626,15091,5802,9289
B0103,29,566,District - Chitradurga,Urban,Illiterate,76560,32367,44193,16207,9739,6468,3184,1260,1924,614,272,342,57169,21368,35801,1047,193,854
B0103,29,566,District - Chitradurga,Urban,Literate,252973,132903,120070,91088,74067,17021,12866,7642,5224,3558,2278,1280,149019,51194,97825,14044,5609,8435
B0103,29,566,District - Chitradurga,Urban,Literate but below matric/secondary,117563,58840,58723,32226,26160,6066,5655,3257,2398,1286,799,487,79682,29423,50259,3292,1044,2248
B0103,29,566,District - Chitradurga,Urban,Matric/secondary but below graduate,84619,43536,41083,31700,26607,5093,4561,2745,1816,1310,843,467,48358,14184,34174,6149,2359,3790
B0103,29,566,District - Chitradurga,Urban,Technical diploma or certificate not equal to degree,7708,5028,2680,3927,2777,1150,383,269,114,188,146,42,3398,1982,1416,898,605,293
B0103,29,566,District - Chitradurga,Urban,Graduate and above other than technical degree,22837,14552,8285,13590,11226,2364,1101,719,382,397,267,130,8146,2607,5539,1760,786,974
B0103,29,566,District - Chitradurga,Urban,Technical degree or diploma equal to degree or post-graduate degree,9128,5577,3551,4987,3696,1291,412,234,178,209,125,84,3729,1647,2082,1327,601,726
B0103,29,567,District - Davanagere,Total,Total,1945497,986400,959097,705099,504373,200726,170108,81266,88842,39044,21961,17083,1070290,400761,669529,58077,24891,33186
B0103,29,567,District - Davanagere,Total,Illiterate,636957,265763,371194,201850,108218,93632,56502,17805,38697,10168,4038,6130,378605,139740,238865,5506,1168,4338
B0103,29,567,District - Davanagere,Total,Literate,1308540,720637,587903,503249,396155,107094,113606,63461,50145,28876,17923,10953,691685,261021,430664,52571,23723,28848
B0103,29,567,District - Davanagere,Total,Literate but below matric/secondary,724398,383586,340812,243282,183721,59561,61073,31200,29873,13857,8112,5745,420043,168665,251378,13874,5102,8772
B0103,29,567,District - Davanagere,Total,Matric/secondary but below graduate,340508,188353,152155,136965,114072,22893,29003,17274,11729,8210,5233,2977,174540,57007,117533,21756,9709,12047
B0103,29,567,District - Davanagere,Total,Technical diploma or certificate not equal to degree,25836,20313,5523,13755,11392,2363,2156,1796,360,1024,867,157,9925,7125,2800,2840,2147,693
B0103,29,567,District - Davanagere,Total,Graduate and above other than technical degree,63139,42016,21123,35051,30132,4919,4632,3396,1236,1540,1107,433,23456,8488,14968,5096,2623,2473
B0103,29,567,District - Davanagere,Total,Technical degree or diploma equal to degree or post-graduate degree,28542,18746,9796,13973,10964,3009,2141,1442,699,1067,692,375,12428,6340,6088,4741,2505,2236
B0103,29,567,District - Davanagere,Rural,Total,1316487,668267,648220,513459,354534,158925,127162,53499,73663,30437,16119,14318,675866,260234,415632,36269,15480,20789
B0103,29,567,District - Davanagere,Rural,Illiterate,477664,196579,281085,166850,86803,80047,46714,13283,33431,8473,3145,5328,264100,96493,167607,3916,784,3132
B0103,29,567,District - Davanagere,Rural,Literate,838823,471688,367135,346609,267731,78878,80448,40216,40232,21964,12974,8990,411766,163741,248025,32353,14696,17657
B0103,29,567,District - Davanagere,Rural,Literate but below matric/secondary,510674,274332,236342,188173,138965,49208,46935,21642,25293,11200,6143,5057,275566,113725,161841,9624,3422,6202
B0103,29,567,District - Davanagere,Rural,Matric/secondary but below graduate,205627,118303,87324,92568,75700,16868,19925,10590,9335,6159,3745,2414,93134,32013,61121,13542,6010,7532
B0103,29,567,District - Davanagere,Rural,Technical diploma or certificate not equal to degree,14589,12278,2311,7506,6628,878,1366,1175,191,775,672,103,5717,4475,1242,1873,1469,404
B0103,29,567,District - Davanagere,Rural,Graduate and above other than technical degree,24982,18868,6114,15058,13639,1419,2063,1515,548,890,673,217,7861,3714,4147,2433,1463,970
B0103,29,567,District - Davanagere,Rural,Technical degree or diploma equal to degree or post-graduate degree,11898,8193,3705,5523,4636,887,1089,748,341,700,472,228,5286,2809,2477,2684,1473,1211
B0103,29,567,District - Davanagere,Urban,Total,629010,318133,310877,191640,149839,41801,42946,27767,15179,8607,5842,2765,394424,140527,253897,21808,9411,12397
B0103,29,567,District - Davanagere,Urban,Illiterate,159293,69184,90109,35000,21415,13585,9788,4522,5266,1695,893,802,114505,43247,71258,1590,384,1206
B0103,29,567,District - Davanagere,Urban,Literate,469717,248949,220768,156640,128424,28216,33158,23245,9913,6912,4949,1963,279919,97280,182639,20218,9027,11191
B0103,29,567,District - Davanagere,Urban,Literate but below matric/secondary,213724,109254,104470,55109,44756,10353,14138,9558,4580,2657,1969,688,144477,54940,89537,4250,1680,2570
B0103,29,567,District - Davanagere,Urban,Matric/secondary but below graduate,134881,70050,64831,44397,38372,6025,9078,6684,2394,2051,1488,563,81406,24994,56412,8214,3699,4515
B0103,29,567,District - Davanagere,Urban,Technical diploma or certificate not equal to degree,11247,8035,3212,6249,4764,1485,790,621,169,249,195,54,4208,2650,1558,967,678,289
B0103,29,567,District - Davanagere,Urban,Graduate and above other than technical degree,38157,23148,15009,19993,16493,3500,2569,1881,688,650,434,216,15595,4774,10821,2663,1160,1503
B0103,29,567,District - Davanagere,Urban,Technical degree or diploma equal to degree or post-graduate degree,16644,10553,6091,8450,6328,2122,1052,694,358,367,220,147,7142,3531,3611,2057,1032,1025
B0103,29,568,District - Shimoga,Total,Total,1752753,877415,875338,652789,480996,171793,127809,53491,74318,30391,17171,13220,972155,342928,629227,47217,18171,29046
B0103,29,568,District - Shimoga,Total,Illiterate,489737,202477,287260,145670,79701,65969,36749,9533,27216,6637,2632,4005,307318,113243,194075,2983,569,2414
B0103,29,568,District - Shimoga,Total,Literate,1263016,674938,588078,507119,401295,105824,91060,43958,47102,23754,14539,9215,664837,229685,435152,44234,17602,26632
B0103,29,568,District - Shimoga,Total,Literate but below matric/secondary,721309,380446,340863,263695,204350,59345,53794,24117,29677,12342,7324,5018,403820,151979,251841,11225,3946,7279
B0103,29,568,District - Shimoga,Total,Matric/secondary but below graduate,329222,169510,159712,131674,107924,23750,22893,11616,11277,6813,4139,2674,174655,49970,124685,18263,6984,11279
B0103,29,568,District - Shimoga,Total,Technical diploma or certificate not equal to degree,22770,17171,5599,11986,9903,2083,1337,1097,240,678,559,119,9447,6171,3276,2497,1688,809
B0103,29,568,District - Shimoga,Total,Graduate and above other than technical degree,76236,46255,29981,43261,35640,7621,3700,2357,1343,1398,993,405,29275,8258,21017,5767,2391,3376
B0103,29,568,District - Shimoga,Total,Technical degree or diploma equal to degree or post-graduate degree,23171,13881,9290,12333,9043,3290,1121,669,452,615,361,254,9717,4169,5548,3448,1455,1993
B0103,29,568,District - Shimoga,Rural,Total,1129026,565821,563205,449946,317081,132865,104405,38186,66219,24388,12947,11441,574675,210554,364121,25951,9820,16131
B0103,29,568,District - Shimoga,Rural,Illiterate,358209,146231,211978,119507,63486,56021,32226,7567,24659,5907,2251,3656,206476,75178,131298,2041,366,1675
B0103,29,568,District - Shimoga,Rural,Literate,770817,419590,351227,330439,253595,76844,72179,30619,41560,18481,10696,7785,368199,135376,232823,23910,9454,14456
B0103,29,568,District - Shimoga,Rural,Literate but below matric/secondary,495338,266676,228662,199855,149884,49971,45112,18161,26951,10155,5724,4431,250371,98631,151740,6975,2339,4636
B0103,29,568,District - Shimoga,Rural,Matric/secondary but below graduate,181944,96487,85457,80235,63744,16491,17628,7721,9907,5222,2952,2270,84081,25022,59059,10166,3858,6308
B0103,29,568,District - Shimoga,Rural,Technical diploma or certificate not equal to degree,9219,7198,2021,4508,3862,646,750,614,136,439,363,76,3961,2722,1239,1309,888,421
B0103,29,568,District - Shimoga,Rural,Graduate and above other than technical degree,28535,18901,9634,16473,14275,2198,2109,1263,846,894,646,248,9953,3363,6590,2503,1199,1304
B0103,29,568,District - Shimoga,Rural,Technical degree or diploma equal to degree or post-graduate degree,8077,4710,3367,3858,2911,947,652,381,271,418,256,162,3567,1418,2149,1571,642,929
B0103,29,568,District - Shimoga,Urban,Total,623727,311594,312133,202843,163915,38928,23404,15305,8099,6003,4224,1779,397480,132374,265106,21266,8351,12915
B0103,29,568,District - Shimoga,Urban,Illiterate,131528,56246,75282,26163,16215,9948,4523,1966,2557,730,381,349,100842,38065,62777,942,203,739
B0103,29,568,District - Shimoga,Urban,Literate,492199,255348,236851,176680,147700,28980,18881,13339,5542,5273,3843,1430,296638,94309,202329,20324,8148,12176
B0103,29,568,District - Shimoga,Urban,Literate but below matric/secondary,225971,113770,112201,63840,54466,9374,8682,5956,2726,2187,1600,587,153449,53348,100101,4250,1607,2643
B0103,29,568,District - Shimoga,Urban,Matric/secondary but below graduate,147278,73023,74255,51439,44180,7259,5265,3895,1370,1591,1187,404,90574,24948,65626,8097,3126,4971
B0103,29,568,District - Shimoga,Urban,Technical diploma or certificate not equal to degree,13551,9973,3578,7478,6041,1437,587,483,104,239,196,43,5486,3449,2037,1188,800,388
B0103,29,568,District - Shimoga,Urban,Graduate and above other than technical degree,47701,27354,20347,26788,21365,5423,1591,1094,497,504,347,157,19322,4895,14427,3264,1192,2072
B0103,29,568,District - Shimoga,Urban,Technical degree or diploma equal to degree or post-graduate degree,15094,9171,5923,8475,6132,2343,469,288,181,197,105,92,6150,2751,3399,1877,813,1064
B0103,29,569,District - Udupi,Total,Total,1177361,562131,615230,459446,309998,149448,53795,25401,28394,9545,5520,4025,664120,226732,437388,28592,10726,17866
B0103,29,569,District - Udupi,Total,Illiterate,250932,96427,154505,55940,26461,29479,11287,3221,8066,1059,437,622,183705,66745,116960,921,194,727
B0103,29,569,District - Udupi,Total,Literate,926429,465704,460725,403506,283537,119969,42508,22180,20328,8486,5083,3403,480415,159987,320428,27671,10532,17139
B0103,29,569,District - Udupi,Total,Literate but below matric/secondary,503660,248831,254829,206110,139871,66239,24458,12016,12442,4023,2392,1631,273092,96944,176148,6073,2200,3873
B0103,29,569,District - Udupi,Total,Matric/secondary but below graduate,249226,126595,122631,105512,78948,26564,9932,5775,4157,2515,1549,966,133782,41872,91910,11713,4614,7099
B0103,29,569,District - Udupi,Total,Technical diploma or certificate not equal to degree,13808,9320,4488,7418,5553,1865,452,344,108,181,129,52,5938,3423,2515,1190,740,450
B0103,29,569,District - Udupi,Total,Graduate and above other than technical degree,62331,32965,29366,34056,24698,9358,2117,1289,828,726,442,284,26158,6978,19180,4584,1558,3026
B0103,29,569,District - Udupi,Total,Technical degree or diploma equal to degree or post-graduate degree,15748,8763,6985,9262,5968,3294,542,263,279,282,111,171,5944,2532,3412,1756,583,1173
B0103,29,569,District - Udupi,Rural,Total,843300,398847,444453,333571,220593,112978,42904,18874,24030,7757,4280,3477,466825,159380,307445,20278,7488,12790
B0103,29,569,District - Udupi,Rural,Illiterate,198054,74538,123516,47596,22467,25129,9951,2732,7219,981,388,593,140507,49339,91168,741,145,596
B0103,29,569,District - Udupi,Rural,Literate,645246,324309,320937,285975,198126,87849,32953,16142,16811,6776,3892,2884,326318,110041,216277,19537,7343,12194
B0103,29,569,District - Udupi,Rural,Literate but below matric/secondary,380285,188632,191653,162047,108691,53356,20019,9331,10688,3393,1919,1474,198219,70610,127609,4772,1686,3086
B0103,29,569,District - Udupi,Rural,Matric/secondary but below graduate,163996,83198,80798,70430,51759,18671,7389,4033,3356,1972,1158,814,86177,27406,58771,8382,3220,5162
B0103,29,569,District - Udupi,Rural,Technical diploma or certificate not equal to degree,8054,5486,2568,4090,3086,1004,268,191,77,123,83,40,3696,2209,1487,802,500,302
B0103,29,569,District - Udupi,Rural,Graduate and above other than technical degree,30984,16920,14064,17217,12802,4415,1246,747,499,496,301,195,12521,3371,9150,2815,1023,1792
B0103,29,569,District - Udupi,Rural,Technical degree or diploma equal to degree or post-graduate degree,7515,4016,3499,4176,2650,1526,316,145,171,195,78,117,3023,1221,1802,1152,349,803
B0103,29,569,District - Udupi,Urban,Total,334061,163284,170777,125875,89405,36470,10891,6527,4364,1788,1240,548,197295,67352,129943,8314,3238,5076
B0103,29,569,District - Udupi,Urban,Illiterate,52878,21889,30989,8344,3994,4350,1336,489,847,78,49,29,43198,17406,25792,180,49,131
B0103,29,569,District - Udupi,Urban,Literate,281183,141395,139788,117531,85411,32120,9555,6038,3517,1710,1191,519,154097,49946,104151,8134,3189,4945
B0103,29,569,District - Udupi,Urban,Literate but below matric/secondary,123375,60199,63176,44063,31180,12883,4439,2685,1754,630,473,157,74873,26334,48539,1301,514,787
B0103,29,569,District - Udupi,Urban,Matric/secondary but below graduate,85230,43397,41833,35082,27189,7893,2543,1742,801,543,391,152,47605,14466,33139,3331,1394,1937
B0103,29,569,District - Udupi,Urban,Technical diploma or certificate not equal to degree,5754,3834,1920,3328,2467,861,184,153,31,58,46,12,2242,1214,1028,388,240,148
B0103,29,569,District - Udupi,Urban,Graduate and above other than technical degree,31347,16045,15302,16839,11896,4943,871,542,329,230,141,89,13637,3607,10030,1769,535,1234
B0103,29,569,District - Udupi,Urban,Technical degree or diploma equal to degree or post-graduate degree,8233,4747,3486,5086,3318,1768,226,118,108,87,33,54,2921,1311,1610,604,234,370
B0103,29,570,District - Chikmagalur,Total,Total,1137961,566622,571339,480229,326255,153974,85545,31634,53911,18335,9304,9031,572187,208733,363454,31834,12439,19395
B0103,29,570,District - Chikmagalur,Total,Illiterate,319616,128365,191251,114771,55374,59397,24557,5645,18912,4069,1335,2734,180288,67346,112942,1899,407,1492
B0103,29,570,District - Chikmagalur,Total,Literate,818345,438257,380088,365458,270881,94577,60988,25989,34999,14266,7969,6297,391899,141387,250512,29935,12032,17903
B0103,29,570,District - Chikmagalur,Total,Literate but below matric/secondary,476150,250653,225497,198995,142137,56858,33908,13246,20662,6947,3671,3276,243247,95270,147977,8228,2920,5308
B0103,29,570,District - Chikmagalur,Total,Matric/secondary but below graduate,213354,113770,99584,95366,75124,20242,15845,7297,8548,4266,2387,1879,102143,31349,70794,13053,5331,7722
B0103,29,570,District - Chikmagalur,Total,Technical diploma or certificate not equal to degree,12174,8866,3308,6948,5461,1487,852,652,200,401,312,89,4374,2753,1621,1309,870,439
B0103,29,570,District - Chikmagalur,Total,Graduate and above other than technical degree,41949,25646,16303,24626,20056,4570,2359,1446,913,879,582,297,14964,4144,10820,3423,1374,2049
B0103,29,570,District - Chikmagalur,Total,Technical degree or diploma equal to degree or post-graduate degree,12572,7535,5037,6685,4884,1801,818,473,345,438,261,177,5069,2178,2891,2027,870,1157
B0103,29,570,District - Chikmagalur,Rural,Total,898453,447545,450908,398443,262318,136125,74375,25379,48996,15948,7755,8193,425635,159848,265787,23446,9214,14232
B0103,29,570,District - Chikmagalur,Rural,Illiterate,270370,107359,163011,104326,49061,55265,22211,4771,17440,3714,1167,2547,143833,53527,90306,1551,323,1228
B0103,29,570,District - Chikmagalur,Rural,Literate,628083,340186,287897,294117,213257,80860,52164,20608,31556,12234,6588,5646,281802,106321,175481,21895,8891,13004
B0103,29,570,District - Chikmagalur,Rural,Literate but below matric/secondary,385755,204970,180785,171485,119640,51845,29833,10939,18894,6143,3130,3013,184437,74391,110046,6562,2338,4224
B0103,29,570,District - Chikmagalur,Rural,Matric/secondary but below graduate,154383,84409,69974,73395,56804,16591,13269,5671,7598,3663,1978,1685,67719,21934,45785,9593,3964,5629
B0103,29,570,District - Chikmagalur,Rural,Technical diploma or certificate not equal to degree,7964,6007,1957,4415,3592,823,635,481,154,321,246,75,2914,1934,980,978,652,326
B0103,29,570,District - Chikmagalur,Rural,Graduate and above other than technical degree,23772,15023,8749,13942,11607,2335,1551,913,638,626,418,208,8279,2503,5776,2152,910,1242
B0103,29,570,District - Chikmagalur,Rural,Technical degree or diploma equal to degree or post-graduate degree,7082,4327,2755,3719,2811,908,576,326,250,340,202,138,2787,1190,1597,1247,524,723
B0103,29,570,District - Chikmagalur,Urban,Total,239508,119077,120431,81786,63937,17849,11170,6255,4915,2387,1549,838,146552,48885,97667,8388,3225,5163
B0103,29,570,District - Chikmagalur,Urban,Illiterate,49246,21006,28240,10445,6313,4132,2346,874,1472,355,168,187,36455,13819,22636,348,84,264
B0103,29,570,District - Chikmagalur,Urban,Literate,190262,98071,92191,71341,57624,13717,8824,5381,3443,2032,1381,651,110097,35066,75031,8040,3141,4899
B0103,29,570,District - Chikmagalur,Urban,Literate but below matric/secondary,90395,45683,44712,27510,22497,5013,4075,2307,1768,804,541,263,58810,20879,37931,1666,582,1084
B0103,29,570,District - Chikmagalur,Urban,Matric/secondary but below graduate,58971,29361,29610,21971,18320,3651,2576,1626,950,603,409,194,34424,9415,25009,3460,1367,2093
B0103,29,570,District - Chikmagalur,Urban,Technical diploma or certificate not equal to degree,4210,2859,1351,2533,1869,664,217,171,46,80,66,14,1460,819,641,331,218,113
B0103,29,570,District - Chikmagalur,Urban,Graduate and above other than technical degree,18177,10623,7554,10684,8449,2235,808,533,275,253,164,89,6685,1641,5044,1271,464,807
B0103,29,570,District - Chikmagalur,Urban,Technical degree or diploma equal to degree or post-graduate degree,5490,3208,2282,2966,2073,893,242,147,95,98,59,39,2282,988,1294,780,346,434
B0103,29,571,District - Tumkur,Total,Total,2678980,1350594,1328386,1078431,738124,340307,276215,99388,176827,55878,29909,25969,1324334,513082,811252,71230,29937,41293
B0103,29,571,District - Tumkur,Total,Illiterate,865589,344570,521019,297652,149844,147808,94396,19616,74780,13098,4169,8929,473541,175110,298431,5209,1198,4011
B0103,29,571,District - Tumkur,Total,Literate,1813391,1006024,807367,780779,588280,192499,181819,79772,102047,42780,25740,17040,850793,337972,512821,66021,28739,37282
B0103,29,571,District - Tumkur,Total,Literate but below matric/secondary,981339,527805,453534,366969,267949,99020,93260,37670,55590,17842,10191,7651,521110,222186,298924,16054,6104,9950
B0103,29,571,District - Tumkur,Total,Matric/secondary but below graduate,529889,293017,236872,244193,189561,54632,56145,26434,29711,15813,9716,6097,229551,77022,152529,31192,13428,17764
B0103,29,571,District - Tumkur,Total,Technical diploma or certificate not equal to degree,32527,24804,7723,18234,14634,3600,2611,2088,523,1306,1096,210,11682,8082,3600,3189,2238,951
B0103,29,571,District - Tumkur,Total,Graduate and above other than technical degree,87508,59277,28231,53289,45205,8084,5965,3855,2110,2450,1680,770,28254,10217,18037,6472,3073,3399
B0103,29,571,District - Tumkur,Total,Technical degree or diploma equal to degree or post-graduate degree,33093,21012,12081,17643,13165,4478,2158,1257,901,1148,656,492,13292,6590,6702,4782,2200,2582
B0103,29,571,District - Tumkur,Rural,Total,2079902,1048710,1031192,876518,584984,291534,243681,80040,163641,48480,25051,23429,959703,383686,576017,49945,21433,28512
B0103,29,571,District - Tumkur,Rural,Illiterate,735464,288388,447076,270077,133770,136307,87715,16767,70948,11983,3607,8376,377672,137851,239821,4146,943,3203
B0103,29,571,District - Tumkur,Rural,Literate,1344438,760322,584116,606441,451214,155227,155966,63273,92693,36497,21444,15053,582031,245835,336196,45799,20490,25309
B0103,29,571,District - Tumkur,Rural,Literate but below matric/secondary,768360,420784,347576,303801,219415,84386,81120,30271,50849,15328,8454,6874,383439,171098,212341,11874,4689,7185
B0103,29,571,District - Tumkur,Rural,Matric/secondary but below graduate,373857,214737,159120,187880,143407,44473,47597,20642,26955,13678,8220,5458,138380,50688,87692,22279,9791,12488
B0103,29,571,District - Tumkur,Rural,Technical diploma or certificate not equal to degree,18264,14743,3521,9827,8375,1452,1901,1534,367,1054,891,163,6536,4834,1702,2157,1568,589
B0103,29,571,District - Tumkur,Rural,Graduate and above other than technical degree,40716,30745,9971,25996,23103,2893,3921,2518,1403,1757,1248,509,10799,5124,5675,3526,1911,1615
B0103,29,571,District - Tumkur,Rural,Technical degree or diploma equal to degree or post-graduate degree,13046,8392,4654,6553,5140,1413,1348,762,586,801,444,357,5145,2490,2655,2486,1142,1344
B0103,29,571,District - Tumkur,Urban,Total,599078,301884,297194,201913,153140,48773,32534,19348,13186,7398,4858,2540,364631,129396,235235,21285,8504,12781
B0103,29,571,District - Tumkur,Urban,Illiterate,130125,56182,73943,27575,16074,11501,6681,2849,3832,1115,562,553,95869,37259,58610,1063,255,808
B0103,29,571,District - Tumkur,Urban,Literate,468953,245702,223251,174338,137066,37272,25853,16499,9354,6283,4296,1987,268762,92137,176625,20222,8249,11973
B0103,29,571,District - Tumkur,Urban,Literate but below matric/secondary,212979,107021,105958,63168,48534,14634,12140,7399,4741,2514,1737,777,137671,51088,86583,4180,1415,2765
B0103,29,571,District - Tumkur,Urban,Matric/secondary but below graduate,156032,78280,77752,56313,46154,10159,8548,5792,2756,2135,1496,639,91171,26334,64837,8913,3637,5276
B0103,29,571,District - Tumkur,Urban,Technical diploma or certificate not equal to degree,14263,10061,4202,8407,6259,2148,710,554,156,252,205,47,5146,3248,1898,1032,670,362
B0103,29,571,District - Tumkur,Urban,Graduate and above other than technical degree,46792,28532,18260,27293,22102,5191,2044,1337,707,693,432,261,17455,5093,12362,2946,1162,1784
B0103,29,571,District - Tumkur,Urban,Technical degree or diploma equal to degree or post-graduate degree,20047,12620,7427,11090,8025,3065,810,495,315,347,212,135,8147,4100,4047,2296,1058,1238
B0103,29,572,District - Bangalore,Total,Total,9621551,5022661,4598890,3858342,2893953,964389,388585,221408,167177,97528,58760,38768,5374624,1907300,3467324,300675,115282,185393
B0103,29,572,District - Bangalore,Total,Illiterate,2109275,944620,1164655,471753,278680,193073,69118,30173,38945,13980,6633,7347,1568404,635767,932637,25008,6068,18940
B0103,29,572,District - Bangalore,Total,Literate,7512276,4078041,3434235,3386589,2615273,771316,319467,191235,128232,83548,52127,31421,3806220,1271533,2534687,275667,109214,166453
B0103,29,572,District - Bangalore,Total,Literate but below matric/secondary,2671301,1363814,1307487,826217,626697,199520,104664,60712,43952,24210,15005,9205,1740420,676405,1064015,61180,22044,39136
B0103,29,572,District - Bangalore,Total,Matric/secondary but below graduate,2658199,1441042,1217157,1244972,1004917,240055,113935,70152,43783,31144,19835,11309,1299292,365973,933319,122051,49348,72703
B0103,29,572,District - Bangalore,Total,Technical diploma or certificate not equal to degree,190651,146066,44585,134062,114324,19738,8114,6219,1895,2449,1896,553,48475,25523,22952,6525,4076,2449
B0103,29,572,District - Bangalore,Total,Graduate and above other than technical degree,1108672,591852,516820,638036,464997,173039,46278,25468,20810,12817,7154,5663,424358,101387,322971,47269,15691,31578
B0103,29,572,District - Bangalore,Total,Technical degree or diploma equal to degree or post-graduate degree,550536,361242,189294,382031,284786,97245,24606,15396,9210,7569,4739,2830,143899,61060,82839,26575,13497,13078
B0103,29,572,District - Bangalore,Rural,Total,871607,464256,407351,362379,269695,92684,49028,27565,21463,12245,7794,4451,460200,166996,293204,27614,10832,16782
B0103,29,572,District - Bangalore,Rural,Illiterate,268748,115430,153318,80645,45618,35027,14663,5859,8804,2723,1275,1448,173440,63953,109487,3329,612,2717
B0103,29,572,District - Bangalore,Rural,Literate,602859,348826,254033,281734,224077,57657,34365,21706,12659,9522,6519,3003,286760,103043,183717,24285,10220,14065
B0103,29,572,District - Bangalore,Rural,Literate but below matric/secondary,286006,155081,130925,105336,79747,25589,15207,9118,6089,3849,2546,1303,165463,66216,99247,7014,2410,4604
B0103,29,572,District - Bangalore,Rural,Matric/secondary but below graduate,226485,134485,92000,121137,99227,21910,13629,8877,4752,4066,2843,1223,91719,26381,65338,12183,5178,7005
B0103,29,572,District - Bangalore,Rural,Technical diploma or certificate not equal to degree,14070,11645,2425,10678,9499,1179,696,586,110,243,204,39,2696,1560,1136,699,445,254
B0103,29,572,District - Bangalore,Rural,Graduate and above other than technical degree,34794,22722,12072,21316,17620,3696,1767,1193,574,561,386,175,11711,3909,7802,2145,1119,1026
B0103,29,572,District - Bangalore,Rural,Technical degree or diploma equal to degree or post-graduate degree,11218,7540,3678,6628,5127,1501,573,347,226,215,122,93,4017,2066,1951,1090,663,427
B0103,29,572,District - Bangalore,Urban,Total,8749944,4558405,4191539,3495963,2624258,871705,339557,193843,145714,85283,50966,34317,4914424,1740304,3174120,273061,104450,168611
B0103,29,572,District - Bangalore,Urban,Illiterate,1840527,829190,1011337,391108,233062,158046,54455,24314,30141,11257,5358,5899,1394964,571814,823150,21679,5456,16223
B0103,29,572,District - Bangalore,Urban,Literate,6909417,3729215,3180202,3104855,2391196,713659,285102,169529,115573,74026,45608,28418,3519460,1168490,2350970,251382,98994,152388
B0103,29,572,District - Bangalore,Urban,Literate but below matric/secondary,2385295,1208733,1176562,720881,546950,173931,89457,51594,37863,20361,12459,7902,1574957,610189,964768,54166,19634,34532
B0103,29,572,District - Bangalore,Urban,Matric/secondary but below graduate,2431714,1306557,1125157,1123835,905690,218145,100306,61275,39031,27078,16992,10086,1207573,339592,867981,109868,44170,65698
B0103,29,572,District - Bangalore,Urban,Technical diploma or certificate not equal to degree,176581,134421,42160,123384,104825,18559,7418,5633,1785,2206,1692,514,45779,23963,21816,5826,3631,2195
B0103,29,572,District - Bangalore,Urban,Graduate and above other than technical degree,1073878,569130,504748,616720,447377,169343,44511,24275,20236,12256,6768,5488,412647,97478,315169,45124,14572,30552
B0103,29,572,District - Bangalore,Urban,Technical degree or diploma equal to degree or post-graduate degree,539318,353702,185616,375403,279659,95744,24033,15049,8984,7354,4617,2737,139882,58994,80888,25485,12834,12651
B0103,29,573,District - Mandya,Total,Total,1805769,905085,900684,714901,514148,200753,156507,61055,95452,25967,14725,11242,934361,329882,604479,48820,19645,29175
B0103,29,573,District - Mandya,Total,Illiterate,656120,266417,389703,237255,134470,102785,62083,15321,46762,5957,2196,3761,356782,116626,240156,3915,739,3176
B0103,29,573,District - Mandya,Total,Literate,1149649,638668,510981,477646,379678,97968,94424,45734,48690,20010,12529,7481,577579,213256,364323,44905,18906,25999
B0103,29,573,District - Mandya,Total,Literate but below matric/secondary,607024,328703,278321,217020,168861,48159,47105,21087,26018,7744,4659,3085,342899,138755,204144,10267,3829,6438
B0103,29,573,District - Mandya,Total,Matric/secondary but below graduate,353647,194331,159316,156121,127951,28170,30069,15266,14803,7866,4929,2937,167457,51114,116343,22141,9077,13064
B0103,29,573,District - Mandya,Total,Technical diploma or certificate not equal to degree,19190,14981,4209,9951,8315,1636,1445,1212,233,758,651,107,7794,5454,2340,2397,1698,699
B0103,29,573,District - Mandya,Total,Graduate and above other than technical degree,56003,37859,18144,34212,29110,5102,3527,2425,1102,1306,891,415,18264,6324,11940,4735,2108,2627
B0103,29,573,District - Mandya,Total,Technical degree or diploma equal to degree or post-graduate degree,16468,10107,6361,8900,6455,2445,951,568,383,496,285,211,6617,3084,3533,2579,1151,1428
B0103,29,573,District - Mandya,Rural,Total,1497407,751243,746164,609829,432897,176932,139836,51399,88437,22911,12723,10188,747742,266947,480795,37134,14965,22169
B0103,29,573,District - Mandya,Rural,Illiterate,578118,233339,344779,218450,122908,95542,57191,13307,43884,5378,1930,3448,302477,97124,205353,3278,606,2672
B0103,29,573,District - Mandya,Rural,Literate,919289,517904,401385,391379,309989,81390,82645,38092,44553,17533,10793,6740,445265,169823,275442,33856,14359,19497
B0103,29,573,District - Mandya,Rural,Literate but below matric/secondary,500288,274955,225333,186462,144118,42344,41434,17493,23941,6843,4013,2830,272392,113344,159048,8084,3071,5013
B0103,29,573,District - Mandya,Rural,Matric/secondary but below graduate,275541,154685,120856,126097,102852,23245,26183,12659,13524,6944,4269,2675,123261,39174,84087,17006,7012,9994
B0103,29,573,District - Mandya,Rural,Technical diploma or certificate not equal to degree,13574,11027,2547,6795,5998,797,1173,995,178,640,555,85,5606,4034,1572,1775,1278,497
B0103,29,573,District - Mandya,Rural,Graduate and above other than technical degree,33885,24102,9783,20864,18339,2525,2599,1794,805,1014,702,312,10422,3969,6453,2994,1388,1606
B0103,29,573,District - Mandya,Rural,Technical degree or diploma equal to degree or post-graduate degree,8838,5422,3416,4307,3221,1086,679,416,263,375,224,151,3852,1785,2067,1631,724,907
B0103,29,573,District - Mandya,Urban,Total,308362,153842,154520,105072,81251,23821,16671,9656,7015,3056,2002,1054,186619,62935,123684,11686,4680,7006
B0103,29,573,District - Mandya,Urban,Illiterate,78002,33078,44924,18805,11562,7243,4892,2014,2878,579,266,313,54305,19502,34803,637,133,504
B0103,29,573,District - Mandya,Urban,Literate,230360,120764,109596,86267,69689,16578,11779,7642,4137,2477,1736,741,132314,43433,88881,11049,4547,6502
B0103,29,573,District - Mandya,Urban,Literate but below matric/secondary,106736,53748,52988,30558,24743,5815,5671,3594,2077,901,646,255,70507,25411,45096,2183,758,1425
B0103,29,573,District - Mandya,Urban,Matric/secondary but below graduate,78106,39646,38460,30024,25099,4925,3886,2607,1279,922,660,262,44196,11940,32256,5135,2065,3070
B0103,29,573,District - Mandya,Urban,Technical diploma or certificate not equal to degree,5616,3954,1662,3156,2317,839,272,217,55,118,96,22,2188,1420,768,622,420,202
B0103,29,573,District - Mandya,Urban,Graduate and above other than technical degree,22118,13757,8361,13348,10771,2577,928,631,297,292,189,103,7842,2355,5487,1741,720,1021
B0103,29,573,District - Mandya,Urban,Technical degree or diploma equal to degree or post-graduate degree,7630,4685,2945,4593,3234,1359,272,152,120,121,61,60,2765,1299,1466,948,427,521
B0103,29,574,District - Hassan,Total,Total,1776421,883667,892754,752387,512731,239656,151193,47721,103472,27051,14489,12562,872841,323215,549626,56818,24268,32550
B0103,29,574,District - Hassan,Total,Illiterate,551165,214831,336334,200951,100714,100237,50153,7870,42283,4510,1305,3205,300061,106247,193814,3798,812,2986
B0103,29,574,District - Hassan,Total,Literate,1225256,668836,556420,551436,412017,139419,101040,39851,61189,22541,13184,9357,572780,216968,355812,53020,23456,29564
B0103,29,574,District - Hassan,Total,Literate but below matric/secondary,681551,362799,318752,281873,204221,77652,52655,18498,34157,8459,4721,3738,347023,140080,206943,12630,5088,7542
B0103,29,574,District - Hassan,Total,Matric/secondary but below graduate,322950,174085,148865,144972,112818,32154,27407,11861,15546,8010,4636,3374,150571,49406,101165,24273,10522,13751
B0103,29,574,District - Hassan,Total,Technical diploma or certificate not equal to degree,29091,21954,7137,15255,12622,2633,2549,1991,558,1516,1235,281,11287,7341,3946,4223,2896,1327
B0103,29,574,District - Hassan,Total,Graduate and above other than technical degree,58350,35898,22452,34361,27751,6610,3535,2093,1442,1527,902,625,20454,6054,14400,5343,2123,3220
B0103,29,574,District - Hassan,Total,Technical degree or diploma equal to degree or post-graduate degree,18913,11211,7702,10163,7244,2919,1240,652,588,696,366,330,7510,3315,4195,3181,1352,1829
B0103,29,574,District - Hassan,Rural,Total,1399658,695583,704075,628200,413617,214583,135334,38094,97240,22798,11629,11169,636124,243872,392252,38938,17126,21812
B0103,29,574,District - Hassan,Rural,Illiterate,474087,182003,292084,186528,91766,94762,47080,6618,40462,3997,1038,2959,240479,83619,156860,2971,641,2330
B0103,29,574,District - Hassan,Rural,Literate,925571,513580,411991,441672,321851,119821,88254,31476,56778,18801,10591,8210,395645,160253,235392,35967,16485,19482
B0103,29,574,District - Hassan,Rural,Literate but below matric/secondary,547492,295532,251960,245272,173046,72226,46879,14762,32117,7067,3707,3360,255341,107724,147617,9067,3692,5375
B0103,29,574,District - Hassan,Rural,Matric/secondary but below graduate,227464,126650,100814,110221,83526,26695,23384,9198,14186,6721,3740,2981,93859,33926,59933,16960,7627,9333
B0103,29,574,District - Hassan,Rural,Technical diploma or certificate not equal to degree,18646,14485,4161,9266,7925,1341,2057,1593,464,1280,1044,236,7323,4967,2356,2921,2031,890
B0103,29,574,District - Hassan,Rural,Graduate and above other than technical degree,27009,18027,8982,16163,13520,2643,2370,1325,1045,1113,661,452,8476,3182,5294,2777,1250,1527
B0103,29,574,District - Hassan,Rural,Technical degree or diploma equal to degree or post-graduate degree,8025,4746,3279,3922,2868,1054,763,377,386,485,247,238,3340,1501,1839,1653,704,949
B0103,29,574,District - Hassan,Urban,Total,376763,188084,188679,124187,99114,25073,15859,9627,6232,4253,2860,1393,236717,79343,157374,17880,7142,10738
B0103,29,574,District - Hassan,Urban,Illiterate,77078,32828,44250,14423,8948,5475,3073,1252,1821,513,267,246,59582,22628,36954,827,171,656
B0103,29,574,District - Hassan,Urban,Literate,299685,155256,144429,109764,90166,19598,12786,8375,4411,3740,2593,1147,177135,56715,120420,17053,6971,10082
B0103,29,574,District - Hassan,Urban,Literate but below matric/secondary,134059,67267,66792,36601,31175,5426,5776,3736,2040,1392,1014,378,91682,32356,59326,3563,1396,2167
B0103,29,574,District - Hassan,Urban,Matric/secondary but below graduate,95486,47435,48051,34751,29292,5459,4023,2663,1360,1289,896,393,56712,15480,41232,7313,2895,4418
B0103,29,574,District - Hassan,Urban,Technical diploma or certificate not equal to degree,10445,7469,2976,5989,4697,1292,492,398,94,236,191,45,3964,2374,1590,1302,865,437
B0103,29,574,District - Hassan,Urban,Graduate and above other than technical degree,31341,17871,13470,18198,14231,3967,1165,768,397,414,241,173,11978,2872,9106,2566,873,1693
B0103,29,574,District - Hassan,Urban,Technical degree or diploma equal to degree or post-graduate degree,10888,6465,4423,6241,4376,1865,477,275,202,211,119,92,4170,1814,2356,1528,648,880
B0103,29,575,District - Dakshina Kannada,Total,Total,2089649,1034714,1054935,914476,582498,331978,83245,38405,44840,14062,8950,5112,1091928,413811,678117,39932,17392,22540
B0103,29,575,District - Dakshina Kannada,Total,Illiterate,423326,170695,252631,102669,40215,62454,12848,3554,9294,1115,511,604,307809,126926,180883,999,350,649
B0103,29,575,District - Dakshina Kannada,Total,Literate,1666323,864019,802304,811807,542283,269524,70397,34851,35546,12947,8439,4508,784119,286885,497234,38933,17042,21891
B0103,29,575,District - Dakshina Kannada,Total,Literate but below matric/secondary,913378,468269,445109,421821,268869,152952,39178,18433,20745,5264,3742,1522,452379,180967,271412,7902,3936,3966
B0103,29,575,District - Dakshina Kannada,Total,Matric/secondary but below graduate,442362,229380,212982,205705,148337,57368,17919,9369,8550,4322,2762,1560,218738,71674,147064,16522,7343,9179
B0103,29,575,District - Dakshina Kannada,Total,Technical diploma or certificate not equal to degree,31858,22291,9567,19070,14953,4117,1152,858,294,486,376,110,11636,6480,5156,2195,1419,776
B0103,29,575,District - Dakshina Kannada,Total,Graduate and above other than technical degree,117083,59372,57711,67164,46494,20670,3669,1850,1819,1214,589,625,46250,11028,35222,6950,2227,4723
B0103,29,575,District - Dakshina Kannada,Total,Technical degree or diploma equal to degree or post-graduate degree,33882,18857,15025,20475,12989,7486,1228,592,636,507,195,312,12179,5276,6903,2742,1027,1715
B0103,29,575,District - Dakshina Kannada,Rural,Total,1093563,541484,552079,512709,312594,200115,55842,23145,32697,8346,5107,3239,525012,205745,319267,17290,7795,9495
B0103,29,575,District - Dakshina Kannada,Rural,Illiterate,255247,100680,154567,71676,28185,43491,9811,2494,7317,724,310,414,173760,70001,103759,479,154,325
B0103,29,575,District - Dakshina Kannada,Rural,Literate,838316,440804,397512,441033,284409,156624,46031,20651,25380,7622,4797,2825,351252,135744,215508,16811,7641,9170
B0103,29,575,District - Dakshina Kannada,Rural,Literate but below matric/secondary,522509,272612,249897,264150,164293,99857,27613,11955,15658,3331,2257,1074,230746,96364,134382,4050,2076,1974
B0103,29,575,District - Dakshina Kannada,Rural,Matric/secondary but below graduate,193084,100828,92256,99294,68303,30991,10971,5034,5937,2478,1480,998,82819,27491,55328,7322,3315,4007
B0103,29,575,District - Dakshina Kannada,Rural,Technical diploma or certificate not equal to degree,12642,8842,3800,7251,5493,1758,614,435,179,280,215,65,4777,2914,1863,1142,709,433
B0103,29,575,District - Dakshina Kannada,Rural,Graduate and above other than technical degree,32646,18369,14277,20313,15004,5309,1584,758,826,557,282,275,10749,2607,8142,2229,772,1457
B0103,29,575,District - Dakshina Kannada,Rural,Technical degree or diploma equal to degree or post-graduate degree,8342,4222,4120,5147,3002,2145,444,174,270,266,91,175,2751,1046,1705,902,285,617
B0103,29,575,District - Dakshina Kannada,Urban,Total,996086,493230,502856,401767,269904,131863,27403,15260,12143,5716,3843,1873,566916,208066,358850,22642,9597,13045
B0103,29,575,District - Dakshina Kannada,Urban,Illiterate,168079,70015,98064,30993,12030,18963,3037,1060,1977,391,201,190,134049,56925,77124,520,196,324
B0103,29,575,District - Dakshina Kannada,Urban,Literate,828007,423215,404792,370774,257874,112900,24366,14200,10166,5325,3642,1683,432867,151141,281726,22122,9401,12721
B0103,29,575,District - Dakshina Kannada,Urban,Literate but below matric/secondary,390869,195657,195212,157671,104576,53095,11565,6478,5087,1933,1485,448,221633,84603,137030,3852,1860,1992
B0103,29,575,District - Dakshina Kannada,Urban,Matric/secondary but below graduate,249278,128552,120726,106411,80034,26377,6948,4335,2613,1844,1282,562,135919,44183,91736,9200,4028,5172
B0103,29,575,District - Dakshina Kannada,Urban,Technical diploma or certificate not equal to degree,19216,13449,5767,11819,9460,2359,538,423,115,206,161,45,6859,3566,3293,1053,710,343
B0103,29,575,District - Dakshina Kannada,Urban,Graduate and above other than technical degree,84437,41003,43434,46851,31490,15361,2085,1092,993,657,307,350,35501,8421,27080,4721,1455,3266
B0103,29,575,District - Dakshina Kannada,Urban,Technical degree or diploma equal to degree or post-graduate degree,25540,14635,10905,15328,9987,5341,784,418,366,241,104,137,9428,4230,5198,1840,742,1098
B0103,29,576,District - Kodagu,Total,Total,554519,274608,279911,258753,162419,96334,20185,9681,10504,3839,2339,1500,275581,102508,173073,13796,5506,8290
B0103,29,576,District - Kodagu,Total,Illiterate,141642,59306,82336,59107,25552,33555,3720,1194,2526,409,157,252,78815,32560,46255,473,157,316
B0103,29,576,District - Kodagu,Total,Literate,412877,215302,197575,199646,136867,62779,16465,8487,7978,3430,2182,1248,196766,69948,126818,13323,5349,7974
B0103,29,576,District - Kodagu,Total,Literate but below matric/secondary,221321,115156,106165,96272,63788,32484,8068,4080,3988,1364,858,506,116981,47288,69693,3173,1350,1823
B0103,29,576,District - Kodagu,Total,Matric/secondary but below graduate,114919,59317,55602,56524,41071,15453,4979,2559,2420,1235,797,438,53416,15687,37729,6084,2389,3695
B0103,29,576,District - Kodagu,Total,Technical diploma or certificate not equal to degree,4351,2666,1685,2256,1558,698,171,129,42,82,60,22,1924,979,945,569,268,301
B0103,29,576,District - Kodagu,Total,Graduate and above other than technical degree,28802,15791,13011,17801,13026,4775,1126,594,532,291,184,107,9875,2171,7704,1814,705,1109
B0103,29,576,District - Kodagu,Total,Technical degree or diploma equal to degree or post-graduate degree,5446,2782,2664,3259,1946,1313,195,97,98,89,35,54,1992,739,1253,672,231,441
B0103,29,576,District - Kodagu,Rural,Total,473531,234161,239370,228414,140222,88192,17630,7994,9636,3224,1911,1313,227487,85945,141542,11487,4725,6762
B0103,29,576,District - Kodagu,Rural,Illiterate,127470,53241,74229,56251,24124,32127,3399,1064,2335,351,128,223,67820,28053,39767,415,145,270
B0103,29,576,District - Kodagu,Rural,Literate,346061,180920,165141,172163,116098,56065,14231,6930,7301,2873,1783,1090,159667,57892,101775,11072,4580,6492
B0103,29,576,District - Kodagu,Rural,Literate but below matric/secondary,192295,100336,91959,87011,56592,30419,7110,3397,3713,1139,685,454,98174,40347,57827,2785,1216,1569
B0103,29,576,District - Kodagu,Rural,Matric/secondary but below graduate,91879,47573,44306,46767,33385,13382,4230,2034,2196,1030,649,381,40882,12154,28728,5057,2040,3017
B0103,29,576,District - Kodagu,Rural,Technical diploma or certificate not equal to degree,3135,1928,1207,1575,1102,473,131,101,30,66,50,16,1429,725,704,479,234,245
B0103,29,576,District - Kodagu,Rural,Graduate and above other than technical degree,20760,11515,9245,12914,9566,3348,881,434,447,236,149,87,6965,1515,5450,1354,553,801
B0103,29,576,District - Kodagu,Rural,Technical degree or diploma equal to degree or post-graduate degree,3615,1793,1822,2129,1256,873,138,63,75,69,26,43,1348,474,874,501,171,330
B0103,29,576,District - Kodagu,Urban,Total,80988,40447,40541,30339,22197,8142,2555,1687,868,615,428,187,48094,16563,31531,2309,781,1528
B0103,29,576,District - Kodagu,Urban,Illiterate,14172,6065,8107,2856,1428,1428,321,130,191,58,29,29,10995,4507,6488,58,12,46
B0103,29,576,District - Kodagu,Urban,Literate,66816,34382,32434,27483,20769,6714,2234,1557,677,557,399,158,37099,12056,25043,2251,769,1482
B0103,29,576,District - Kodagu,Urban,Literate but below matric/secondary,29026,14820,14206,9261,7196,2065,958,683,275,225,173,52,18807,6941,11866,388,134,254
B0103,29,576,District - Kodagu,Urban,Matric/secondary but below graduate,23040,11744,11296,9757,7686,2071,749,525,224,205,148,57,12534,3533,9001,1027,349,678
B0103,29,576,District - Kodagu,Urban,Technical diploma or certificate not equal to degree,1216,738,478,681,456,225,40,28,12,16,10,6,495,254,241,90,34,56
B0103,29,576,District - Kodagu,Urban,Graduate and above other than technical degree,8042,4276,3766,4887,3460,1427,245,160,85,55,35,20,2910,656,2254,460,152,308
B0103,29,576,District - Kodagu,Urban,Technical degree or diploma equal to degree or post-graduate degree,1831,989,842,1130,690,440,57,34,23,20,9,11,644,265,379,171,60,111
B0103,29,577,District - Mysore,Total,Total,3001127,1511600,1489527,1082108,807031,275077,232160,114772,117388,49286,30715,18571,1686859,589797,1097062,92940,39029,53911
B0103,29,577,District - Mysore,Total,Illiterate,1038947,447834,591113,349687,216109,133578,98079,34237,63842,16196,7474,8722,591181,197488,393693,10079,2088,7991
B0103,29,577,District - Mysore,Total,Literate,1962180,1063766,898414,732421,590922,141499,134081,80535,53546,33090,23241,9849,1095678,392309,703369,82861,36941,45920
B0103,29,577,District - Mysore,Total,Literate but below matric/secondary,1015813,528291,487522,317398,252680,64718,69944,38686,31258,15437,10474,4963,628471,236925,391546,23411,8511,14900
B0103,29,577,District - Mysore,Total,Matric/secondary but below graduate,558822,303444,255378,215067,182140,32927,37204,24690,12514,10623,7825,2798,306551,96614,209937,36158,16612,19546
B0103,29,577,District - Mysore,Total,Technical diploma or certificate not equal to degree,37663,28341,9322,22227,18336,3891,2256,1819,437,843,667,176,13180,8186,4994,2950,2091,859
B0103,29,577,District - Mysore,Total,Graduate and above other than technical degree,157559,94277,63282,85949,67955,17994,7853,5572,2281,2453,1772,681,63757,20750,43007,10380,5093,5287
B0103,29,577,District - Mysore,Total,Technical degree or diploma equal to degree or post-graduate degree,57462,36027,21435,29714,21563,8151,2958,1862,1096,925,567,358,24790,12602,12188,5650,2829,2821
B0103,29,577,District - Mysore,Rural,Total,1755714,887500,868214,667491,483222,184269,173461,77950,95511,35814,21656,14158,914762,326328,588434,42384,17972,24412
B0103,29,577,District - Mysore,Rural,Illiterate,761044,326766,434278,287968,176006,111962,84467,27697,56770,13614,5974,7640,388609,123063,265546,6338,1159,5179
B0103,29,577,District - Mysore,Rural,Literate,994670,560734,433936,379523,307216,72307,88994,50253,38741,22200,15682,6518,526153,203265,322888,36046,16813,19233
B0103,29,577,District - Mysore,Rural,Literate but below matric/secondary,624356,335275,289081,212561,167315,45246,52781,27595,25186,11669,7834,3835,359014,140365,218649,12180,4272,7908
B0103,29,577,District - Mysore,Rural,Matric/secondary but below graduate,233446,138627,94819,97981,83626,14355,21846,13959,7887,6582,4945,1637,113619,41042,72577,15683,7808,7875
B0103,29,577,District - Mysore,Rural,Technical diploma or certificate not equal to degree,10144,8187,1957,4959,4293,666,817,686,131,397,333,64,4368,3208,1160,1359,1031,328
B0103,29,577,District - Mysore,Rural,Graduate and above other than technical degree,30216,23195,7021,17713,15875,1838,2430,1955,475,1019,841,178,10073,5365,4708,2795,1799,996
B0103,29,577,District - Mysore,Rural,Technical degree or diploma equal to degree or post-graduate degree,7722,4963,2759,3525,2689,836,516,331,185,307,203,104,3681,1943,1738,1540,866,674
B0103,29,577,District - Mysore,Urban,Total,1245413,624100,621313,414617,323809,90808,58699,36822,21877,13472,9059,4413,772097,263469,508628,50556,21057,29499
B0103,29,577,District - Mysore,Urban,Illiterate,277903,121068,156835,61719,40103,21616,13612,6540,7072,2582,1500,1082,202572,74425,128147,3741,929,2812
B0103,29,577,District - Mysore,Urban,Literate,967510,503032,464478,352898,283706,69192,45087,30282,14805,10890,7559,3331,569525,189044,380481,46815,20128,26687
B0103,29,577,District - Mysore,Urban,Literate but below matric/secondary,391457,193016,198441,104837,85365,19472,17163,11091,6072,3768,2640,1128,269457,96560,172897,11231,4239,6992
B0103,29,577,District - Mysore,Urban,Matric/secondary but below graduate,325376,164817,160559,117086,98514,18572,15358,10731,4627,4041,2880,1161,192932,55572,137360,20475,8804,11671
B0103,29,577,District - Mysore,Urban,Technical diploma or certificate not equal to degree,27519,20154,7365,17268,14043,3225,1439,1133,306,446,334,112,8812,4978,3834,1591,1060,531
B0103,29,577,District - Mysore,Urban,Graduate and above other than technical degree,127343,71082,56261,68236,52080,16156,5423,3617,1806,1434,931,503,53684,15385,38299,7585,3294,4291
B0103,29,577,District - Mysore,Urban,Technical degree or diploma equal to degree or post-graduate degree,49740,31064,18676,26189,18874,7315,2442,1531,911,618,364,254,21109,10659,10450,4110,1963,2147
B0103,29,578,District - Chamarajanagar,Total,Total,1020791,512231,508560,381408,272121,109287,100285,52205,48080,26618,16306,10312,539098,187905,351193,32326,13243,19083
B0103,29,578,District - Chamarajanagar,Total,Illiterate,455512,199274,256238,176606,106155,70451,52988,21817,31171,11671,5696,5975,225918,71302,154616,5182,972,4210
B0103,29,578,District - Chamarajanagar,Total,Literate,565279,312957,252322,204802,165966,38836,47297,30388,16909,14947,10610,4337,313180,116603,196577,27144,12271,14873
B0103,29,578,District - Chamarajanagar,Total,Literate but below matric/secondary,340430,182235,158195,108179,86484,21695,26707,16387,10320,7716,5260,2456,205544,79364,126180,8329,3177,5152
B0103,29,578,District - Chamarajanagar,Total,Matric/secondary but below graduate,144349,81468,62881,55419,47083,8336,11923,8381,3542,4388,3304,1084,77007,26004,51003,12270,5641,6629
B0103,29,578,District - Chamarajanagar,Total,Technical diploma or certificate not equal to degree,7019,4434,2585,3277,2277,1000,415,299,116,240,177,63,3327,1858,1469,1085,630,455
B0103,29,578,District - Chamarajanagar,Total,Graduate and above other than technical degree,23269,16830,6439,13920,12104,1816,1691,1370,321,777,629,148,7658,3356,4302,2342,1350,992
B0103,29,578,District - Chamarajanagar,Total,Technical degree or diploma equal to degree or post-graduate degree,7511,4783,2728,3626,2693,933,461,318,143,287,193,94,3424,1772,1652,1602,845,757
B0103,29,578,District - Chamarajanagar,Rural,Total,845817,424884,420933,323531,227375,96156,90862,46072,44790,24242,14648,9594,431424,151437,279987,26343,10438,15905
B0103,29,578,District - Chamarajanagar,Rural,Illiterate,403557,176975,226582,162567,97200,65367,49549,20096,29453,10956,5292,5664,191441,59679,131762,4849,857,3992
B0103,29,578,District - Chamarajanagar,Rural,Literate,442260,247909,194351,160964,130175,30789,41313,25976,15337,13286,9356,3930,239983,91758,148225,21494,9581,11913
B0103,29,578,District - Chamarajanagar,Rural,Literate but below matric/secondary,276537,149661,126876,89477,71218,18259,23639,14257,9382,6925,4661,2264,163421,64186,99235,7109,2620,4489
B0103,29,578,District - Chamarajanagar,Rural,Matric/secondary but below graduate,106162,61429,44733,41557,35272,6285,10108,6917,3191,3861,2888,973,54497,19240,35257,9680,4428,5252
B0103,29,578,District - Chamarajanagar,Rural,Technical diploma or certificate not equal to degree,4801,3117,1684,2172,1571,601,335,242,93,201,150,51,2294,1304,990,797,460,337
B0103,29,578,District - Chamarajanagar,Rural,Graduate and above other than technical degree,13608,10578,3030,8092,7290,802,1269,1047,222,637,526,111,4247,2241,2006,1508,943,565
B0103,29,578,District - Chamarajanagar,Rural,Technical degree or diploma equal to degree or post-graduate degree,4546,2958,1588,1962,1509,453,337,234,103,222,154,68,2247,1215,1032,1107,608,499
B0103,29,578,District - Chamarajanagar,Urban,Total,174974,87347,87627,57877,44746,13131,9423,6133,3290,2376,1658,718,107674,36468,71206,5983,2805,3178
B0103,29,578,District - Chamarajanagar,Urban,Illiterate,51955,22299,29656,14039,8955,5084,3439,1721,1718,715,404,311,34477,11623,22854,333,115,218
B0103,29,578,District - Chamarajanagar,Urban,Literate,123019,65048,57971,43838,35791,8047,5984,4412,1572,1661,1254,407,73197,24845,48352,5650,2690,2960
B0103,29,578,District - Chamarajanagar,Urban,Literate but below matric/secondary,63893,32574,31319,18702,15266,3436,3068,2130,938,791,599,192,42123,15178,26945,1220,557,663
B0103,29,578,District - Chamarajanagar,Urban,Matric/secondary but below graduate,38187,20039,18148,13862,11811,2051,1815,1464,351,527,416,111,22510,6764,15746,2590,1213,1377
B0103,29,578,District - Chamarajanagar,Urban,Technical diploma or certificate not equal to degree,2218,1317,901,1105,706,399,80,57,23,39,27,12,1033,554,479,288,170,118
B0103,29,578,District - Chamarajanagar,Urban,Graduate and above other than technical degree,9661,6252,3409,5828,4814,1014,422,323,99,140,103,37,3411,1115,2296,834,407,427
B0103,29,578,District - Chamarajanagar,Urban,Technical degree or diploma equal to degree or post-graduate degree,2965,1825,1140,1664,1184,480,124,84,40,65,39,26,1177,557,620,495,237,258
B0103,29,579,District - Gulbarga,Total,Total,2566326,1301755,1264571,844237,573207,271030,242791,106794,135997,80876,41601,39275,1479298,621754,857544,85744,39724,46020
B0103,29,579,District - Gulbarga,Total,Illiterate,1138958,473396,665562,377219,194691,182528,127592,36928,90664,38280,13184,25096,634147,241777,392370,15411,3583,11828
B0103,29,579,District - Gulbarga,Total,Literate,1427368,828359,599009,467018,378516,88502,115199,69866,45333,42596,28417,14179,845151,379977,465174,70333,36141,34192
B0103,29,579,District - Gulbarga,Total,Literate but below matric/secondary,817055,447377,369678,208450,161112,47338,60290,33068,27222,20179,12407,7772,548315,253197,295118,19657,8510,11147
B0103,29,579,District - Gulbarga,Total,Matric/secondary but below graduate,402256,244609,157647,156533,134642,21891,35359,23834,11525,14173,10228,3945,210364,86133,124231,31702,16264,15438
B0103,29,579,District - Gulbarga,Total,Technical diploma or certificate not equal to degree,27314,22302,5012,13656,11481,2175,2199,1884,315,1071,948,123,11459,8937,2522,3408,2897,511
B0103,29,579,District - Gulbarga,Total,Graduate and above other than technical degree,76614,52408,24206,40958,34918,6040,5870,4340,1530,2588,1933,655,29786,13150,16636,7117,3995,3122
B0103,29,579,District - Gulbarga,Total,Technical degree or diploma equal to degree or post-graduate degree,37551,23389,14162,17306,12943,4363,2843,1837,1006,1471,973,498,17402,8609,8793,5511,3044,2467
B0103,29,579,District - Gulbarga,Rural,Total,1730775,877144,853631,617091,395736,221355,190106,75164,114942,62610,30027,32583,923578,406244,517334,43947,21230,22717
B0103,29,579,District - Gulbarga,Rural,Illiterate,873447,361794,511653,322022,161132,160890,111254,29784,81470,33237,10791,22446,440171,170878,269293,9590,2218,7372
B0103,29,579,District - Gulbarga,Rural,Literate,857328,515350,341978,295069,234604,60465,78852,45380,33472,29373,19236,10137,483407,235366,248041,34357,19012,15345
B0103,29,579,District - Gulbarga,Rural,Literate but below matric/secondary,561931,316130,245801,158911,119817,39094,46675,24318,22357,15862,9437,6425,356345,171995,184350,11289,4966,6323
B0103,29,579,District - Gulbarga,Rural,Matric/secondary but below graduate,211418,139892,71526,93340,79321,14019,22317,14674,7643,9129,6635,2494,95761,45897,49864,15306,8668,6638
B0103,29,579,District - Gulbarga,Rural,Technical diploma or certificate not equal to degree,12228,10830,1398,5804,5211,593,1092,1000,92,585,555,30,5332,4619,713,1793,1603,190
B0103,29,579,District - Gulbarga,Rural,Graduate and above other than technical degree,22641,17938,4703,12847,11667,1180,1983,1575,408,1010,848,162,7811,4696,3115,2408,1716,692
B0103,29,579,District - Gulbarga,Rural,Technical degree or diploma equal to degree or post-graduate degree,10687,7325,3362,4784,3792,992,883,599,284,550,394,156,5020,2934,2086,2128,1335,793
B0103,29,579,District - Gulbarga,Urban,Total,835551,424611,410940,227146,177471,49675,52685,31630,21055,18266,11574,6692,555720,215510,340210,41797,18494,23303
B0103,29,579,District - Gulbarga,Urban,Illiterate,265511,111602,153909,55197,33559,21638,16338,7144,9194,5043,2393,2650,193976,70899,123077,5821,1365,4456
B0103,29,579,District - Gulbarga,Urban,Literate,570040,313009,257031,171949,143912,28037,36347,24486,11861,13223,9181,4042,361744,144611,217133,35976,17129,18847
B0103,29,579,District - Gulbarga,Urban,Literate but below matric/secondary,255124,131247,123877,49539,41295,8244,13615,8750,4865,4317,2970,1347,191970,81202,110768,8368,3544,4824
B0103,29,579,District - Gulbarga,Urban,Matric/secondary but below graduate,190838,104717,86121,63193,55321,7872,13042,9160,3882,5044,3593,1451,114603,40236,74367,16396,7596,8800
B0103,29,579,District - Gulbarga,Urban,Technical diploma or certificate not equal to degree,15086,11472,3614,7852,6270,1582,1107,884,223,486,393,93,6127,4318,1809,1615,1294,321
B0103,29,579,District - Gulbarga,Urban,Graduate and above other than technical degree,53973,34470,19503,28111,23251,4860,3887,2765,1122,1578,1085,493,21975,8454,13521,4709,2279,2430
B0103,29,579,District - Gulbarga,Urban,Technical degree or diploma equal to degree or post-graduate degree,26864,16064,10800,12522,9151,3371,1960,1238,722,921,579,342,12382,5675,6707,3383,1709,1674
B0103,29,580,District - Yadgir,Total,Total,1174271,590329,583942,437241,276472,160769,110455,40663,69792,31967,14778,17189,626575,273194,353381,21604,10300,11304
B0103,29,580,District - Yadgir,Total,Illiterate,664268,283578,380690,255285,132440,122845,74289,19926,54363,19901,6658,13243,334694,131212,203482,5755,1400,4355
B0103,29,580,District - Yadgir,Total,Literate,510003,306751,203252,181956,144032,37924,36166,20737,15429,12066,8120,3946,291881,141982,149899,15849,8900,6949
B0103,29,580,District - Yadgir,Total,Literate but below matric/secondary,342826,198290,144536,102124,78166,23958,23274,12507,10767,7215,4467,2748,217428,107617,109811,5327,2550,2777
B0103,29,580,District - Yadgir,Total,Matric/secondary but below graduate,107679,69311,38368,46324,39750,6574,7541,5064,2477,2808,2174,634,53814,24497,29317,6479,3799,2680
B0103,29,580,District - Yadgir,Total,Technical diploma or certificate not equal to degree,6279,5103,1176,3209,2577,632,374,329,45,214,198,16,2696,2197,499,725,636,89
B0103,29,580,District - Yadgir,Total,Graduate and above other than technical degree,19122,14569,4553,11957,10676,1281,1156,968,188,565,499,66,6009,2925,3084,1512,983,529
B0103,29,580,District - Yadgir,Total,Technical degree or diploma equal to degree or post-graduate degree,7774,5141,2633,4071,3112,959,461,312,149,287,197,90,3242,1717,1525,1223,665,558
B0103,29,580,District - Yadgir,Rural,Total,953594,479078,474516,370338,227172,143166,97736,34009,63727,27911,12288,15623,485520,217897,267623,14570,6972,7598
B0103,29,580,District - Yadgir,Rural,Illiterate,579350,248080,331270,233863,120480,113383,67841,17601,50240,17980,5796,12184,277646,109999,167647,4564,1079,3485
B0103,29,580,District - Yadgir,Rural,Literate,374244,230998,143246,136475,106692,29783,29895,16408,13487,9931,6492,3439,207874,107898,99976,10006,5893,4113
B0103,29,580,District - Yadgir,Rural,Literate but below matric/secondary,271542,161061,110481,85408,64923,20485,20194,10503,9691,6277,3783,2494,165940,85635,80305,3830,1878,1952
B0103,29,580,District - Yadgir,Rural,Matric/secondary but below graduate,67177,46374,20803,30973,26432,4541,5711,3717,1994,2155,1643,512,30493,16225,14268,4013,2525,1488
B0103,29,580,District - Yadgir,Rural,Technical diploma or certificate not equal to degree,3315,2843,472,1606,1365,241,244,216,28,149,135,14,1465,1262,203,402,362,40
B0103,29,580,District - Yadgir,Rural,Graduate and above other than technical degree,8813,7231,1582,5477,5020,457,698,589,109,377,337,40,2638,1622,1016,776,573,203
B0103,29,580,District - Yadgir,Rural,Technical degree or diploma equal to degree or post-graduate degree,3773,2699,1074,1862,1495,367,293,205,88,197,142,55,1618,999,619,670,416,254
B0103,29,580,District - Yadgir,Urban,Total,220677,111251,109426,66903,49300,17603,12719,6654,6065,4056,2490,1566,141055,55297,85758,7034,3328,3706
B0103,29,580,District - Yadgir,Urban,Illiterate,84918,35498,49420,21422,11960,9462,6448,2325,4123,1921,862,1059,57048,21213,35835,1191,321,870
B0103,29,580,District - Yadgir,Urban,Literate,135759,75753,60006,45481,37340,8141,6271,4329,1942,2135,1628,507,84007,34084,49923,5843,3007,2836
B0103,29,580,District - Yadgir,Urban,Literate but below matric/secondary,71284,37229,34055,16716,13243,3473,3080,2004,1076,938,684,254,51488,21982,29506,1497,672,825
B0103,29,580,District - Yadgir,Urban,Matric/secondary but below graduate,40502,22937,17565,15351,13318,2033,1830,1347,483,653,531,122,23321,8272,15049,2466,1274,1192
B0103,29,580,District - Yadgir,Urban,Technical diploma or certificate not equal to degree,2964,2260,704,1603,1212,391,130,113,17,65,63,2,1231,935,296,323,274,49
B0103,29,580,District - Yadgir,Urban,Graduate and above other than technical degree,10309,7338,2971,6480,5656,824,458,379,79,188,162,26,3371,1303,2068,736,410,326
B0103,29,580,District - Yadgir,Urban,Technical degree or diploma equal to degree or post-graduate degree,4001,2442,1559,2209,1617,592,168,107,61,90,55,35,1624,718,906,553,249,304
B0103,29,581,District - Kolar,Total,Total,1536401,776396,760005,584590,394176,190414,133282,59872,73410,33350,18342,15008,818529,322348,496181,48210,20711,27499
B0103,29,581,District - Kolar,Total,Illiterate,520182,212286,307896,176359,86487,89872,49930,14887,35043,9744,3576,6168,293893,110912,182981,4320,901,3419
B0103,29,581,District - Kolar,Total,Literate,1016219,564110,452109,408231,307689,100542,83352,44985,38367,23606,14766,8840,524636,211436,313200,43890,19810,24080
B0103,29,581,District - Kolar,Total,Literate but below matric/secondary,545334,289694,255640,184870,133534,51336,42898,21644,21254,10589,6251,4338,317566,134516,183050,11492,4292,7200
B0103,29,581,District - Kolar,Total,Matric/secondary but below graduate,309285,175244,134041,134811,107025,27786,25663,14740,10923,8267,5372,2895,148811,53479,95332,20761,9512,11249
B0103,29,581,District - Kolar,Total,Technical diploma or certificate not equal to degree,23695,17094,6601,12907,10272,2635,1391,1058,333,694,544,150,9397,5764,3633,2556,1699,857
B0103,29,581,District - Kolar,Total,Graduate and above other than technical degree,49810,32916,16894,29157,23746,5411,3330,2335,995,1390,1006,384,17323,6835,10488,4251,2125,2126
B0103,29,581,District - Kolar,Total,Technical degree or diploma equal to degree or post-graduate degree,17416,10430,6986,9506,6569,2937,1037,595,442,503,270,233,6873,3266,3607,2382,1142,1240
B0103,29,581,District - Kolar,Rural,Total,1056328,535431,520897,431414,276268,155146,113680,47173,66507,27577,14331,13246,511234,211990,299244,27173,11825,15348
B0103,29,581,District - Kolar,Rural,Illiterate,406907,163646,243261,152941,72455,80486,45940,12975,32965,8778,3000,5778,208026,78216,129810,3158,615,2543
B0103,29,581,District - Kolar,Rural,Literate,649421,371785,277636,278473,203813,74660,67740,34198,33542,18799,11331,7468,303208,133774,169434,24015,11210,12805
B0103,29,581,District - Kolar,Rural,Literate but below matric/secondary,376270,204983,171287,139208,97344,41864,36108,17144,18964,8758,4966,3792,200954,90495,110459,6718,2486,4232
B0103,29,581,District - Kolar,Rural,Matric/secondary but below graduate,183429,109607,73822,88615,68186,20429,20330,10821,9509,6442,3998,2444,74484,30600,43884,11483,5521,5962
B0103,29,581,District - Kolar,Rural,Technical diploma or certificate not equal to degree,9821,7235,2586,5039,4035,1004,775,575,200,400,301,99,4007,2625,1382,1177,746,431
B0103,29,581,District - Kolar,Rural,Graduate and above other than technical degree,22501,16992,5509,13815,11880,1935,2161,1539,622,985,752,233,6525,3573,2952,2064,1273,791
B0103,29,581,District - Kolar,Rural,Technical degree or diploma equal to degree or post-graduate degree,6980,4398,2582,3609,2599,1010,603,347,256,337,192,145,2768,1452,1316,1094,556,538
B0103,29,581,District - Kolar,Urban,Total,480073,240965,239108,153176,117908,35268,19602,12699,6903,5773,4011,1762,307295,110358,196937,21037,8886,12151
B0103,29,581,District - Kolar,Urban,Illiterate,113275,48640,64635,23418,14032,9386,3990,1912,2078,966,576,390,85867,32696,53171,1162,286,876
B0103,29,581,District - Kolar,Urban,Literate,366798,192325,174473,129758,103876,25882,15612,10787,4825,4807,3435,1372,221428,77662,143766,19875,8600,11275
B0103,29,581,District - Kolar,Urban,Literate but below matric/secondary,169064,84711,84353,45662,36190,9472,6790,4500,2290,1831,1285,546,116612,44021,72591,4774,1806,2968
B0103,29,581,District - Kolar,Urban,Matric/secondary but below graduate,125856,65637,60219,46196,38839,7357,5333,3919,1414,1825,1374,451,74327,22879,51448,9278,3991,5287
B0103,29,581,District - Kolar,Urban,Technical diploma or certificate not equal to degree,13874,9859,4015,7868,6237,1631,616,483,133,294,243,51,5390,3139,2251,1379,953,426
B0103,29,581,District - Kolar,Urban,Graduate and above other than technical degree,27309,15924,11385,15342,11866,3476,1169,796,373,405,254,151,10798,3262,7536,2187,852,1335
B0103,29,581,District - Kolar,Urban,Technical degree or diploma equal to degree or post-graduate degree,10436,6032,4404,5897,3970,1927,434,248,186,166,78,88,4105,1814,2291,1288,586,702
B0103,29,582,District - Chikkaballapura,Total,Total,1255104,636437,618667,535565,341335,194230,104213,43117,61096,23285,12367,10918,615326,251985,363341,30795,13047,17748
B0103,29,582,District - Chikkaballapura,Total,Illiterate,471882,194279,277603,195292,93046,102246,43893,12564,31329,7672,2829,4843,232697,88669,144028,3605,699,2906
B0103,29,582,District - Chikkaballapura,Total,Literate,783222,442158,341064,340273,248289,91984,60320,30553,29767,15613,9538,6075,382629,163316,219313,27190,12348,14842
B0103,29,582,District - Chikkaballapura,Total,Literate but below matric/secondary,452817,244583,208234,172216,120677,51539,32891,15513,17378,7525,4329,3196,247710,108393,139317,7968,2840,5128
B0103,29,582,District - Chikkaballapura,Total,Matric/secondary but below graduate,223748,130223,93525,105207,80354,24853,18065,9663,8402,5301,3330,1971,100476,40206,60270,12877,6190,6687
B0103,29,582,District - Chikkaballapura,Total,Technical diploma or certificate not equal to degree,11785,8885,2900,6649,5377,1272,759,611,148,352,286,66,4377,2897,1480,1195,781,414
B0103,29,582,District - Chikkaballapura,Total,Graduate and above other than technical degree,33362,23386,9976,20731,17338,3393,2070,1457,613,850,627,223,10561,4591,5970,2468,1337,1131
B0103,29,582,District - Chikkaballapura,Total,Technical degree or diploma equal to degree or post-graduate degree,10972,7088,3884,6186,4464,1722,524,319,205,273,157,116,4262,2305,1957,1364,710,654
B0103,29,582,District - Chikkaballapura,Rural,Total,973985,494463,479522,440963,269952,171011,88283,33949,54334,19490,9947,9543,444739,190562,254177,20524,9352,11172
B0103,29,582,District - Chikkaballapura,Rural,Illiterate,393754,160123,233631,175255,81024,94231,39188,10527,28661,6774,2357,4417,179311,68572,110739,2719,508,2211
B0103,29,582,District - Chikkaballapura,Rural,Literate,580231,334340,245891,265708,188928,76780,49095,23422,25673,12716,7590,5126,265428,121990,143438,17805,8844,8961
B0103,29,582,District - Chikkaballapura,Rural,Literate but below matric/secondary,347897,191367,156530,141284,96327,44957,27189,12092,15097,6208,3463,2745,179424,82948,96476,5214,2000,3214
B0103,29,582,District - Chikkaballapura,Rural,Matric/secondary but below graduate,161758,97474,64284,81768,61026,20742,14765,7465,7300,4356,2680,1676,65225,28983,36242,8844,4637,4207
B0103,29,582,District - Chikkaballapura,Rural,Technical diploma or certificate not equal to degree,7138,5731,1407,3933,3317,616,537,438,99,280,228,52,2668,1976,692,713,548,165
B0103,29,582,District - Chikkaballapura,Rural,Graduate and above other than technical degree,18399,13999,4400,11560,9976,1584,1392,991,401,614,467,147,5447,3032,2415,1427,914,513
B0103,29,582,District - Chikkaballapura,Rural,Technical degree or diploma equal to degree or post-graduate degree,5698,3841,1857,2996,2210,786,350,210,140,205,122,83,2352,1421,931,753,402,351
B0103,29,582,District - Chikkaballapura,Urban,Total,281119,141974,139145,94602,71383,23219,15930,9168,6762,3795,2420,1375,170587,61423,109164,10271,3695,6576
B0103,29,582,District - Chikkaballapura,Urban,Illiterate,78128,34156,43972,20037,12022,8015,4705,2037,2668,898,472,426,53386,20097,33289,886,191,695
B0103,29,582,District - Chikkaballapura,Urban,Literate,202991,107818,95173,74565,59361,15204,11225,7131,4094,2897,1948,949,117201,41326,75875,9385,3504,5881
B0103,29,582,District - Chikkaballapura,Urban,Literate but below matric/secondary,104920,53216,51704,30932,24350,6582,5702,3421,2281,1317,866,451,68286,25445,42841,2754,840,1914
B0103,29,582,District - Chikkaballapura,Urban,Matric/secondary but below graduate,61990,32749,29241,23439,19328,4111,3300,2198,1102,945,650,295,35251,11223,24028,4033,1553,2480
B0103,29,582,District - Chikkaballapura,Urban,Technical diploma or certificate not equal to degree,4647,3154,1493,2716,2060,656,222,173,49,72,58,14,1709,921,788,482,233,249
B0103,29,582,District - Chikkaballapura,Urban,Graduate and above other than technical degree,14963,9387,5576,9171,7362,1809,678,466,212,236,160,76,5114,1559,3555,1041,423,618
B0103,29,582,District - Chikkaballapura,Urban,Technical degree or diploma equal to degree or post-graduate degree,5274,3247,2027,3190,2254,936,174,109,65,68,35,33,1910,884,1026,611,308,303
B0103,29,583,District - Bangalore Rural,Total,Total,990923,509172,481751,389989,282416,107573,69902,33083,36819,16380,9627,6753,531032,193673,337359,26223,10462,15761
B0103,29,583,District - Bangalore Rural,Total,Illiterate,302174,123861,178313,90054,47984,42070,21479,6545,14934,3595,1468,2127,190641,69332,121309,2515,446,2069
B0103,29,583,District - Bangalore Rural,Total,Literate,688749,385311,303438,299935,234432,65503,48423,26538,21885,12785,8159,4626,340391,124341,216050,23708,10016,13692
B0103,29,583,District - Bangalore Rural,Total,Literate but below matric/secondary,359858,193204,166654,131660,99288,32372,23963,12201,11762,5593,3393,2200,204235,81715,122520,6627,2289,4338
B0103,29,583,District - Bangalore Rural,Total,Matric/secondary but below graduate,237594,133608,103986,115458,92527,22931,17761,9956,7805,5244,3341,1903,104375,31125,73250,11965,5070,6895
B0103,29,583,District - Bangalore Rural,Total,Technical diploma or certificate not equal to degree,13516,11087,2429,8797,7722,1075,781,688,93,330,296,34,3938,2677,1261,824,610,214
B0103,29,583,District - Bangalore Rural,Total,Graduate and above other than technical degree,34368,23147,11221,21093,17723,3370,2026,1498,528,695,534,161,11249,3926,7323,2339,1205,1134
B0103,29,583,District - Bangalore Rural,Total,Technical degree or diploma equal to degree or post-graduate degree,9370,5996,3374,5426,4052,1374,467,287,180,200,120,80,3477,1657,1820,984,496,488
B0103,29,583,District - Bangalore Rural,Rural,Total,722179,371369,350810,292534,206882,85652,58087,25686,32401,14660,8566,6094,371558,138801,232757,19970,7911,12059
B0103,29,583,District - Bangalore Rural,Rural,Illiterate,237547,95912,141635,75638,39349,36289,19107,5430,13677,3344,1346,1998,142802,51133,91669,2147,357,1790
B0103,29,583,District - Bangalore Rural,Rural,Literate,484632,275457,209175,216896,167533,49363,38980,20256,18724,11316,7220,4096,228756,87668,141088,17823,7554,10269
B0103,29,583,District - Bangalore Rural,Rural,Literate but below matric/secondary,265942,144280,121662,102100,75796,26304,19814,9507,10307,5048,3044,2004,144028,58977,85051,5247,1807,3440
B0103,29,583,District - Bangalore Rural,Rural,Matric/secondary but below graduate,165639,96050,69589,84180,66873,17307,14427,7760,6667,4671,2987,1684,67032,21417,45615,9215,3913,5302
B0103,29,583,District - Bangalore Rural,Rural,Technical diploma or certificate not equal to degree,8009,6825,1184,4971,4460,511,562,504,58,281,253,28,2476,1861,615,600,458,142
B0103,29,583,District - Bangalore Rural,Rural,Graduate and above other than technical degree,18411,13395,5016,11342,9866,1476,1361,1021,340,567,453,114,5708,2508,3200,1499,864,635
B0103,29,583,District - Bangalore Rural,Rural,Technical degree or diploma equal to degree or post-graduate degree,4402,2856,1546,2506,1895,611,271,160,111,148,91,57,1625,801,824,568,276,292
B0103,29,583,District - Bangalore Rural,Urban,Total,268744,137803,130941,97455,75534,21921,11815,7397,4418,1720,1061,659,159474,54872,104602,6253,2551,3702
B0103,29,583,District - Bangalore Rural,Urban,Illiterate,64627,27949,36678,14416,8635,5781,2372,1115,1257,251,122,129,47839,18199,29640,368,89,279
B0103,29,583,District - Bangalore Rural,Urban,Literate,204117,109854,94263,83039,66899,16140,9443,6282,3161,1469,939,530,111635,36673,74962,5885,2462,3423
B0103,29,583,District - Bangalore Rural,Urban,Literate but below matric/secondary,93916,48924,44992,29560,23492,6068,4149,2694,1455,545,349,196,60207,22738,37469,1380,482,898
B0103,29,583,District - Bangalore Rural,Urban,Matric/secondary but below graduate,71955,37558,34397,31278,25654,5624,3334,2196,1138,573,354,219,37343,9708,27635,2750,1157,1593
B0103,29,583,District - Bangalore Rural,Urban,Technical diploma or certificate not equal to degree,5507,4262,1245,3826,3262,564,219,184,35,49,43,6,1462,816,646,224,152,72
B0103,29,583,District - Bangalore Rural,Urban,Graduate and above other than technical degree,15957,9752,6205,9751,7857,1894,665,477,188,128,81,47,5541,1418,4123,840,341,499
B0103,29,583,District - Bangalore Rural,Urban,Technical degree or diploma equal to degree or post-graduate degree,4968,3140,1828,2920,2157,763,196,127,69,52,29,23,1852,856,996,416,220,196
B0103,29,584,District - Ramanagara,Total,Total,1082636,548008,534628,458841,312618,146223,72618,31731,40887,15339,9357,5982,551177,203659,347518,28958,12554,16404
B0103,29,584,District - Ramanagara,Total,Illiterate,407878,169547,238331,165841,88717,77124,28980,8270,20710,3737,1593,2144,213057,72560,140497,2858,559,2299
B0103,29,584,District - Ramanagara,Total,Literate,674758,378461,296297,293000,223901,69099,43638,23461,20177,11602,7764,3838,338120,131099,207021,26100,11995,14105
B0103,29,584,District - Ramanagara,Total,Literate but below matric/secondary,381261,207565,173696,145747,107503,38244,23003,11676,11327,4913,3240,1673,212511,88386,124125,7251,3009,4242
B0103,29,584,District - Ramanagara,Total,Matric/secondary but below graduate,211047,117603,93444,98396,77620,20776,14988,8335,6653,4703,3127,1576,97663,31648,66015,13110,5864,7246
B0103,29,584,District - Ramanagara,Total,Technical diploma or certificate not equal to degree,11650,9761,1889,6992,6183,809,745,626,119,389,324,65,3913,2952,961,1132,889,243
B0103,29,584,District - Ramanagara,Total,Graduate and above other than technical degree,31211,21230,9981,19343,16340,3003,1747,1197,550,707,509,198,10121,3693,6428,2567,1290,1277
B0103,29,584,District - Ramanagara,Total,Technical degree or diploma equal to degree or post-graduate degree,8085,5019,3066,4652,3350,1302,406,243,163,205,113,92,3027,1426,1601,1076,525,551
B0103,29,584,District - Ramanagara,Rural,Total,814877,412438,402439,364229,241705,122524,60845,24385,36460,12912,7813,5099,389803,146348,243455,20367,9015,11352
B0103,29,584,District - Ramanagara,Rural,Illiterate,333566,136568,196998,144944,76242,68702,25636,6650,18986,3254,1332,1922,162986,53676,109310,2227,409,1818
B0103,29,584,District - Ramanagara,Rural,Literate,481311,275870,205441,219285,165463,53822,35209,17735,17474,9658,6481,3177,226817,92672,134145,18140,8606,9534
B0103,29,584,District - Ramanagara,Rural,Literate but below matric/secondary,279480,154957,124523,113204,82606,30598,18660,8808,9852,4052,2667,1385,147616,63543,84073,5230,2247,2983
B0103,29,584,District - Ramanagara,Rural,Matric/secondary but below graduate,150376,86720,63656,75281,58354,16927,12371,6492,5879,4036,2677,1359,62724,21874,40850,9307,4245,5062
B0103,29,584,District - Ramanagara,Rural,Technical diploma or certificate not equal to degree,7499,6563,936,4318,3986,332,562,487,75,325,281,44,2619,2090,529,814,655,159
B0103,29,584,District - Ramanagara,Rural,Graduate and above other than technical degree,17330,12602,4728,10930,9489,1441,1157,777,380,528,393,135,5243,2336,2907,1513,871,642
B0103,29,584,District - Ramanagara,Rural,Technical degree or diploma equal to degree or post-graduate degree,3787,2380,1407,2036,1506,530,235,133,102,134,76,58,1516,741,775,609,303,306
B0103,29,584,District - Ramanagara,Urban,Total,267759,135570,132189,94612,70913,23699,11773,7346,4427,2427,1544,883,161374,57311,104063,8591,3539,5052
B0103,29,584,District - Ramanagara,Urban,Illiterate,74312,32979,41333,20897,12475,8422,3344,1620,1724,483,261,222,50071,18884,31187,631,150,481
B0103,29,584,District - Ramanagara,Urban,Literate,193447,102591,90856,73715,58438,15277,8429,5726,2703,1944,1283,661,111303,38427,72876,7960,3389,4571
B0103,29,584,District - Ramanagara,Urban,Literate but below matric/secondary,101781,52608,49173,32543,24897,7646,4343,2868,1475,861,573,288,64895,24843,40052,2021,762,1259
B0103,29,584,District - Ramanagara,Urban,Matric/secondary but below graduate,60671,30883,29788,23115,19266,3849,2617,1843,774,667,450,217,34939,9774,25165,3803,1619,2184
B0103,29,584,District - Ramanagara,Urban,Technical diploma or certificate not equal to degree,4151,3198,953,2674,2197,477,183,139,44,64,43,21,1294,862,432,318,234,84
B0103,29,584,District - Ramanagara,Urban,Graduate and above other than technical degree,13881,8628,5253,8413,6851,1562,590,420,170,179,116,63,4878,1357,3521,1054,419,635
B0103,29,584,District - Ramanagara,Urban,Technical degree or diploma equal to degree or post-graduate degree,4298,2639,1659,2616,1844,772,171,110,61,71,37,34,1511,685,826,467,222,245
B0103,30,585,District - North Goa,Total,Total,818008,416677,401331,269437,202090,67347,58221,37035,21186,27257,17818,9439,490350,177552,312798,70151,24903,45248
B0103,30,585,District - North Goa,Total,Illiterate,154948,64939,90009,18812,11178,7634,8565,4169,4396,2947,1620,1327,127571,49592,77979,3868,999,2869
B0103,30,585,District - North Goa,Total,Literate,663060,351738,311322,250625,190912,59713,49656,32866,16790,24310,16198,8112,362779,127960,234819,66283,23904,42379
B0103,30,585,District - North Goa,Total,Literate but below matric/secondary,288677,150770,137907,76338,60771,15567,24006,16487,7519,11551,8120,3431,188333,73512,114821,22753,8270,14483
B0103,30,585,District - North Goa,Total,Matric/secondary but below graduate,208188,114753,93435,88580,71581,16999,13801,9355,4446,7393,4936,2457,105807,33817,71990,27008,9897,17111
B0103,30,585,District - North Goa,Total,Technical diploma or certificate not equal to degree,20939,14812,6127,12356,10185,2171,1323,976,347,724,531,193,7260,3651,3609,2644,1456,1188
B0103,30,585,District - North Goa,Total,Graduate and above other than technical degree,70424,35440,34984,41851,26643,15208,3573,1880,1693,1756,854,902,25000,6917,18083,7671,2151,5520
B0103,30,585,District - North Goa,Total,Technical degree or diploma equal to degree or post-graduate degree,15888,9159,6729,10580,6713,3867,759,419,340,338,176,162,4549,2027,2522,1311,559,752
B0103,30,585,District - North Goa,Rural,Total,324927,163908,161019,95198,71987,23211,31358,20052,11306,15587,10439,5148,198371,71869,126502,32703,11515,21188
B0103,30,585,District - North Goa,Rural,Illiterate,66300,26323,39977,6416,3570,2846,4921,2291,2630,1781,956,825,54963,20462,34501,1871,445,1426
B0103,30,585,District - North Goa,Rural,Literate,258627,137585,121042,88782,68417,20365,26437,17761,8676,13806,9483,4323,143408,51407,92001,30832,11070,19762
B0103,30,585,District - North Goa,Rural,Literate but below matric/secondary,128806,67515,61291,32670,25917,6753,14467,9911,4556,7446,5237,2209,81669,31687,49982,12415,4314,8101
B0103,30,585,District - North Goa,Rural,Matric/secondary but below graduate,76172,42567,33605,31684,25457,6227,6495,4535,1960,3677,2575,1102,37993,12575,25418,11917,4401,7516
B0103,30,585,District - North Goa,Rural,Technical diploma or certificate not equal to degree,6821,4810,2011,3699,3030,669,568,435,133,344,266,78,2554,1345,1209,1163,662,501
B0103,30,585,District - North Goa,Rural,Graduate and above other than technical degree,17957,9391,8566,10521,6860,3661,1220,699,521,643,357,286,6216,1832,4384,2565,793,1772
B0103,30,585,District - North Goa,Rural,Technical degree or diploma equal to degree or post-graduate degree,3275,1842,1433,2051,1230,821,197,100,97,104,49,55,1027,512,515,330,130,200
B0103,30,585,District - North Goa,Urban,Total,493081,252769,240312,174239,130103,44136,26863,16983,9880,11670,7379,4291,291979,105683,186296,37448,13388,24060
B0103,30,585,District - North Goa,Urban,Illiterate,88648,38616,50032,12396,7608,4788,3644,1878,1766,1166,664,502,72608,29130,43478,1997,554,1443
B0103,30,585,District - North Goa,Urban,Literate,404433,214153,190280,161843,122495,39348,23219,15105,8114,10504,6715,3789,219371,76553,142818,35451,12834,22617
B0103,30,585,District - North Goa,Urban,Literate but below matric/secondary,159871,83255,76616,43668,34854,8814,9539,6576,2963,4105,2883,1222,106664,41825,64839,10338,3956,6382
B0103,30,585,District - North Goa,Urban,Matric/secondary but below graduate,132016,72186,59830,56896,46124,10772,7306,4820,2486,3716,2361,1355,67814,21242,46572,15091,5496,9595
B0103,30,585,District - North Goa,Urban,Technical diploma or certificate not equal to degree,14118,10002,4116,8657,7155,1502,755,541,214,380,265,115,4706,2306,2400,1481,794,687
B0103,30,585,District - North Goa,Urban,Graduate and above other than technical degree,52467,26049,26418,31330,19783,11547,2353,1181,1172,1113,497,616,18784,5085,13699,5106,1358,3748
B0103,30,585,District - North Goa,Urban,Technical degree or diploma equal to degree or post-graduate degree,12613,7317,5296,8529,5483,3046,562,319,243,234,127,107,3522,1515,2007,981,429,552
B0103,30,586,District - South Goa,Total,Total,640537,322463,318074,206616,154877,51739,42974,25534,17440,18341,11024,7317,390947,142052,248895,47155,17572,29583
B0103,30,586,District - South Goa,Total,Illiterate,138110,58378,79732,20883,12051,8832,8689,3730,4959,2649,1269,1380,108538,42597,65941,2902,690,2212
B0103,30,586,District - South Goa,Total,Literate,502427,264085,238342,185733,142826,42907,34285,21804,12481,15692,9755,5937,282409,99455,182954,44253,16882,27371
B0103,30,586,District - South Goa,Total,Literate but below matric/secondary,220644,115743,104901,59640,47709,11931,15573,10037,5536,7319,4746,2573,145431,57997,87434,14125,5499,8626
B0103,30,586,District - South Goa,Total,Matric/secondary but below graduate,158647,87207,71440,64970,53286,11684,10067,6820,3247,4956,3117,1839,83610,27101,56509,18451,7555,10896
B0103,30,586,District - South Goa,Total,Technical diploma or certificate not equal to degree,14655,9980,4675,8283,6828,1455,834,624,210,426,306,120,5538,2528,3010,1710,936,774
B0103,30,586,District - South Goa,Total,Graduate and above other than technical degree,48569,22743,25826,27028,17335,9693,2398,1186,1212,1092,458,634,19143,4222,14921,5499,1300,4199
B0103,30,586,District - South Goa,Total,Technical degree or diploma equal to degree or post-graduate degree,11947,6735,5212,7983,5075,2908,559,294,265,222,113,109,3405,1366,2039,1073,458,615
B0103,30,586,District - South Goa,Rural,Total,226804,111528,115276,69321,50055,19266,19659,10892,8767,8865,5183,3682,137824,50581,87243,19732,7238,12494
B0103,30,586,District - South Goa,Rural,Illiterate,54160,21970,32190,8942,4801,4141,4398,1663,2735,1240,548,692,40820,15506,25314,1376,292,1084
B0103,30,586,District - South Goa,Rural,Literate,172644,89558,83086,60379,45254,15125,15261,9229,6032,7625,4635,2990,97004,35075,61929,18356,6946,11410
B0103,30,586,District - South Goa,Rural,Literate but below matric/secondary,85592,44810,40782,24233,18839,5394,8011,4886,3125,4146,2588,1558,53348,21085,32263,6967,2549,4418
B0103,30,586,District - South Goa,Rural,Matric/secondary but below graduate,50768,27792,22976,20106,16050,4056,3774,2476,1298,2093,1300,793,26888,9266,17622,7453,3065,4388
B0103,30,586,District - South Goa,Rural,Technical diploma or certificate not equal to degree,4077,2634,1443,2103,1657,446,282,202,80,162,114,48,1692,775,917,624,328,296
B0103,30,586,District - South Goa,Rural,Graduate and above other than technical degree,11046,4927,6119,5901,3515,2386,686,342,344,348,162,186,4459,1070,3389,1611,407,1204
B0103,30,586,District - South Goa,Rural,Technical degree or diploma equal to degree or post-graduate degree,2355,1201,1154,1520,848,672,128,58,70,51,24,27,707,295,412,229,105,124
B0103,30,586,District - South Goa,Urban,Total,413733,210935,202798,137295,104822,32473,23315,14642,8673,9476,5841,3635,253123,91471,161652,27423,10334,17089
B0103,30,586,District - South Goa,Urban,Illiterate,83950,36408,47542,11941,7250,4691,4291,2067,2224,1409,721,688,67718,27091,40627,1526,398,1128
B0103,30,586,District - South Goa,Urban,Literate,329783,174527,155256,125354,97572,27782,19024,12575,6449,8067,5120,2947,185405,64380,121025,25897,9936,15961
B0103,30,586,District - South Goa,Urban,Literate but below matric/secondary,135052,70933,64119,35407,28870,6537,7562,5151,2411,3173,2158,1015,92083,36912,55171,7158,2950,4208
B0103,30,586,District - South Goa,Urban,Matric/secondary but below graduate,107879,59415,48464,44864,37236,7628,6293,4344,1949,2863,1817,1046,56722,17835,38887,10998,4490,6508
B0103,30,586,District - South Goa,Urban,Technical diploma or certificate not equal to degree,10578,7346,3232,6180,5171,1009,552,422,130,264,192,72,3846,1753,2093,1086,608,478
B0103,30,586,District - South Goa,Urban,Graduate and above other than technical degree,37523,17816,19707,21127,13820,7307,1712,844,868,744,296,448,14684,3152,11532,3888,893,2995
B0103,30,586,District - South Goa,Urban,Technical degree or diploma equal to degree or post-graduate degree,9592,5534,4058,6463,4227,2236,431,236,195,171,89,82,2698,1071,1627,844,353,491
B0103,31,587,District - Lakshadweep,Total,Total,64473,33123,31350,10804,9137,1667,7949,6181,1768,6306,4841,1465,45720,17805,27915,12682,5244,7438
B0103,31,587,District - Lakshadweep,Total,Illiterate,11920,5100,6820,210,170,40,320,213,107,185,114,71,11390,4717,6673,437,138,299
B0103,31,587,District - Lakshadweep,Total,Literate,52553,28023,24530,10594,8967,1627,7629,5968,1661,6121,4727,1394,34330,13088,21242,12245,5106,7139
B0103,31,587,District - Lakshadweep,Total,Literate but below matric/secondary,33528,16993,16535,4822,4374,448,4821,3839,982,3698,2899,799,23885,8780,15105,6191,2308,3883
B0103,31,587,District - Lakshadweep,Total,Matric/secondary but below graduate,13065,7724,5341,3528,2894,634,1878,1488,390,1641,1299,342,7659,3342,4317,4777,2287,2490
B0103,31,587,District - Lakshadweep,Total,Technical diploma or certificate not equal to degree,853,551,302,543,373,170,114,72,42,106,66,40,196,106,90,137,72,65
B0103,31,587,District - Lakshadweep,Total,Graduate and above other than technical degree,1539,964,575,729,571,158,220,139,81,203,127,76,590,254,336,476,201,275
B0103,31,587,District - Lakshadweep,Total,Technical degree or diploma equal to degree or post-graduate degree,763,494,269,468,345,123,96,47,49,88,44,44,199,102,97,160,74,86
B0103,31,587,District - Lakshadweep,Rural,Total,14141,7243,6898,2225,1878,347,2428,1909,519,2219,1741,478,9488,3456,6032,2594,751,1843
B0103,31,587,District - Lakshadweep,Rural,Illiterate,2853,1294,1559,51,44,7,91,54,37,73,45,28,2711,1196,1515,111,34,77
B0103,31,587,District - Lakshadweep,Rural,Literate,11288,5949,5339,2174,1834,340,2337,1855,482,2146,1696,450,6777,2260,4517,2483,717,1766
B0103,31,587,District - Lakshadweep,Rural,Literate but below matric/secondary,7352,3652,3700,948,840,108,1457,1164,293,1326,1051,275,4947,1648,3299,1345,322,1023
B0103,31,587,District - Lakshadweep,Rural,Matric/secondary but below graduate,2524,1481,1043,678,568,110,542,441,101,508,416,92,1304,472,832,834,315,519
B0103,31,587,District - Lakshadweep,Rural,Technical diploma or certificate not equal to degree,254,159,95,168,113,55,40,24,16,37,21,16,46,22,24,32,11,21
B0103,31,587,District - Lakshadweep,Rural,Graduate and above other than technical degree,215,162,53,120,100,20,42,30,12,40,28,12,53,32,21,40,23,17
B0103,31,587,District - Lakshadweep,Rural,Technical degree or diploma equal to degree or post-graduate degree,140,94,46,91,73,18,20,11,9,17,9,8,29,10,19,23,6,17
B0103,31,587,District - Lakshadweep,Urban,Total,50332,25880,24452,8579,7259,1320,5521,4272,1249,4087,3100,987,36232,14349,21883,10088,4493,5595
B0103,31,587,District - Lakshadweep,Urban,Illiterate,9067,3806,5261,159,126,33,229,159,70,112,69,43,8679,3521,5158,326,104,222
B0103,31,587,District - Lakshadweep,Urban,Literate,41265,22074,19191,8420,7133,1287,5292,4113,1179,3975,3031,944,27553,10828,16725,9762,4389,5373
B0103,31,587,District - Lakshadweep,Urban,Literate but below matric/secondary,26176,13341,12835,3874,3534,340,3364,2675,689,2372,1848,524,18938,7132,11806,4846,1986,2860
B0103,31,587,District - Lakshadweep,Urban,Matric/secondary but below graduate,10541,6243,4298,2850,2326,524,1336,1047,289,1133,883,250,6355,2870,3485,3943,1972,1971
B0103,31,587,District - Lakshadweep,Urban,Technical diploma or certificate not equal to degree,599,392,207,375,260,115,74,48,26,69,45,24,150,84,66,105,61,44
B0103,31,587,District - Lakshadweep,Urban,Graduate and above other than technical degree,1324,802,522,609,471,138,178,109,69,163,99,64,537,222,315,436,178,258
B0103,31,587,District - Lakshadweep,Urban,Technical degree or diploma equal to degree or post-graduate degree,623,400,223,377,272,105,76,36,40,71,35,36,170,92,78,137,68,69
B0103,32,588,District - Kasaragod,Total,Total,1307375,628613,678762,372700,275680,97020,90298,49415,40883,40131,24798,15333,844377,303518,540859,131170,44327,86843
B0103,32,588,District - Kasaragod,Total,Illiterate,269883,112137,157746,28278,13831,14447,10833,3605,7228,2732,1058,1674,230772,94701,136071,3737,971,2766
B0103,32,588,District - Kasaragod,Total,Literate,1037492,516476,521016,344422,261849,82573,79465,45810,33655,37399,23740,13659,613605,208817,404788,127433,43356,84077
B0103,32,588,District - Kasaragod,Total,Literate but below matric/secondary,615899,305713,310186,186927,140444,46483,46934,26218,20716,18580,11786,6794,382038,139051,242987,39188,13019,26169
B0103,32,588,District - Kasaragod,Total,Matric/secondary but below graduate,311366,156217,155149,109323,88388,20935,24466,15408,9058,13988,9365,4623,177577,52421,125156,64189,22236,41953
B0103,32,588,District - Kasaragod,Total,Technical diploma or certificate not equal to degree,17887,10152,7735,7920,5102,2818,1307,768,539,989,582,407,8660,4282,4378,4786,2212,2574
B0103,32,588,District - Kasaragod,Total,Graduate and above other than technical degree,49895,24900,24995,23078,16594,6484,3281,1768,1513,2287,1177,1110,23536,6538,16998,13456,3786,9670
B0103,32,588,District - Kasaragod,Total,Technical degree or diploma equal to degree or post-graduate degree,11480,5830,5650,6113,3578,2535,661,281,380,519,209,310,4706,1971,2735,3062,1201,1861
B0103,32,588,District - Kasaragod,Rural,Total,798328,387716,410612,236103,173781,62322,64706,34301,30405,28077,17017,11060,497519,179634,317885,77027,25600,51427
B0103,32,588,District - Kasaragod,Rural,Illiterate,170296,70026,100270,20704,10066,10638,8732,2880,5852,2225,863,1362,140860,57080,83780,2506,611,1895
B0103,32,588,District - Kasaragod,Rural,Literate,628032,317690,310342,215399,163715,51684,55974,31421,24553,25852,16154,9698,356659,122554,234105,74521,24989,49532
B0103,32,588,District - Kasaragod,Rural,Literate but below matric/secondary,381137,192695,188442,121135,90729,30406,33894,18460,15434,13327,8252,5075,226108,83506,142602,23949,7831,16118
B0103,32,588,District - Kasaragod,Rural,Matric/secondary but below graduate,184587,93794,90793,66972,54019,12953,16641,10213,6428,9312,6193,3119,100974,29562,71412,37222,12647,24575
B0103,32,588,District - Kasaragod,Rural,Technical diploma or certificate not equal to degree,10842,6138,4704,4807,3102,1705,880,503,377,673,379,294,5155,2533,2622,2942,1348,1594
B0103,32,588,District - Kasaragod,Rural,Graduate and above other than technical degree,27588,13943,13645,12513,9249,3264,2125,1155,970,1504,792,712,12950,3539,9411,7438,2149,5289
B0103,32,588,District - Kasaragod,Rural,Technical degree or diploma equal to degree or post-graduate degree,5858,2977,2881,3083,1838,1245,403,171,232,316,129,187,2372,968,1404,1532,574,958
B0103,32,588,District - Kasaragod,Urban,Total,509047,240897,268150,136597,101899,34698,25592,15114,10478,12054,7781,4273,346858,123884,222974,54143,18727,35416
B0103,32,588,District - Kasaragod,Urban,Illiterate,99587,42111,57476,7574,3765,3809,2101,725,1376,507,195,312,89912,37621,52291,1231,360,871
B0103,32,588,District - Kasaragod,Urban,Literate,409460,198786,210674,129023,98134,30889,23491,14389,9102,11547,7586,3961,256946,86263,170683,52912,18367,34545
B0103,32,588,District - Kasaragod,Urban,Literate but below matric/secondary,234762,113018,121744,65792,49715,16077,13040,7758,5282,5253,3534,1719,155930,55545,100385,15239,5188,10051
B0103,32,588,District - Kasaragod,Urban,Matric/secondary but below graduate,126779,62423,64356,42351,34369,7982,7825,5195,2630,4676,3172,1504,76603,22859,53744,26967,9589,17378
B0103,32,588,District - Kasaragod,Urban,Technical diploma or certificate not equal to degree,7045,4014,3031,3113,2000,1113,427,265,162,316,203,113,3505,1749,1756,1844,864,980
B0103,32,588,District - Kasaragod,Urban,Graduate and above other than technical degree,22307,10957,11350,10565,7345,3220,1156,613,543,783,385,398,10586,2999,7587,6018,1637,4381
B0103,32,588,District - Kasaragod,Urban,Technical degree or diploma equal to degree or post-graduate degree,5622,2853,2769,3030,1740,1290,258,110,148,203,80,123,2334,1003,1331,1530,627,903
B0103,32,589,District - Kannur,Total,Total,2523003,1181446,1341557,694209,539695,154514,129907,69682,60225,59086,33270,25816,1698887,572069,1126818,293814,86828,206986
B0103,32,589,District - Kannur,Total,Illiterate,384569,168490,216079,18365,9587,8778,7007,2382,4625,1733,728,1005,359197,156521,202676,4335,1424,2911
B0103,32,589,District - Kannur,Total,Literate,2138434,1012956,1125478,675844,530108,145736,122900,67300,55600,57353,32542,24811,1339690,415548,924142,289479,85404,204075
B0103,32,589,District - Kannur,Total,Literate but below matric/secondary,1133670,540080,593590,308769,245014,63755,64292,35289,29003,22988,13542,9446,760609,259777,500832,68618,20679,47939
B0103,32,589,District - Kannur,Total,Matric/secondary but below graduate,709735,337775,371960,244504,202740,41764,41725,23927,17798,23526,13915,9611,423506,111108,312398,145897,44041,101856
B0103,32,589,District - Kannur,Total,Technical diploma or certificate not equal to degree,48318,27230,21088,21201,13803,7398,2858,1642,1216,2151,1242,909,24259,11785,12474,12220,5684,6536
B0103,32,589,District - Kannur,Total,Graduate and above other than technical degree,147192,61823,85369,60652,41406,19246,7457,3179,4278,5353,2152,3201,79083,17238,61845,45774,9461,36313
B0103,32,589,District - Kannur,Total,Technical degree or diploma equal to degree or post-graduate degree,31249,14433,16816,15791,8304,7487,1536,624,912,1199,481,718,13922,5505,8417,8731,3289,5442
B0103,32,589,District - Kannur,Rural,Total,882017,425682,456335,262603,201976,60627,59778,31693,28085,26351,14963,11388,559636,192013,367623,99736,29293,70443
B0103,32,589,District - Kannur,Rural,Illiterate,145050,62652,82398,10348,5193,5155,4190,1406,2784,1086,441,645,130512,56053,74459,1813,531,1282
B0103,32,589,District - Kannur,Rural,Literate,736967,363030,373937,252255,196783,55472,55588,30287,25301,25265,14522,10743,429124,135960,293164,97923,28762,69161
B0103,32,589,District - Kannur,Rural,Literate but below matric/secondary,409759,204097,205662,125448,97549,27899,30331,16554,13777,11013,6429,4584,253980,89994,163986,25886,7633,18253
B0103,32,589,District - Kannur,Rural,Matric/secondary but below graduate,238806,116997,121809,88281,72873,15408,18698,10517,8181,10179,6078,4101,131827,33607,98220,49914,14705,35209
B0103,32,589,District - Kannur,Rural,Technical diploma or certificate not equal to degree,16861,8456,8405,7547,4501,3046,1218,631,587,894,474,420,8096,3324,4772,4481,1783,2698
B0103,32,589,District - Kannur,Rural,Graduate and above other than technical degree,40607,19037,21570,17765,12990,4775,2703,1297,1406,1885,879,1006,20139,4750,15389,12586,3072,9514
B0103,32,589,District - Kannur,Rural,Technical degree or diploma equal to degree or post-graduate degree,8371,3820,4551,4213,2239,1974,504,203,301,398,156,242,3654,1378,2276,2428,877,1551
B0103,32,589,District - Kannur,Urban,Total,1640986,755764,885222,431606,337719,93887,70129,37989,32140,32735,18307,14428,1139251,380056,759195,194078,57535,136543
B0103,32,589,District - Kannur,Urban,Illiterate,239519,105838,133681,8017,4394,3623,2817,976,1841,647,287,360,228685,100468,128217,2522,893,1629
B0103,32,589,District - Kannur,Urban,Literate,1401467,649926,751541,423589,333325,90264,67312,37013,30299,32088,18020,14068,910566,279588,630978,191556,56642,134914
B0103,32,589,District - Kannur,Urban,Literate but below matric/secondary,723911,335983,387928,183321,147465,35856,33961,18735,15226,11975,7113,4862,506629,169783,336846,42732,13046,29686
B0103,32,589,District - Kannur,Urban,Matric/secondary but below graduate,470929,220778,250151,156223,129867,26356,23027,13410,9617,13347,7837,5510,291679,77501,214178,95983,29336,66647
B0103,32,589,District - Kannur,Urban,Technical diploma or certificate not equal to degree,31457,18774,12683,13654,9302,4352,1640,1011,629,1257,768,489,16163,8461,7702,7739,3901,3838
B0103,32,589,District - Kannur,Urban,Graduate and above other than technical degree,106585,42786,63799,42887,28416,14471,4754,1882,2872,3468,1273,2195,58944,12488,46456,33188,6389,26799
B0103,32,589,District - Kannur,Urban,Technical degree or diploma equal to degree or post-graduate degree,22878,10613,12265,11578,6065,5513,1032,421,611,801,325,476,10268,4127,6141,6303,2412,3891
B0103,32,590,District - Wayanad,Total,Total,817420,401684,415736,263445,191411,72034,76632,37228,39404,36904,19440,17464,477343,173045,304298,83576,22967,60609
B0103,32,590,District - Wayanad,Total,Illiterate,171835,73548,98287,26522,12998,13524,13025,4583,8442,4640,1725,2915,132288,55967,76321,2793,624,2169
B0103,32,590,District - Wayanad,Total,Literate,645585,328136,317449,236923,178413,58510,63607,32645,30962,32264,17715,14549,345055,117078,227977,80783,22343,58440
B0103,32,590,District - Wayanad,Total,Literate but below matric/secondary,385453,200557,184896,128794,98196,30598,39132,20375,18757,17628,9876,7752,217527,81986,135541,24808,6324,18484
B0103,32,590,District - Wayanad,Total,Matric/secondary but below graduate,180071,89124,90947,70085,54944,15141,16573,8553,8020,9840,5510,4330,93413,25627,67786,38761,11156,27605
B0103,32,590,District - Wayanad,Total,Technical diploma or certificate not equal to degree,13871,6494,7377,6113,3498,2615,1178,574,604,906,452,454,6580,2422,4158,3985,1410,2575
B0103,32,590,District - Wayanad,Total,Graduate and above other than technical degree,30799,15537,15262,15680,11056,4624,2388,1146,1242,1748,855,893,12731,3335,9396,8228,2160,6068
B0103,32,590,District - Wayanad,Total,Technical degree or diploma equal to degree or post-graduate degree,7295,3234,4061,3996,2046,1950,508,192,316,410,153,257,2791,996,1795,1908,634,1274
B0103,32,590,District - Wayanad,Rural,Total,785840,386283,399557,253300,183961,69339,74734,36150,38584,35928,18867,17061,457806,166172,291634,80380,22068,58312
B0103,32,590,District - Wayanad,Rural,Illiterate,165770,70916,94854,25643,12565,13078,12749,4486,8263,4565,1697,2868,127378,53865,73513,2706,609,2097
B0103,32,590,District - Wayanad,Rural,Literate,620070,315367,304703,227657,171396,56261,61985,31664,30321,31363,17170,14193,330428,112307,218121,77674,21459,56215
B0103,32,590,District - Wayanad,Rural,Literate but below matric/secondary,372076,193793,178283,124772,95034,29738,38204,19806,18398,17167,9588,7579,209100,78953,130147,23785,6063,17722
B0103,32,590,District - Wayanad,Rural,Matric/secondary but below graduate,172786,85472,87314,67423,52781,14642,16153,8284,7869,9552,5325,4227,89210,24407,64803,37409,10730,26679
B0103,32,590,District - Wayanad,Rural,Technical diploma or certificate not equal to degree,13276,6209,7067,5808,3323,2485,1142,556,586,885,440,445,6326,2330,3996,3865,1368,2497
B0103,32,590,District - Wayanad,Rural,Graduate and above other than technical degree,28762,14488,14274,14475,10232,4243,2305,1103,1202,1694,835,859,11982,3153,8829,7895,2074,5821
B0103,32,590,District - Wayanad,Rural,Technical degree or diploma equal to degree or post-graduate degree,6751,2975,3776,3654,1869,1785,487,181,306,399,148,251,2610,925,1685,1809,604,1205
B0103,32,590,District - Wayanad,Urban,Total,31580,15401,16179,10145,7450,2695,1898,1078,820,976,573,403,19537,6873,12664,3196,899,2297
B0103,32,590,District - Wayanad,Urban,Illiterate,6065,2632,3433,879,433,446,276,97,179,75,28,47,4910,2102,2808,87,15,72
B0103,32,590,District - Wayanad,Urban,Literate,25515,12769,12746,9266,7017,2249,1622,981,641,901,545,356,14627,4771,9856,3109,884,2225
B0103,32,590,District - Wayanad,Urban,Literate but below matric/secondary,13377,6764,6613,4022,3162,860,928,569,359,461,288,173,8427,3033,5394,1023,261,762
B0103,32,590,District - Wayanad,Urban,Matric/secondary but below graduate,7285,3652,3633,2662,2163,499,420,269,151,288,185,103,4203,1220,2983,1352,426,926
B0103,32,590,District - Wayanad,Urban,Technical diploma or certificate not equal to degree,595,285,310,305,175,130,36,18,18,21,12,9,254,92,162,120,42,78
B0103,32,590,District - Wayanad,Urban,Graduate and above other than technical degree,2037,1049,988,1205,824,381,83,43,40,54,20,34,749,182,567,333,86,247
B0103,32,590,District - Wayanad,Urban,Technical degree or diploma equal to degree or post-graduate degree,544,259,285,342,177,165,21,11,10,11,5,6,181,71,110,99,30,69
B0103,32,591,District - Kozhikode,Total,Total,3086293,1470942,1615351,754187,637099,117088,194794,115234,79560,99674,58443,41231,2137312,718609,1418703,406040,108453,297587
B0103,32,591,District - Kozhikode,Total,Illiterate,470850,204003,266847,14195,9198,4997,8528,2942,5586,2442,830,1612,448127,191863,256264,6248,1618,4630
B0103,32,591,District - Kozhikode,Total,Literate,2615443,1266939,1348504,739992,627901,112091,186266,112292,73974,97232,57613,39619,1689185,526746,1162439,399792,106835,292957
B0103,32,591,District - Kozhikode,Total,Literate but below matric/secondary,1424071,697556,726515,339606,303059,36547,101646,60881,40765,44417,26098,18319,982819,333616,649203,113980,26943,87037
B0103,32,591,District - Kozhikode,Total,Matric/secondary but below graduate,807126,387587,419539,244257,214113,30144,58411,37283,21128,36250,22987,13263,504458,136191,368267,192819,54912,137907
B0103,32,591,District - Kozhikode,Total,Technical diploma or certificate not equal to degree,60026,33444,26582,25330,17223,8107,3795,2280,1515,2817,1645,1172,30901,13941,16960,16089,6589,9500
B0103,32,591,District - Kozhikode,Total,Graduate and above other than technical degree,167086,76170,90916,73017,51352,21665,9572,4797,4775,6998,3337,3661,84497,20021,64476,48853,10593,38260
B0103,32,591,District - Kozhikode,Total,Technical degree or diploma equal to degree or post-graduate degree,41925,20801,21124,21252,12286,8966,2126,951,1175,1590,681,909,18547,7564,10983,11477,4310,7167
B0103,32,591,District - Kozhikode,Rural,Total,1013721,484784,528937,235073,198089,36984,81173,46464,34709,41882,23979,17903,697475,240231,457244,139275,38256,101019
B0103,32,591,District - Kozhikode,Rural,Illiterate,164343,70388,93955,5099,3032,2067,3870,1229,2641,1184,368,816,155374,66127,89247,2389,618,1771
B0103,32,591,District - Kozhikode,Rural,Literate,849378,414396,434982,229974,195057,34917,77303,45235,32068,40698,23611,17087,542101,174104,367997,136886,37638,99248
B0103,32,591,District - Kozhikode,Rural,Literate but below matric/secondary,479991,235326,244665,111564,97312,14252,43737,25010,18727,19542,10830,8712,324690,113004,211686,40720,9695,31025
B0103,32,591,District - Kozhikode,Rural,Matric/secondary but below graduate,260765,126061,134704,76546,66953,9593,24117,15019,9098,15250,9580,5670,160102,44089,116013,67678,19690,47988
B0103,32,591,District - Kozhikode,Rural,Technical diploma or certificate not equal to degree,18451,9688,8763,7371,4709,2662,1321,774,547,1016,595,421,9759,4205,5554,5654,2172,3482
B0103,32,591,District - Kozhikode,Rural,Graduate and above other than technical degree,41401,20398,21003,17393,13080,4313,3056,1689,1367,2284,1205,1079,20952,5629,15323,13898,3657,10241
B0103,32,591,District - Kozhikode,Rural,Technical degree or diploma equal to degree or post-graduate degree,11272,5954,5318,5436,3393,2043,649,320,329,503,243,260,5187,2241,2946,3361,1260,2101
B0103,32,591,District - Kozhikode,Urban,Total,2072572,986158,1086414,519114,439010,80104,113621,68770,44851,57792,34464,23328,1439837,478378,961459,266765,70197,196568
B0103,32,591,District - Kozhikode,Urban,Illiterate,306507,133615,172892,9096,6166,2930,4658,1713,2945,1258,462,796,292753,125736,167017,3859,1000,2859
B0103,32,591,District - Kozhikode,Urban,Literate,1766065,852543,913522,510018,432844,77174,108963,67057,41906,56534,34002,22532,1147084,352642,794442,262906,69197,193709
B0103,32,591,District - Kozhikode,Urban,Literate but below matric/secondary,944080,462230,481850,228042,205747,22295,57909,35871,22038,24875,15268,9607,658129,220612,437517,73260,17248,56012
B0103,32,591,District - Kozhikode,Urban,Matric/secondary but below graduate,546361,261526,284835,167711,147160,20551,34294,22264,12030,21000,13407,7593,344356,92102,252254,125141,35222,89919
B0103,32,591,District - Kozhikode,Urban,Technical diploma or certificate not equal to degree,41575,23756,17819,17959,12514,5445,2474,1506,968,1801,1050,751,21142,9736,11406,10435,4417,6018
B0103,32,591,District - Kozhikode,Urban,Graduate and above other than technical degree,125685,55772,69913,55624,38272,17352,6516,3108,3408,4714,2132,2582,63545,14392,49153,34955,6936,28019
B0103,32,591,District - Kozhikode,Urban,Technical degree or diploma equal to degree or post-graduate degree,30653,14847,15806,15816,8893,6923,1477,631,846,1087,438,649,13360,5323,8037,8116,3050,5066
B0103,32,592,District - Malappuram,Total,Total,4112920,1960328,2152592,852047,748431,103616,210377,149726,60651,113097,81915,31182,3050496,1062171,1988325,441137,143896,297241
B0103,32,592,District - Malappuram,Total,Illiterate,801605,362924,438681,32332,22673,9659,14202,6604,7598,4737,2201,2536,755071,333647,421424,9672,2985,6687
B0103,32,592,District - Malappuram,Total,Literate,3311315,1597404,1713911,819715,725758,93957,196175,143122,53053,108360,79714,28646,2295425,728524,1566901,431465,140911,290554
B0103,32,592,District - Malappuram,Total,Literate but below matric/secondary,2032726,984884,1047842,442175,403982,38193,113839,82206,31633,55268,40484,14784,1476712,498696,978016,150771,42761,108010
B0103,32,592,District - Malappuram,Total,Matric/secondary but below graduate,944528,447566,496962,251199,228799,22400,59297,45947,13350,38303,29716,8587,634032,172820,461212,205349,71050,134299
B0103,32,592,District - Malappuram,Total,Technical diploma or certificate not equal to degree,50557,27251,23306,20557,12997,7560,3252,2024,1228,2468,1537,931,26748,12230,14518,14193,6292,7901
B0103,32,592,District - Malappuram,Total,Graduate and above other than technical degree,116598,60251,56347,48353,35594,12759,7322,4580,2742,5524,3410,2114,60923,20077,40846,34967,12357,22610
B0103,32,592,District - Malappuram,Total,Technical degree or diploma equal to degree or post-graduate degree,35768,17887,17881,17697,10275,7422,2026,976,1050,1575,759,816,16045,6636,9409,10300,4133,6167
B0103,32,592,District - Malappuram,Rural,Total,2295709,1095308,1200401,483419,420379,63040,129743,89305,40438,69631,48758,20873,1682547,585624,1096923,259172,80452,178720
B0103,32,592,District - Malappuram,Rural,Illiterate,457201,206577,250624,21830,14576,7254,9896,4370,5526,3437,1509,1928,425475,187631,237844,6293,1829,4464
B0103,32,592,District - Malappuram,Rural,Literate,1838508,888731,949777,461589,405803,55786,119847,84935,34912,66194,47249,18945,1257072,397993,859079,252879,78623,174256
B0103,32,592,District - Malappuram,Rural,Literate but below matric/secondary,1141035,554998,586037,256973,231337,25636,70122,48721,21401,34271,24030,10241,813940,274940,539000,91880,24616,67264
B0103,32,592,District - Malappuram,Rural,Matric/secondary but below graduate,511959,242678,269281,136230,123525,12705,35494,27003,8491,22973,17455,5518,340235,92150,248085,118703,39203,79500
B0103,32,592,District - Malappuram,Rural,Technical diploma or certificate not equal to degree,27022,14137,12885,10714,6613,4101,1811,1089,722,1377,819,558,14497,6435,8062,7860,3336,4524
B0103,32,592,District - Malappuram,Rural,Graduate and above other than technical degree,58897,30705,28192,23921,17813,6108,4170,2616,1554,3168,1966,1202,30806,10276,20530,18543,6656,11887
B0103,32,592,District - Malappuram,Rural,Technical degree or diploma equal to degree or post-graduate degree,17954,8891,9063,8558,5011,3547,1127,557,570,885,441,444,8269,3323,4946,5510,2116,3394
B0103,32,592,District - Malappuram,Urban,Total,1817211,865020,952191,368628,328052,40576,80634,60421,20213,43466,33157,10309,1367949,476547,891402,181965,63444,118521
B0103,32,592,District - Malappuram,Urban,Illiterate,344404,156347,188057,10502,8097,2405,4306,2234,2072,1300,692,608,329596,146016,183580,3379,1156,2223
B0103,32,592,District - Malappuram,Urban,Literate,1472807,708673,764134,358126,319955,38171,76328,58187,18141,42166,32465,9701,1038353,330531,707822,178586,62288,116298
B0103,32,592,District - Malappuram,Urban,Literate but below matric/secondary,891691,429886,461805,185202,172645,12557,43717,33485,10232,20997,16454,4543,662772,223756,439016,58891,18145,40746
B0103,32,592,District - Malappuram,Urban,Matric/secondary but below graduate,432569,204888,227681,114969,105274,9695,23803,18944,4859,15330,12261,3069,293797,80670,213127,86646,31847,54799
B0103,32,592,District - Malappuram,Urban,Technical diploma or certificate not equal to degree,23535,13114,10421,9843,6384,3459,1441,935,506,1091,718,373,12251,5795,6456,6333,2956,3377
B0103,32,592,District - Malappuram,Urban,Graduate and above other than technical degree,57701,29546,28155,24432,17781,6651,3152,1964,1188,2356,1444,912,30117,9801,20316,16424,5701,10723
B0103,32,592,District - Malappuram,Urban,Technical degree or diploma equal to degree or post-graduate degree,17814,8996,8818,9139,5264,3875,899,419,480,690,318,372,7776,3313,4463,4790,2017,2773
B0103,32,593,District - Palakkad,Total,Total,2809934,1359478,1450456,875540,653482,222058,166800,92639,74161,74874,45419,29455,1767594,613357,1154237,266433,81452,184981
B0103,32,593,District - Palakkad,Total,Illiterate,570442,236878,333564,93837,40734,53103,28444,9246,19198,7345,2745,4600,448161,186898,261263,6154,1648,4506
B0103,32,593,District - Palakkad,Total,Literate,2239492,1122600,1116892,781703,612748,168955,138356,83393,54963,67529,42674,24855,1319433,426459,892974,260279,79804,180475
B0103,32,593,District - Palakkad,Total,Literate but below matric/secondary,1304523,662038,642485,428365,337000,91365,83035,49095,33940,35182,22560,12622,793123,275943,517180,78196,21176,57020
B0103,32,593,District - Palakkad,Total,Matric/secondary but below graduate,650439,320574,329865,224503,187764,36739,38141,24825,13316,22453,14744,7709,387795,107985,279810,122658,40078,82580
B0103,32,593,District - Palakkad,Total,Technical diploma or certificate not equal to degree,46431,27661,18770,22444,15411,7033,2452,1609,843,1794,1170,624,21535,10641,10894,10237,5071,5166
B0103,32,593,District - Palakkad,Total,Graduate and above other than technical degree,119459,55206,64253,53414,36204,17210,5602,2751,2851,4007,1866,2141,60443,16251,44192,32402,8223,24179
B0103,32,593,District - Palakkad,Total,Technical degree or diploma equal to degree or post-graduate degree,29008,13196,15812,14694,7680,7014,1279,550,729,980,410,570,13035,4966,8069,8018,2906,5112
B0103,32,593,District - Palakkad,Rural,Total,2133124,1031466,1101658,673510,496557,176953,133393,73013,60380,60026,36170,23856,1326221,461896,864325,205535,62560,142975
B0103,32,593,District - Palakkad,Rural,Illiterate,454229,187611,266618,81326,34943,46383,24044,7780,16264,6256,2330,3926,348859,144888,203971,5075,1370,3705
B0103,32,593,District - Palakkad,Rural,Literate,1678895,843855,835040,592184,461614,130570,109349,65233,44116,53770,33840,19930,977362,317008,660354,200460,61190,139270
B0103,32,593,District - Palakkad,Rural,Literate but below matric/secondary,1012578,514932,497646,341075,264631,76444,66980,39003,27977,28776,18275,10501,604523,211298,393225,62886,17016,45870
B0103,32,593,District - Palakkad,Rural,Matric/secondary but below graduate,477167,236204,240963,166979,139176,27803,29703,19236,10467,17651,11551,6100,280485,77792,202693,95347,30960,64387
B0103,32,593,District - Palakkad,Rural,Technical diploma or certificate not equal to degree,32075,18706,13369,15026,10069,4957,1844,1209,635,1365,899,466,15205,7428,7777,7765,3801,3964
B0103,32,593,District - Palakkad,Rural,Graduate and above other than technical degree,73961,33784,40177,31900,21954,9946,3884,1944,1940,2878,1360,1518,38177,9886,28291,22695,5834,16861
B0103,32,593,District - Palakkad,Rural,Technical degree or diploma equal to degree or post-graduate degree,17414,7695,9719,8449,4342,4107,855,361,494,663,269,394,8110,2992,5118,5270,1842,3428
B0103,32,593,District - Palakkad,Urban,Total,676810,328012,348798,202030,156925,45105,33407,19626,13781,14848,9249,5599,441373,151461,289912,60898,18892,42006
B0103,32,593,District - Palakkad,Urban,Illiterate,116213,49267,66946,12511,5791,6720,4400,1466,2934,1089,415,674,99302,42010,57292,1079,278,801
B0103,32,593,District - Palakkad,Urban,Literate,560597,278745,281852,189519,151134,38385,29007,18160,10847,13759,8834,4925,342071,109451,232620,59819,18614,41205
B0103,32,593,District - Palakkad,Urban,Literate but below matric/secondary,291945,147106,144839,87290,72369,14921,16055,10092,5963,6406,4285,2121,188600,64645,123955,15310,4160,11150
B0103,32,593,District - Palakkad,Urban,Matric/secondary but below graduate,173272,84370,88902,57524,48588,8936,8438,5589,2849,4802,3193,1609,107310,30193,77117,27311,9118,18193
B0103,32,593,District - Palakkad,Urban,Technical diploma or certificate not equal to degree,14356,8955,5401,7418,5342,2076,608,400,208,429,271,158,6330,3213,3117,2472,1270,1202
B0103,32,593,District - Palakkad,Urban,Graduate and above other than technical degree,45498,21422,24076,21514,14250,7264,1718,807,911,1129,506,623,22266,6365,15901,9707,2389,7318
B0103,32,593,District - Palakkad,Urban,Technical degree or diploma equal to degree or post-graduate degree,11594,5501,6093,6245,3338,2907,424,189,235,317,141,176,4925,1974,2951,2748,1064,1684
B0103,32,594,District - Thrissur,Total,Total,3121200,1480763,1640437,929506,706277,223229,166221,83234,82987,73895,37856,36039,2025473,691252,1334221,318333,91092,227241
B0103,32,594,District - Thrissur,Total,Illiterate,442652,198502,244150,29603,16121,13482,10880,3835,7045,2826,1061,1765,402169,178546,223623,4257,1329,2928
B0103,32,594,District - Thrissur,Total,Literate,2678548,1282261,1396287,899903,690156,209747,155341,79399,75942,71069,36795,34274,1623304,512706,1110598,314076,89763,224313
B0103,32,594,District - Thrissur,Total,Literate but below matric/secondary,1314145,658356,655789,390385,313196,77189,79010,41108,37902,28908,15500,13408,844750,304052,540698,64554,17950,46604
B0103,32,594,District - Thrissur,Total,Matric/secondary but below graduate,870466,404359,466107,298719,239891,58828,48559,25217,23342,25806,13812,11994,523188,139251,383937,147244,43596,103648
B0103,32,594,District - Thrissur,Total,Technical diploma or certificate not equal to degree,89922,52058,37864,42811,29843,12968,5225,3316,1909,3548,2247,1301,41886,18899,22987,17745,8493,9252
B0103,32,594,District - Thrissur,Total,Graduate and above other than technical degree,219061,85170,133891,91581,56867,34714,10461,3972,6489,7081,2552,4529,117019,24331,92688,56634,11365,45269
B0103,32,594,District - Thrissur,Total,Technical degree or diploma equal to degree or post-graduate degree,51555,21845,29710,24864,12096,12768,2345,905,1440,1702,642,1060,24346,8844,15502,13687,4864,8823
B0103,32,594,District - Thrissur,Rural,Total,1024794,488303,536491,312955,235998,76957,66244,32516,33728,29388,14955,14433,645595,219789,425806,105491,29176,76315
B0103,32,594,District - Thrissur,Rural,Illiterate,159323,69683,89640,13954,7265,6689,5391,1833,3558,1459,526,933,139978,60585,79393,1624,458,1166
B0103,32,594,District - Thrissur,Rural,Literate,865471,418620,446851,299001,228733,70268,60853,30683,30170,27929,14429,13500,505617,159204,346413,103867,28718,75149
B0103,32,594,District - Thrissur,Rural,Literate but below matric/secondary,460743,232264,228479,147754,115617,32137,33058,16718,16340,12347,6492,5855,279931,99929,180002,23705,6271,17434
B0103,32,594,District - Thrissur,Rural,Matric/secondary but below graduate,273010,127931,145079,96304,76965,19339,18632,9654,8978,10053,5393,4660,158074,41312,116762,49459,14236,35223
B0103,32,594,District - Thrissur,Rural,Technical diploma or certificate not equal to degree,28763,16694,12069,13584,9588,3996,1987,1228,759,1367,844,523,13192,5878,7314,6393,2948,3445
B0103,32,594,District - Thrissur,Rural,Graduate and above other than technical degree,55347,20604,34743,21953,13665,8288,3183,1194,1989,2260,802,1458,30211,5745,24466,16690,3166,13524
B0103,32,594,District - Thrissur,Rural,Technical degree or diploma equal to degree or post-graduate degree,11542,4546,6996,5099,2369,2730,655,243,412,516,182,334,5788,1934,3854,3638,1163,2475
B0103,32,594,District - Thrissur,Urban,Total,2096406,992460,1103946,616551,470279,146272,99977,50718,49259,44507,22901,21606,1379878,471463,908415,212842,61916,150926
B0103,32,594,District - Thrissur,Urban,Illiterate,283329,128819,154510,15649,8856,6793,5489,2002,3487,1367,535,832,262191,117961,144230,2633,871,1762
B0103,32,594,District - Thrissur,Urban,Literate,1813077,863641,949436,600902,461423,139479,94488,48716,45772,43140,22366,20774,1117687,353502,764185,210209,61045,149164
B0103,32,594,District - Thrissur,Urban,Literate but below matric/secondary,853402,426092,427310,242631,197579,45052,45952,24390,21562,16561,9008,7553,564819,204123,360696,40849,11679,29170
B0103,32,594,District - Thrissur,Urban,Matric/secondary but below graduate,597456,276428,321028,202415,162926,39489,29927,15563,14364,15753,8419,7334,365114,97939,267175,97785,29360,68425
B0103,32,594,District - Thrissur,Urban,Technical diploma or certificate not equal to degree,61159,35364,25795,29227,20255,8972,3238,2088,1150,2181,1403,778,28694,13021,15673,11352,5545,5807
B0103,32,594,District - Thrissur,Urban,Graduate and above other than technical degree,163714,64566,99148,69628,43202,26426,7278,2778,4500,4821,1750,3071,86808,18586,68222,39944,8199,31745
B0103,32,594,District - Thrissur,Urban,Technical degree or diploma equal to degree or post-graduate degree,40013,17299,22714,19765,9727,10038,1690,662,1028,1186,460,726,18558,6910,11648,10049,3701,6348
B0103,32,595,District - Ernakulam,Total,Total,3282388,1619557,1662831,1061388,812754,248634,187955,100495,87460,86094,45880,40214,2033045,706308,1326737,335013,93242,241771
B0103,32,595,District - Ernakulam,Total,Illiterate,426712,193834,232878,23082,14150,8932,9073,3633,5440,2547,1085,1462,394557,176051,218506,4696,1406,3290
B0103,32,595,District - Ernakulam,Total,Literate,2855676,1425723,1429953,1038306,798604,239702,178882,96862,82020,83547,44795,38752,1638488,530257,1108231,330317,91836,238481
B0103,32,595,District - Ernakulam,Total,Literate but below matric/secondary,1262678,645026,617652,364220,298838,65382,81975,45604,36371,30686,17324,13362,816483,300584,515899,65330,16466,48864
B0103,32,595,District - Ernakulam,Total,Matric/secondary but below graduate,910534,447594,462940,339944,275431,64513,57207,31049,26158,30284,16393,13891,513383,141114,372269,149393,42919,106474
B0103,32,595,District - Ernakulam,Total,Technical diploma or certificate not equal to degree,130083,79279,50804,71279,52893,18386,7828,5070,2758,4990,3161,1829,50976,21316,29660,20719,8558,12161
B0103,32,595,District - Ernakulam,Total,Graduate and above other than technical degree,302597,134469,168128,150412,96093,54319,13987,5784,8203,9015,3494,5521,138198,32592,105606,59206,13064,46142
B0103,32,595,District - Ernakulam,Total,Technical degree or diploma equal to degree or post-graduate degree,80513,38554,41959,44783,24766,20017,3739,1642,2097,2580,1109,1471,31991,12146,19845,17126,6351,10775
B0103,32,595,District - Ernakulam,Rural,Total,1048025,518510,529515,338650,256499,82151,79347,40964,38383,34442,18022,16420,630028,221047,408981,109104,31086,78018
B0103,32,595,District - Ernakulam,Rural,Illiterate,139617,62540,77077,8476,5128,3348,4213,1625,2588,1169,480,689,126928,55787,71141,1630,484,1146
B0103,32,595,District - Ernakulam,Rural,Literate,908408,455970,452438,330174,251371,78803,75134,39339,35795,33273,17542,15731,503100,165260,337840,107474,30602,76872
B0103,32,595,District - Ernakulam,Rural,Literate but below matric/secondary,429413,220516,208897,130045,103418,26627,36675,19347,17328,12663,6772,5891,262693,97751,164942,20590,5377,15213
B0103,32,595,District - Ernakulam,Rural,Matric/secondary but below graduate,291674,143603,148071,111850,88795,23055,24013,12500,11513,12385,6595,5790,155811,42308,113503,50913,14445,36468
B0103,32,595,District - Ernakulam,Rural,Technical diploma or certificate not equal to degree,47102,26642,20460,24832,17172,7660,3379,2079,1300,2261,1371,890,18891,7391,11500,8937,3454,5483
B0103,32,595,District - Ernakulam,Rural,Graduate and above other than technical degree,67846,30889,36957,32393,21244,11149,4368,1931,2437,2976,1276,1700,31085,7714,23371,16202,3989,12213
B0103,32,595,District - Ernakulam,Rural,Technical degree or diploma equal to degree or post-graduate degree,19452,8672,10780,9684,4854,4830,1082,474,608,809,346,463,8686,3344,5342,5152,1893,3259
B0103,32,595,District - Ernakulam,Urban,Total,2234363,1101047,1133316,722738,556255,166483,108608,59531,49077,51652,27858,23794,1403017,485261,917756,225909,62156,163753
B0103,32,595,District - Ernakulam,Urban,Illiterate,287095,131294,155801,14606,9022,5584,4860,2008,2852,1378,605,773,267629,120264,147365,3066,922,2144
B0103,32,595,District - Ernakulam,Urban,Literate,1947268,969753,977515,708132,547233,160899,103748,57523,46225,50274,27253,23021,1135388,364997,770391,222843,61234,161609
B0103,32,595,District - Ernakulam,Urban,Literate but below matric/secondary,833265,424510,408755,234175,195420,38755,45300,26257,19043,18023,10552,7471,553790,202833,350957,44740,11089,33651
B0103,32,595,District - Ernakulam,Urban,Matric/secondary but below graduate,618860,303991,314869,228094,186636,41458,33194,18549,14645,17899,9798,8101,357572,98806,258766,98480,28474,70006
B0103,32,595,District - Ernakulam,Urban,Technical diploma or certificate not equal to degree,82981,52637,30344,46447,35721,10726,4449,2991,1458,2729,1790,939,32085,13925,18160,11782,5104,6678
B0103,32,595,District - Ernakulam,Urban,Graduate and above other than technical degree,234751,103580,131171,118019,74849,43170,9619,3853,5766,6039,2218,3821,107113,24878,82235,43004,9075,33929
B0103,32,595,District - Ernakulam,Urban,Technical degree or diploma equal to degree or post-graduate degree,61061,29882,31179,35099,19912,15187,2657,1168,1489,1771,763,1008,23305,8802,14503,11974,4458,7516
B0103,32,596,District - Idukki ,Total,Total,1108974,552808,556166,415947,287566,128381,100416,44144,56272,43843,20944,22899,592611,221098,371513,104828,33763,71065
B0103,32,596,District - Idukki ,Total,Illiterate,185964,80927,105037,35789,14745,21044,10512,3411,7101,3483,1167,2316,139663,62771,76892,2571,772,1799
B0103,32,596,District - Idukki ,Total,Literate,923010,471881,451129,380158,272821,107337,89904,40733,49171,40360,19777,20583,452948,158327,294621,102257,32991,69266
B0103,32,596,District - Idukki ,Total,Literate but below matric/secondary,488900,255713,233187,183926,131646,52280,46807,21642,25165,17112,8633,8479,258167,102425,155742,24312,7972,16340
B0103,32,596,District - Idukki ,Total,Matric/secondary but below graduate,284031,143484,140547,123054,93376,29678,28583,12660,15923,14928,7330,7598,132394,37448,94946,48799,15618,33181
B0103,32,596,District - Idukki ,Total,Technical diploma or certificate not equal to degree,27452,13062,14390,12549,7333,5216,2401,1198,1203,1814,912,902,12502,4531,7971,7195,2723,4472
B0103,32,596,District - Idukki ,Total,Graduate and above other than technical degree,54657,27113,27544,27322,18962,8360,4283,1854,2429,2999,1321,1678,23052,6297,16755,13045,3946,9099
B0103,32,596,District - Idukki ,Total,Technical degree or diploma equal to degree or post-graduate degree,13157,5862,7295,6326,3272,3054,975,403,572,778,327,451,5856,2187,3669,3894,1461,2433
B0103,32,596,District - Idukki ,Rural,Total,1056929,527245,529684,400011,275197,124814,98613,43066,55547,43024,20494,22530,558305,208982,349323,99024,31852,67172
B0103,32,596,District - Idukki ,Rural,Illiterate,178718,77603,101115,35448,14513,20935,10387,3344,7043,3448,1148,2300,132883,59746,73137,2443,723,1720
B0103,32,596,District - Idukki ,Rural,Literate,878211,449642,428569,364563,260684,103879,88226,39722,48504,39576,19346,20230,425422,149236,276186,96581,31129,65452
B0103,32,596,District - Idukki ,Rural,Literate but below matric/secondary,470256,246060,224196,179174,127499,51675,46156,21220,24936,16891,8497,8394,244926,97341,147585,23193,7581,15612
B0103,32,596,District - Idukki ,Rural,Matric/secondary but below graduate,268833,136175,132658,117569,88878,28691,27996,12317,15679,14630,7175,7455,123268,34980,88288,46215,14773,31442
B0103,32,596,District - Idukki ,Rural,Technical diploma or certificate not equal to degree,25673,12195,13478,11681,6794,4887,2324,1154,1170,1764,886,878,11668,4247,7421,6844,2593,4251
B0103,32,596,District - Idukki ,Rural,Graduate and above other than technical degree,49224,24483,24741,24542,17104,7438,4088,1751,2337,2879,1261,1618,20594,5628,14966,12025,3658,8367
B0103,32,596,District - Idukki ,Rural,Technical degree or diploma equal to degree or post-graduate degree,11491,5077,6414,5442,2798,2644,919,375,544,731,304,427,5130,1904,3226,3489,1301,2188
B0103,32,596,District - Idukki ,Urban,Total,52045,25563,26482,15936,12369,3567,1803,1078,725,819,450,369,34306,12116,22190,5804,1911,3893
B0103,32,596,District - Idukki ,Urban,Illiterate,7246,3324,3922,341,232,109,125,67,58,35,19,16,6780,3025,3755,128,49,79
B0103,32,596,District - Idukki ,Urban,Literate,44799,22239,22560,15595,12137,3458,1678,1011,667,784,431,353,27526,9091,18435,5676,1862,3814
B0103,32,596,District - Idukki ,Urban,Literate but below matric/secondary,18644,9653,8991,4752,4147,605,651,422,229,221,136,85,13241,5084,8157,1119,391,728
B0103,32,596,District - Idukki ,Urban,Matric/secondary but below graduate,15198,7309,7889,5485,4498,987,587,343,244,298,155,143,9126,2468,6658,2584,845,1739
B0103,32,596,District - Idukki ,Urban,Technical diploma or certificate not equal to degree,1779,867,912,868,539,329,77,44,33,50,26,24,834,284,550,351,130,221
B0103,32,596,District - Idukki ,Urban,Graduate and above other than technical degree,5433,2630,2803,2780,1858,922,195,103,92,120,60,60,2458,669,1789,1020,288,732
B0103,32,596,District - Idukki ,Urban,Technical degree or diploma equal to degree or post-graduate degree,1666,785,881,884,474,410,56,28,28,47,23,24,726,283,443,405,160,245
B0103,32,597,District - Kottayam,Total,Total,1974551,968289,1006262,604553,463713,140840,131182,66609,64573,63190,32015,31175,1238816,437967,800849,227764,67004,160760
B0103,32,597,District - Kottayam,Total,Illiterate,224753,106697,118056,9595,6139,3456,3855,1606,2249,1246,565,681,211303,98952,112351,2890,984,1906
B0103,32,597,District - Kottayam,Total,Literate,1749798,861592,888206,594958,457574,137384,127327,65003,62324,61944,31450,30494,1027513,339015,688498,224874,66020,158854
B0103,32,597,District - Kottayam,Total,Literate but below matric/secondary,793858,398148,395710,214065,175521,38544,56644,29718,26926,22380,11800,10580,523149,192909,330240,46469,12259,34210
B0103,32,597,District - Kottayam,Total,Matric/secondary but below graduate,579741,283824,295917,210700,170028,40672,44181,22512,21669,23668,12174,11494,324860,91284,233576,104407,30832,73575
B0103,32,597,District - Kottayam,Total,Technical diploma or certificate not equal to degree,78185,39125,39060,35068,22429,12639,5411,2946,2465,3939,2125,1814,37706,13750,23956,17835,6902,10933
B0103,32,597,District - Kottayam,Total,Graduate and above other than technical degree,152605,73645,78960,74021,49196,24825,8801,4021,4780,5750,2470,3280,69783,20428,49355,32944,9144,23800
B0103,32,597,District - Kottayam,Total,Technical degree or diploma equal to degree or post-graduate degree,40890,17786,23104,20158,9862,10296,2235,912,1323,1668,656,1012,18497,7012,11485,10651,3916,6735
B0103,32,597,District - Kottayam,Rural,Total,1409158,692673,716485,434591,333204,101387,104585,52191,52394,49767,25257,24510,869982,307278,562704,159236,47246,111990
B0103,32,597,District - Kottayam,Rural,Illiterate,162383,77222,85161,7250,4594,2656,3179,1309,1870,1051,469,582,151954,71319,80635,2031,743,1288
B0103,32,597,District - Kottayam,Rural,Literate,1246775,615451,631324,427341,328610,98731,101406,50882,50524,48716,24788,23928,718028,235959,482069,157205,46503,110702
B0103,32,597,District - Kottayam,Rural,Literate but below matric/secondary,576841,289392,287449,158615,128674,29941,46004,23509,22495,18027,9432,8595,372222,137209,235013,32373,8626,23747
B0103,32,597,District - Kottayam,Rural,Matric/secondary but below graduate,412071,202709,209362,153156,123141,30015,34898,17499,17399,18479,9527,8952,224017,62069,161948,72948,21772,51176
B0103,32,597,District - Kottayam,Rural,Technical diploma or certificate not equal to degree,55507,27671,27836,25019,15856,9163,4159,2281,1878,3037,1663,1374,26329,9534,16795,12877,4953,7924
B0103,32,597,District - Kottayam,Rural,Graduate and above other than technical degree,99245,48044,51201,47586,32129,15457,6427,2994,3433,4227,1886,2341,45232,12921,32311,22964,6460,16504
B0103,32,597,District - Kottayam,Rural,Technical degree or diploma equal to degree or post-graduate degree,25661,11101,14560,12391,6006,6385,1501,610,891,1131,442,689,11769,4485,7284,7061,2592,4469
B0103,32,597,District - Kottayam,Urban,Total,565393,275616,289777,169962,130509,39453,26597,14418,12179,13423,6758,6665,368834,130689,238145,68528,19758,48770
B0103,32,597,District - Kottayam,Urban,Illiterate,62370,29475,32895,2345,1545,800,676,297,379,195,96,99,59349,27633,31716,859,241,618
B0103,32,597,District - Kottayam,Urban,Literate,503023,246141,256882,167617,128964,38653,25921,14121,11800,13228,6662,6566,309485,103056,206429,67669,19517,48152
B0103,32,597,District - Kottayam,Urban,Literate but below matric/secondary,217017,108756,108261,55450,46847,8603,10640,6209,4431,4353,2368,1985,150927,55700,95227,14096,3633,10463
B0103,32,597,District - Kottayam,Urban,Matric/secondary but below graduate,167670,81115,86555,57544,46887,10657,9283,5013,4270,5189,2647,2542,100843,29215,71628,31459,9060,22399
B0103,32,597,District - Kottayam,Urban,Technical diploma or certificate not equal to degree,22678,11454,11224,10049,6573,3476,1252,665,587,902,462,440,11377,4216,7161,4958,1949,3009
B0103,32,597,District - Kottayam,Urban,Graduate and above other than technical degree,53360,25601,27759,26435,17067,9368,2374,1027,1347,1523,584,939,24551,7507,17044,9980,2684,7296
B0103,32,597,District - Kottayam,Urban,Technical degree or diploma equal to degree or post-graduate degree,15229,6685,8544,7767,3856,3911,734,302,432,537,214,323,6728,2527,4201,3590,1324,2266
B0103,32,598,District - Alappuzha,Total,Total,2127789,1013142,1114647,596387,434391,161996,208084,102347,105737,98001,50460,47541,1323318,476404,846914,276332,82545,193787
B0103,32,598,District - Alappuzha,Total,Illiterate,274992,122590,152402,15440,8161,7279,8875,2938,5937,2239,822,1417,250677,111491,139186,4056,1179,2877
B0103,32,598,District - Alappuzha,Total,Literate,1852797,890552,962245,580947,426230,154717,199209,99409,99800,95762,49638,46124,1072641,364913,707728,272276,81366,190910
B0103,32,598,District - Alappuzha,Total,Literate but below matric/secondary,898533,436056,462477,246597,181897,64700,100777,47891,52886,37889,19110,18779,551159,206268,344891,56352,15321,41031
B0103,32,598,District - Alappuzha,Total,Matric/secondary but below graduate,591602,283804,307798,188863,147861,41002,62897,33535,29362,36157,19610,16547,339842,102408,237434,131454,40680,90774
B0103,32,598,District - Alappuzha,Total,Technical diploma or certificate not equal to degree,86167,51717,34450,36363,27217,9146,8868,6023,2845,6534,4368,2166,40936,18477,22459,21894,10128,11766
B0103,32,598,District - Alappuzha,Total,Graduate and above other than technical degree,131654,55024,76630,55669,34548,21121,9791,3994,5797,7037,2621,4416,66194,16482,49712,37838,7984,29854
B0103,32,598,District - Alappuzha,Total,Technical degree or diploma equal to degree or post-graduate degree,31201,12832,18369,14223,6605,7618,2107,860,1247,1630,633,997,14871,5367,9504,9393,3280,6113
B0103,32,598,District - Alappuzha,Rural,Total,979643,464713,514930,263794,191272,72522,107648,52913,54735,49074,25155,23919,608201,220528,387673,125930,38374,87556
B0103,32,598,District - Alappuzha,Rural,Illiterate,127173,57300,69873,7287,3836,3451,4357,1478,2879,1046,418,628,115529,51986,63543,1800,573,1227
B0103,32,598,District - Alappuzha,Rural,Literate,852470,407413,445057,256507,187436,69071,103291,51435,51856,48028,24737,23291,492672,168542,324130,124130,37801,86329
B0103,32,598,District - Alappuzha,Rural,Literate but below matric/secondary,418479,202186,216293,112903,82143,30760,52840,24738,28102,19351,9555,9796,252736,95305,157431,24769,6963,17806
B0103,32,598,District - Alappuzha,Rural,Matric/secondary but below graduate,274201,130929,143272,84446,65899,18547,32482,17423,15059,18121,9767,8354,157273,47607,109666,60899,19067,41832
B0103,32,598,District - Alappuzha,Rural,Technical diploma or certificate not equal to degree,39809,23352,16457,15792,11670,4122,4362,2957,1405,3162,2107,1055,19655,8725,10930,10836,4921,5915
B0103,32,598,District - Alappuzha,Rural,Graduate and above other than technical degree,51927,21112,30815,20545,12675,7870,4248,1768,2480,3060,1177,1883,27134,6669,20465,16204,3490,12714
B0103,32,598,District - Alappuzha,Rural,Technical degree or diploma equal to degree or post-graduate degree,12349,4898,7451,5240,2339,2901,904,364,540,715,271,444,6205,2195,4010,4048,1389,2659
B0103,32,598,District - Alappuzha,Urban,Total,1148146,548429,599717,332593,243119,89474,100436,49434,51002,48927,25305,23622,715117,255876,459241,150402,44171,106231
B0103,32,598,District - Alappuzha,Urban,Illiterate,147819,65290,82529,8153,4325,3828,4518,1460,3058,1193,404,789,135148,59505,75643,2256,606,1650
B0103,32,598,District - Alappuzha,Urban,Literate,1000327,483139,517188,324440,238794,85646,95918,47974,47944,47734,24901,22833,579969,196371,383598,148146,43565,104581
B0103,32,598,District - Alappuzha,Urban,Literate but below matric/secondary,480054,233870,246184,133694,99754,33940,47937,23153,24784,18538,9555,8983,298423,110963,187460,31583,8358,23225
B0103,32,598,District - Alappuzha,Urban,Matric/secondary but below graduate,317401,152875,164526,104417,81962,22455,30415,16112,14303,18036,9843,8193,182569,54801,127768,70555,21613,48942
B0103,32,598,District - Alappuzha,Urban,Technical diploma or certificate not equal to degree,46358,28365,17993,20571,15547,5024,4506,3066,1440,3372,2261,1111,21281,9752,11529,11058,5207,5851
B0103,32,598,District - Alappuzha,Urban,Graduate and above other than technical degree,79727,33912,45815,35124,21873,13251,5543,2226,3317,3977,1444,2533,39060,9813,29247,21634,4494,17140
B0103,32,598,District - Alappuzha,Urban,Technical degree or diploma equal to degree or post-graduate degree,18852,7934,10918,8983,4266,4717,1203,496,707,915,362,553,8666,3172,5494,5345,1891,3454
B0103,32,599,District - Pathanamthitta,Total,Total,1197412,561716,635696,293257,223642,69615,99537,58212,41325,46433,26567,19866,804618,279862,524756,155838,50524,105314
B0103,32,599,District - Pathanamthitta,Total,Illiterate,134859,62535,72324,7589,4810,2779,3723,1735,1988,1147,511,636,123547,55990,67557,2130,651,1479
B0103,32,599,District - Pathanamthitta,Total,Literate,1062553,499181,563372,285668,218832,66836,95814,56477,39337,45286,26056,19230,681071,223872,457199,153708,49873,103835
B0103,32,599,District - Pathanamthitta,Total,Literate but below matric/secondary,472119,225683,246436,104694,85815,18879,42824,25614,17210,16039,9536,6503,324601,114254,210347,29268,8333,20935
B0103,32,599,District - Pathanamthitta,Total,Matric/secondary but below graduate,371691,173287,198404,103005,83369,19636,34492,20683,13809,18172,10746,7426,234194,69235,164959,73296,23988,49308
B0103,32,599,District - Pathanamthitta,Total,Technical diploma or certificate not equal to degree,57758,30936,26822,20386,13844,6542,5282,3424,1858,3659,2316,1343,32090,13668,18422,15194,6937,8257
B0103,32,599,District - Pathanamthitta,Total,Graduate and above other than technical degree,75438,32501,42937,29565,17906,11659,5136,2416,2720,3379,1403,1976,40737,12179,28558,20060,5394,14666
B0103,32,599,District - Pathanamthitta,Total,Technical degree or diploma equal to degree or post-graduate degree,24953,10349,14604,10220,4681,5539,1631,694,937,1214,487,727,13102,4974,8128,7776,2915,4861
B0103,32,599,District - Pathanamthitta,Rural,Total,1065799,499820,565979,259956,198953,61003,91879,53399,38480,42653,24261,18392,713964,247468,466496,138947,44836,94111
B0103,32,599,District - Pathanamthitta,Rural,Illiterate,120448,55798,64650,6776,4306,2470,3494,1628,1866,1083,482,601,110178,49864,60314,1917,581,1336
B0103,32,599,District - Pathanamthitta,Rural,Literate,945351,444022,501329,253180,194647,58533,88385,51771,36614,41570,23779,17791,603786,197604,406182,137030,44255,92775
B0103,32,599,District - Pathanamthitta,Rural,Literate but below matric/secondary,427766,204344,223422,95854,78329,17525,40060,23731,16329,14850,8727,6123,291852,102284,189568,26328,7459,18869
B0103,32,599,District - Pathanamthitta,Rural,Matric/secondary but below graduate,332547,155249,177298,92499,74933,17566,31903,19059,12844,16783,9894,6889,208145,61257,146888,65951,21504,44447
B0103,32,599,District - Pathanamthitta,Rural,Technical diploma or certificate not equal to degree,51219,27558,23661,17943,12270,5673,4852,3143,1709,3371,2140,1231,28424,12145,16279,13740,6267,7473
B0103,32,599,District - Pathanamthitta,Rural,Graduate and above other than technical degree,62624,26606,36018,24113,14534,9579,4457,2067,2390,2992,1232,1760,34054,10005,24049,17435,4615,12820
B0103,32,599,District - Pathanamthitta,Rural,Technical degree or diploma equal to degree or post-graduate degree,20438,8369,12069,8082,3634,4448,1404,597,807,1053,416,637,10952,4138,6814,6664,2484,4180
B0103,32,599,District - Pathanamthitta,Urban,Total,131613,61896,69717,33301,24689,8612,7658,4813,2845,3780,2306,1474,90654,32394,58260,16891,5688,11203
B0103,32,599,District - Pathanamthitta,Urban,Illiterate,14411,6737,7674,813,504,309,229,107,122,64,29,35,13369,6126,7243,213,70,143
B0103,32,599,District - Pathanamthitta,Urban,Literate,117202,55159,62043,32488,24185,8303,7429,4706,2723,3716,2277,1439,77285,26268,51017,16678,5618,11060
B0103,32,599,District - Pathanamthitta,Urban,Literate but below matric/secondary,44353,21339,23014,8840,7486,1354,2764,1883,881,1189,809,380,32749,11970,20779,2940,874,2066
B0103,32,599,District - Pathanamthitta,Urban,Matric/secondary but below graduate,39144,18038,21106,10506,8436,2070,2589,1624,965,1389,852,537,26049,7978,18071,7345,2484,4861
B0103,32,599,District - Pathanamthitta,Urban,Technical diploma or certificate not equal to degree,6539,3378,3161,2443,1574,869,430,281,149,288,176,112,3666,1523,2143,1454,670,784
B0103,32,599,District - Pathanamthitta,Urban,Graduate and above other than technical degree,12814,5895,6919,5452,3372,2080,679,349,330,387,171,216,6683,2174,4509,2625,779,1846
B0103,32,599,District - Pathanamthitta,Urban,Technical degree or diploma equal to degree or post-graduate degree,4515,1980,2535,2138,1047,1091,227,97,130,161,71,90,2150,836,1314,1112,431,681
B0103,32,600,District - Kollam,Total,Total,2635375,1246968,1388407,695299,509909,185390,216726,134453,82273,107366,67219,40147,1723350,602606,1120744,387244,114569,272675
B0103,32,600,District - Kollam,Total,Illiterate,395102,172623,222479,31089,16747,14342,12560,5591,6969,3826,1769,2057,351453,150285,201168,7734,2122,5612
B0103,32,600,District - Kollam,Total,Literate,2240273,1074345,1165928,664210,493162,171048,204166,128862,75304,103540,65450,38090,1371897,452321,919576,379510,112447,267063
B0103,32,600,District - Kollam,Total,Literate but below matric/secondary,1106733,539183,567550,291658,217628,74030,100635,64353,36282,41721,27457,14264,714440,257202,457238,87404,23131,64273
B0103,32,600,District - Kollam,Total,Matric/secondary but below graduate,707150,339106,368044,210521,168639,41882,68851,44598,24253,40385,26014,14371,427778,125869,301909,177200,55394,121806
B0103,32,600,District - Kollam,Total,Technical diploma or certificate not equal to degree,89160,52994,36166,34630,25282,9348,7873,5503,2370,5686,3884,1802,46657,22209,24448,26535,12619,13916
B0103,32,600,District - Kollam,Total,Graduate and above other than technical degree,162713,67295,95418,65099,41461,23638,10476,4953,5523,7421,3266,4155,87138,20881,66257,52872,11034,41838
B0103,32,600,District - Kollam,Total,Technical degree or diploma equal to degree or post-graduate degree,42117,18315,23802,18827,9390,9437,2332,1033,1299,1770,768,1002,20958,7892,13066,13908,4943,8965
B0103,32,600,District - Kollam,Rural,Total,1448217,680687,767530,373800,269660,104140,139017,84845,54172,69339,42850,26489,935400,326182,609218,219710,64873,154837
B0103,32,600,District - Kollam,Rural,Illiterate,214855,93300,121555,16730,8530,8200,8246,3609,4637,2642,1203,1439,189879,81161,108718,4454,1158,3296
B0103,32,600,District - Kollam,Rural,Literate,1233362,587387,645975,357070,261130,95940,130771,81236,49535,66697,41647,25050,745521,245021,500500,215256,63715,151541
B0103,32,600,District - Kollam,Rural,Literate but below matric/secondary,620839,299451,321388,161441,117042,44399,65481,41141,24340,27334,17656,9678,393917,141268,252649,49741,13207,36534
B0103,32,600,District - Kollam,Rural,Matric/secondary but below graduate,397185,190239,206946,117412,93001,24411,44728,28416,16312,26393,16790,9603,235045,68822,166223,103174,32215,70959
B0103,32,600,District - Kollam,Rural,Technical diploma or certificate not equal to degree,49172,28328,20844,18001,12786,5215,4812,3324,1488,3555,2400,1155,26359,12218,14141,15646,7307,8339
B0103,32,600,District - Kollam,Rural,Graduate and above other than technical degree,79966,32225,47741,30401,19415,10986,6101,2874,3227,4453,1961,2492,43464,9936,33528,28379,5805,22574
B0103,32,600,District - Kollam,Rural,Technical degree or diploma equal to degree or post-graduate degree,20426,8477,11949,8454,4123,4331,1299,556,743,1052,442,610,10673,3798,6875,7387,2457,4930
B0103,32,600,District - Kollam,Urban,Total,1187158,566281,620877,321499,240249,81250,77709,49608,28101,38027,24369,13658,787950,276424,511526,167534,49696,117838
B0103,32,600,District - Kollam,Urban,Illiterate,180247,79323,100924,14359,8217,6142,4314,1982,2332,1184,566,618,161574,69124,92450,3280,964,2316
B0103,32,600,District - Kollam,Urban,Literate,1006911,486958,519953,307140,232032,75108,73395,47626,25769,36843,23803,13040,626376,207300,419076,164254,48732,115522
B0103,32,600,District - Kollam,Urban,Literate but below matric/secondary,485894,239732,246162,130217,100586,29631,35154,23212,11942,14387,9801,4586,320523,115934,204589,37663,9924,27739
B0103,32,600,District - Kollam,Urban,Matric/secondary but below graduate,309965,148867,161098,93109,75638,17471,24123,16182,7941,13992,9224,4768,192733,57047,135686,74026,23179,50847
B0103,32,600,District - Kollam,Urban,Technical diploma or certificate not equal to degree,39988,24666,15322,16629,12496,4133,3061,2179,882,2131,1484,647,20298,9991,10307,10889,5312,5577
B0103,32,600,District - Kollam,Urban,Graduate and above other than technical degree,82747,35070,47677,34698,22046,12652,4375,2079,2296,2968,1305,1663,43674,10945,32729,24493,5229,19264
B0103,32,600,District - Kollam,Urban,Technical degree or diploma equal to degree or post-graduate degree,21691,9838,11853,10373,5267,5106,1033,477,556,718,326,392,10285,4094,6191,6521,2486,4035
B0103,32,601,District - Thiruvananthapuram,Total,Total,3301427,1581678,1719749,921282,695778,225504,310387,168323,142064,174083,92922,81161,2069758,717577,1352181,493690,136453,357237
B0103,32,601,District - Thiruvananthapuram,Total,Illiterate,516019,226821,289198,52965,32964,20001,27182,10737,16445,10562,4013,6549,435872,183120,252752,14143,3025,11118
B0103,32,601,District - Thiruvananthapuram,Total,Literate,2785408,1354857,1430551,868317,662814,205503,283205,157586,125619,163521,88909,74612,1633886,534457,1099429,479547,133428,346119
B0103,32,601,District - Thiruvananthapuram,Total,Literate but below matric/secondary,1293708,641006,652702,334618,269672,64946,139280,77808,61472,68882,38250,30632,819810,293526,526284,117380,29427,87953
B0103,32,601,District - Thiruvananthapuram,Total,Matric/secondary but below graduate,892848,433346,459502,275591,226060,49531,94777,55221,39556,61398,34985,26413,522480,152065,370415,222195,65970,156225
B0103,32,601,District - Thiruvananthapuram,Total,Technical diploma or certificate not equal to degree,99371,56672,42699,40975,29130,11845,9150,5631,3519,6894,4090,2804,49246,21911,27335,26326,10893,15433
B0103,32,601,District - Thiruvananthapuram,Total,Graduate and above other than technical degree,285131,126018,159113,129236,81453,47783,19649,8741,10908,14366,5787,8579,136246,35824,100422,72513,15369,57144
B0103,32,601,District - Thiruvananthapuram,Total,Technical degree or diploma equal to degree or post-graduate degree,75325,35290,40035,40207,21525,18682,4264,1796,2468,3210,1274,1936,30854,11969,18885,18533,6441,12092
B0103,32,601,District - Thiruvananthapuram,Rural,Total,1529831,724864,804967,402426,307552,94874,180906,93603,87303,100989,52522,48467,946499,323709,622790,237931,63493,174438
B0103,32,601,District - Thiruvananthapuram,Rural,Illiterate,262409,114008,148401,29555,18166,11389,17272,6396,10876,6893,2516,4377,215582,89446,126136,7620,1543,6077
B0103,32,601,District - Thiruvananthapuram,Rural,Literate,1267422,610856,656566,372871,289386,83485,163634,87207,76427,94096,50006,44090,730917,234263,496654,230311,61950,168361
B0103,32,601,District - Thiruvananthapuram,Rural,Literate but below matric/secondary,660024,325995,334029,175976,139467,36509,87008,45868,41140,43530,23192,20338,397040,140660,256380,61639,15141,46498
B0103,32,601,District - Thiruvananthapuram,Rural,Matric/secondary but below graduate,398872,191631,207241,120331,98728,21603,52612,29484,23128,34167,18984,15183,225929,63419,162510,107766,30846,76920
B0103,32,601,District - Thiruvananthapuram,Rural,Technical diploma or certificate not equal to degree,41617,23122,18495,15052,10644,4408,4635,2869,1766,3575,2162,1413,21930,9609,12321,13501,5639,7862
B0103,32,601,District - Thiruvananthapuram,Rural,Graduate and above other than technical degree,86707,35714,50993,34208,22172,12036,8129,3647,4482,6295,2623,3672,44370,9895,34475,30216,6070,24146
B0103,32,601,District - Thiruvananthapuram,Rural,Technical degree or diploma equal to degree or post-graduate degree,17410,7014,10396,7516,3669,3847,1360,509,851,1114,397,717,8534,2836,5698,6152,1896,4256
B0103,32,601,District - Thiruvananthapuram,Urban,Total,1771596,856814,914782,518856,388226,130630,129481,74720,54761,73094,40400,32694,1123259,393868,729391,255759,72960,182799
B0103,32,601,District - Thiruvananthapuram,Urban,Illiterate,253610,112813,140797,23410,14798,8612,9910,4341,5569,3669,1497,2172,220290,93674,126616,6523,1482,5041
B0103,32,601,District - Thiruvananthapuram,Urban,Literate,1517986,744001,773985,495446,373428,122018,119571,70379,49192,69425,38903,30522,902969,300194,602775,249236,71478,177758
B0103,32,601,District - Thiruvananthapuram,Urban,Literate but below matric/secondary,633684,315011,318673,158642,130205,28437,52272,31940,20332,25352,15058,10294,422770,152866,269904,55741,14286,41455
B0103,32,601,District - Thiruvananthapuram,Urban,Matric/secondary but below graduate,493976,241715,252261,155260,127332,27928,42165,25737,16428,27231,16001,11230,296551,88646,207905,114429,35124,79305
B0103,32,601,District - Thiruvananthapuram,Urban,Technical diploma or certificate not equal to degree,57754,33550,24204,25923,18486,7437,4515,2762,1753,3319,1928,1391,27316,12302,15014,12825,5254,7571
B0103,32,601,District - Thiruvananthapuram,Urban,Graduate and above other than technical degree,198424,90304,108120,95028,59281,35747,11520,5094,6426,8071,3164,4907,91876,25929,65947,42297,9299,32998
B0103,32,601,District - Thiruvananthapuram,Urban,Technical degree or diploma equal to degree or post-graduate degree,57915,28276,29639,32691,17856,14835,2904,1287,1617,2096,877,1219,22320,9133,13187,12381,4545,7836
B0103,33,602,District - Thiruvallur,Total,Total,3728104,1876062,1852042,1247918,945278,302640,290136,158285,131851,101159,60549,40610,2190050,772499,1417551,215183,80222,134961
B0103,33,602,District - Thiruvallur,Total,Illiterate,936383,380351,556032,199943,105024,94919,83356,30875,52481,20669,9038,11631,653084,244452,408632,17047,3142,13905
B0103,33,602,District - Thiruvallur,Total,Literate,2791721,1495711,1296010,1047975,840254,207721,206780,127410,79370,80490,51511,28979,1536966,528047,1008919,198136,77080,121056
B0103,33,602,District - Thiruvallur,Total,Literate but below matric/secondary,1242031,623297,618734,356391,280272,76119,91422,53779,37643,30044,18979,11065,794218,289246,504972,49376,15626,33750
B0103,33,602,District - Thiruvallur,Total,Matric/secondary but below graduate,901343,495546,405797,347777,292825,54952,65804,43327,22477,28704,19097,9607,487762,159394,328368,87747,37102,50645
B0103,33,602,District - Thiruvallur,Total,Technical diploma or certificate not equal to degree,95438,74934,20504,59442,53277,6165,6375,5100,1275,3375,2603,772,29621,16557,13064,9223,5532,3691
B0103,33,602,District - Thiruvallur,Total,Graduate and above other than technical degree,283271,151138,132133,154841,116101,38740,16627,9673,6954,7903,4346,3557,111803,25364,86439,27267,8087,19180
B0103,33,602,District - Thiruvallur,Total,Technical degree or diploma equal to degree or post-graduate degree,112851,70961,41890,66022,49587,16435,6962,4419,2543,3682,2314,1368,39867,16955,22912,13456,6901,6555
B0103,33,602,District - Thiruvallur,Rural,Total,1299709,650462,649247,439810,304671,135139,167423,84346,83077,55264,32450,22814,692476,261445,431031,67934,27126,40808
B0103,33,602,District - Thiruvallur,Rural,Illiterate,440009,174263,265746,126847,61964,64883,65551,23169,42382,15952,6792,9160,247611,89130,158481,7585,1294,6291
B0103,33,602,District - Thiruvallur,Rural,Literate,859700,476199,383501,312963,242707,70256,101872,61177,40695,39312,25658,13654,444865,172315,272550,60349,25832,34517
B0103,33,602,District - Thiruvallur,Rural,Literate but below matric/secondary,463623,241602,222021,144542,107032,37510,52785,29460,23325,17333,10712,6621,266296,105110,161186,17546,5925,11621
B0103,33,602,District - Thiruvallur,Rural,Matric/secondary but below graduate,269375,157111,112264,107362,87697,19665,31657,21013,10644,14116,9783,4333,130356,48401,81955,29002,13258,15744
B0103,33,602,District - Thiruvallur,Rural,Technical diploma or certificate not equal to degree,21314,15744,5570,10853,9350,1503,2150,1610,540,1329,968,361,8311,4784,3527,3238,1922,1316
B0103,33,602,District - Thiruvallur,Rural,Graduate and above other than technical degree,39844,25276,14568,21653,17710,3943,3714,2652,1062,2037,1430,607,14477,4914,9563,4968,2208,2760
B0103,33,602,District - Thiruvallur,Rural,Technical degree or diploma equal to degree or post-graduate degree,12655,8497,4158,6164,4881,1283,1016,714,302,687,487,200,5475,2902,2573,2282,1321,961
B0103,33,602,District - Thiruvallur,Urban,Total,2428395,1225600,1202795,808108,640607,167501,122713,73939,48774,45895,28099,17796,1497574,511054,986520,147249,53096,94153
B0103,33,602,District - Thiruvallur,Urban,Illiterate,496374,206088,290286,73096,43060,30036,17805,7706,10099,4717,2246,2471,405473,155322,250151,9462,1848,7614
B0103,33,602,District - Thiruvallur,Urban,Literate,1932021,1019512,912509,735012,597547,137465,104908,66233,38675,41178,25853,15325,1092101,355732,736369,137787,51248,86539
B0103,33,602,District - Thiruvallur,Urban,Literate but below matric/secondary,778408,381695,396713,211849,173240,38609,38637,24319,14318,12711,8267,4444,527922,184136,343786,31830,9701,22129
B0103,33,602,District - Thiruvallur,Urban,Matric/secondary but below graduate,631968,338435,293533,240415,205128,35287,34147,22314,11833,14588,9314,5274,357406,110993,246413,58745,23844,34901
B0103,33,602,District - Thiruvallur,Urban,Technical diploma or certificate not equal to degree,74124,59190,14934,48589,43927,4662,4225,3490,735,2046,1635,411,21310,11773,9537,5985,3610,2375
B0103,33,602,District - Thiruvallur,Urban,Graduate and above other than technical degree,243427,125862,117565,133188,98391,34797,12913,7021,5892,5866,2916,2950,97326,20450,76876,22299,5879,16420
B0103,33,602,District - Thiruvallur,Urban,Technical degree or diploma equal to degree or post-graduate degree,100196,62464,37732,59858,44706,15152,5946,3705,2241,2995,1827,1168,34392,14053,20339,11174,5580,5594
B0103,33,603,District - Chennai,Total,Total,4646732,2335844,2310888,1619554,1256644,362910,197743,112658,85085,72376,41662,30714,2829435,966542,1862893,284725,103948,180777
B0103,33,603,District - Chennai,Total,Illiterate,870456,367765,502691,142382,84986,57396,24095,10253,13842,7259,3509,3750,703979,272526,431453,21842,4724,17118
B0103,33,603,District - Chennai,Total,Literate,3776276,1968079,1808197,1477172,1171658,305514,173648,102405,71243,65117,38153,26964,2125456,694016,1431440,262883,99224,163659
B0103,33,603,District - Chennai,Total,Literate but below matric/secondary,1417825,688700,729125,401236,323124,78112,58850,34384,24466,18740,11402,7338,957739,331192,626547,62690,18851,43839
B0103,33,603,District - Chennai,Total,Matric/secondary but below graduate,1191815,625232,566583,442134,374561,67573,54031,32505,21526,21705,12730,8975,695650,218166,477484,109018,45465,63553
B0103,33,603,District - Chennai,Total,Technical diploma or certificate not equal to degree,82331,62365,19966,52297,45244,7053,3829,2911,918,1728,1288,440,26205,14210,11995,6270,3706,2564
B0103,33,603,District - Chennai,Total,Graduate and above other than technical degree,634878,335177,299701,349852,256997,92855,29241,15652,13589,11764,5803,5961,255785,62528,193257,47436,14249,33187
B0103,33,603,District - Chennai,Total,Technical degree or diploma equal to degree or post-graduate degree,244817,152251,92566,153171,111701,41470,12528,7514,5014,5696,3359,2337,79118,33036,46082,20942,10310,10632
B0103,33,603,District - Chennai,Rural,Total,0,0,0,0,0,0,0,0,0,0,0,0,0,0,0,0,0,0
B0103,33,603,District - Chennai,Rural,Illiterate,0,0,0,0,0,0,0,0,0,0,0,0,0,0,0,0,0,0
B0103,33,603,District - Chennai,Rural,Literate,0,0,0,0,0,0,0,0,0,0,0,0,0,0,0,0,0,0
B0103,33,603,District - Chennai,Rural,Literate but below matric/secondary,0,0,0,0,0,0,0,0,0,0,0,0,0,0,0,0,0,0
B0103,33,603,District - Chennai,Rural,Matric/secondary but below graduate,0,0,0,0,0,0,0,0,0,0,0,0,0,0,0,0,0,0
B0103,33,603,District - Chennai,Rural,Technical diploma or certificate not equal to degree,0,0,0,0,0,0,0,0,0,0,0,0,0,0,0,0,0,0
B0103,33,603,District - Chennai,Rural,Graduate and above other than technical degree,0,0,0,0,0,0,0,0,0,0,0,0,0,0,0,0,0,0
B0103,33,603,District - Chennai,Rural,Technical degree or diploma equal to degree or post-graduate degree,0,0,0,0,0,0,0,0,0,0,0,0,0,0,0,0,0,0
B0103,33,603,District - Chennai,Urban,Total,4646732,2335844,2310888,1619554,1256644,362910,197743,112658,85085,72376,41662,30714,2829435,966542,1862893,284725,103948,180777
B0103,33,603,District - Chennai,Urban,Illiterate,870456,367765,502691,142382,84986,57396,24095,10253,13842,7259,3509,3750,703979,272526,431453,21842,4724,17118
B0103,33,603,District - Chennai,Urban,Literate,3776276,1968079,1808197,1477172,1171658,305514,173648,102405,71243,65117,38153,26964,2125456,694016,1431440,262883,99224,163659
B0103,33,603,District - Chennai,Urban,Literate but below matric/secondary,1417825,688700,729125,401236,323124,78112,58850,34384,24466,18740,11402,7338,957739,331192,626547,62690,18851,43839
B0103,33,603,District - Chennai,Urban,Matric/secondary but below graduate,1191815,625232,566583,442134,374561,67573,54031,32505,21526,21705,12730,8975,695650,218166,477484,109018,45465,63553
B0103,33,603,District - Chennai,Urban,Technical diploma or certificate not equal to degree,82331,62365,19966,52297,45244,7053,3829,2911,918,1728,1288,440,26205,14210,11995,6270,3706,2564
B0103,33,603,District - Chennai,Urban,Graduate and above other than technical degree,634878,335177,299701,349852,256997,92855,29241,15652,13589,11764,5803,5961,255785,62528,193257,47436,14249,33187
B0103,33,603,District - Chennai,Urban,Technical degree or diploma equal to degree or post-graduate degree,244817,152251,92566,153171,111701,41470,12528,7514,5014,5696,3359,2337,79118,33036,46082,20942,10310,10632
B0103,33,604,District - Kancheepuram,Total,Total,3998252,2012958,1985294,1367378,1017443,349935,306436,163865,142571,102238,59464,42774,2324438,831650,1492788,218820,83411,135409
B0103,33,604,District - Kancheepuram,Total,Illiterate,984870,401497,583373,206956,108878,98078,87870,31521,56349,20595,8229,12366,690044,261098,428946,16277,2830,13447
B0103,33,604,District - Kancheepuram,Total,Literate,3013382,1611461,1401921,1160422,908565,251857,218566,132344,86222,81643,51235,30408,1634394,570552,1063842,202543,80581,121962
B0103,33,604,District - Kancheepuram,Total,Literate but below matric/secondary,1341003,684063,656940,408997,318335,90662,104599,61309,43290,33230,20783,12447,827407,304419,522988,48594,16029,32565
B0103,33,604,District - Kancheepuram,Total,Matric/secondary but below graduate,923181,494791,428390,342414,279011,63403,63575,40066,23509,27047,17229,9818,517192,175714,341478,88959,38605,50354
B0103,33,604,District - Kancheepuram,Total,Technical diploma or certificate not equal to degree,94619,72950,21669,59033,51799,7234,6132,4857,1275,3198,2481,717,29454,16294,13160,9055,5418,3637
B0103,33,604,District - Kancheepuram,Total,Graduate and above other than technical degree,322378,172536,149842,178217,131590,46627,16767,9515,7252,7482,4023,3459,127394,31431,95963,27905,8295,19610
B0103,33,604,District - Kancheepuram,Total,Technical degree or diploma equal to degree or post-graduate degree,150589,93561,57028,94546,69471,25075,7923,4921,3002,3850,2438,1412,48120,19169,28951,15645,7699,7946
B0103,33,604,District - Kancheepuram,Rural,Total,1459916,734979,724937,490908,341586,149322,187343,92742,94601,61769,34506,27263,781665,300651,481014,80339,32206,48133
B0103,33,604,District - Kancheepuram,Rural,Illiterate,471538,187985,283553,126345,62966,63379,69170,23535,45635,16415,6196,10219,276023,101484,174539,7602,1340,6262
B0103,33,604,District - Kancheepuram,Rural,Literate,988378,546994,441384,364563,278620,85943,118173,69207,48966,45354,28310,17044,505642,199167,306475,72737,30866,41871
B0103,33,604,District - Kancheepuram,Rural,Literate but below matric/secondary,537677,287518,250159,177793,132889,44904,65936,36889,29047,21878,13179,8699,293948,117740,176208,19997,7100,12897
B0103,33,604,District - Kancheepuram,Rural,Matric/secondary but below graduate,298269,166922,131347,112702,87956,24746,33118,20376,12742,15001,9527,5474,152449,58590,93859,35518,15584,19934
B0103,33,604,District - Kancheepuram,Rural,Technical diploma or certificate not equal to degree,26850,20513,6337,14376,12539,1837,2653,2110,543,1572,1218,354,9821,5864,3957,3860,2386,1474
B0103,33,604,District - Kancheepuram,Rural,Graduate and above other than technical degree,44889,26675,18214,23617,18422,5195,3948,2601,1347,2100,1410,690,17324,5652,11672,6094,2455,3639
B0103,33,604,District - Kancheepuram,Rural,Technical degree or diploma equal to degree or post-graduate degree,16932,10937,5995,8573,6529,2044,1277,856,421,754,523,231,7082,3552,3530,2946,1587,1359
B0103,33,604,District - Kancheepuram,Urban,Total,2538336,1277979,1260357,876470,675857,200613,119093,71123,47970,40469,24958,15511,1542773,530999,1011774,138481,51205,87276
B0103,33,604,District - Kancheepuram,Urban,Illiterate,513332,213512,299820,80611,45912,34699,18700,7986,10714,4180,2033,2147,414021,159614,254407,8675,1490,7185
B0103,33,604,District - Kancheepuram,Urban,Literate,2025004,1064467,960537,795859,629945,165914,100393,63137,37256,36289,22925,13364,1128752,371385,757367,129806,49715,80091
B0103,33,604,District - Kancheepuram,Urban,Literate but below matric/secondary,803326,396545,406781,231204,185446,45758,38663,24420,14243,11352,7604,3748,533459,186679,346780,28597,8929,19668
B0103,33,604,District - Kancheepuram,Urban,Matric/secondary but below graduate,624912,327869,297043,229712,191055,38657,30457,19690,10767,12046,7702,4344,364743,117124,247619,53441,23021,30420
B0103,33,604,District - Kancheepuram,Urban,Technical diploma or certificate not equal to degree,67769,52437,15332,44657,39260,5397,3479,2747,732,1626,1263,363,19633,10430,9203,5195,3032,2163
B0103,33,604,District - Kancheepuram,Urban,Graduate and above other than technical degree,277489,145861,131628,154600,113168,41432,12819,6914,5905,5382,2613,2769,110070,25779,84291,21811,5840,15971
B0103,33,604,District - Kancheepuram,Urban,Technical degree or diploma equal to degree or post-graduate degree,133657,82624,51033,85973,62942,23031,6646,4065,2581,3096,1915,1181,41038,15617,25421,12699,6112,6587
B0103,33,605,District - Vellore,Total,Total,3936331,1961688,1974643,1360185,959108,401077,329145,164766,164379,101471,58695,42776,2247001,837814,1409187,201501,81155,120346
B0103,33,605,District - Vellore,Total,Illiterate,1162403,457333,705070,296050,143715,152335,108016,36066,71950,23452,9371,14081,758337,277552,480785,16226,3268,12958
B0103,33,605,District - Vellore,Total,Literate,2773928,1504355,1269573,1064135,815393,248742,221129,128700,92429,78019,49324,28695,1488664,560262,928402,185275,77887,107388
B0103,33,605,District - Vellore,Total,Literate but below matric/secondary,1510035,785301,724734,515133,380901,134232,127683,70153,57530,38099,22998,15101,867219,334247,532972,50066,17131,32935
B0103,33,605,District - Vellore,Total,Matric/secondary but below graduate,834425,465437,368988,329891,268389,61502,62628,39210,23418,25581,16882,8699,441906,157838,284068,81789,36040,45749
B0103,33,605,District - Vellore,Total,Technical diploma or certificate not equal to degree,82420,57745,24675,43961,35662,8299,5541,4149,1392,3466,2563,903,32918,17934,14984,13234,7640,5594
B0103,33,605,District - Vellore,Total,Graduate and above other than technical degree,151284,88872,62412,84220,64595,19625,7816,5031,2785,4404,2718,1686,59248,19246,40002,19974,7291,12683
B0103,33,605,District - Vellore,Total,Technical degree or diploma equal to degree or post-graduate degree,63171,39539,23632,32794,23619,9175,3258,2089,1169,2080,1383,697,27119,13831,13288,11959,6579,5380
B0103,33,605,District - Vellore,Rural,Total,2234344,1117101,1117243,795575,530357,265218,254850,122314,132536,77106,43332,33774,1183919,464430,719489,102117,42165,59952
B0103,33,605,District - Vellore,Rural,Illiterate,751413,292794,458619,213683,98720,114963,91851,29978,61873,20335,7935,12400,445879,164096,281783,9850,1917,7933
B0103,33,605,District - Vellore,Rural,Literate,1482931,824307,658624,581892,431637,150255,162999,92336,70663,56771,35397,21374,738040,300334,437706,92267,40248,52019
B0103,33,605,District - Vellore,Rural,Literate but below matric/secondary,877723,468928,408795,316429,224598,91831,99449,52939,46510,30088,17730,12358,461845,191391,270454,26794,9366,17428
B0103,33,605,District - Vellore,Rural,Matric/secondary but below graduate,432328,249548,182780,180628,142515,38113,45394,28034,17360,18452,12082,6370,206306,78999,127307,43144,19566,23578
B0103,33,605,District - Vellore,Rural,Technical diploma or certificate not equal to degree,39368,28012,11356,19106,15754,3352,3380,2578,802,2162,1627,535,16882,9680,7202,7120,4207,2913
B0103,33,605,District - Vellore,Rural,Graduate and above other than technical degree,48624,30331,18293,26376,20724,5652,3778,2568,1210,2185,1454,731,18470,7039,11431,7315,3181,4134
B0103,33,605,District - Vellore,Rural,Technical degree or diploma equal to degree or post-graduate degree,19577,12734,6843,9194,6835,2359,1326,915,411,896,638,258,9057,4984,4073,4278,2469,1809
B0103,33,605,District - Vellore,Urban,Total,1701987,844587,857400,564610,428751,135859,74295,42452,31843,24365,15363,9002,1063082,373384,689698,99384,38990,60394
B0103,33,605,District - Vellore,Urban,Illiterate,410990,164539,246451,82367,44995,37372,16165,6088,10077,3117,1436,1681,312458,113456,199002,6376,1351,5025
B0103,33,605,District - Vellore,Urban,Literate,1290997,680048,610949,482243,383756,98487,58130,36364,21766,21248,13927,7321,750624,259928,490696,93008,37639,55369
B0103,33,605,District - Vellore,Urban,Literate but below matric/secondary,632312,316373,315939,198704,156303,42401,28234,17214,11020,8011,5268,2743,405374,142856,262518,23272,7765,15507
B0103,33,605,District - Vellore,Urban,Matric/secondary but below graduate,402097,215889,186208,149263,125874,23389,17234,11176,6058,7129,4800,2329,235600,78839,156761,38645,16474,22171
B0103,33,605,District - Vellore,Urban,Technical diploma or certificate not equal to degree,43052,29733,13319,24855,19908,4947,2161,1571,590,1304,936,368,16036,8254,7782,6114,3433,2681
B0103,33,605,District - Vellore,Urban,Graduate and above other than technical degree,102660,58541,44119,57844,43871,13973,4038,2463,1575,2219,1264,955,40778,12207,28571,12659,4110,8549
B0103,33,605,District - Vellore,Urban,Technical degree or diploma equal to degree or post-graduate degree,43594,26805,16789,23600,16784,6816,1932,1174,758,1184,745,439,18062,8847,9215,7681,4110,3571
B0103,33,606,District - Tiruvannamalai,Total,Total,2464875,1235889,1228986,970072,619210,350862,268105,119785,148320,88170,47646,40524,1226698,496894,729804,102565,42831,59734
B0103,33,606,District - Tiruvannamalai,Total,Illiterate,838062,326086,511976,280996,121393,159603,99189,28723,70466,23917,8703,15214,457877,175970,281907,9367,1933,7434
B0103,33,606,District - Tiruvannamalai,Total,Literate,1626813,909803,717010,689076,497817,191259,168916,91062,77854,64253,38943,25310,768821,320924,447897,93198,40898,52300
B0103,33,606,District - Tiruvannamalai,Total,Literate but below matric/secondary,937996,502193,435803,369770,255379,114391,98588,49679,48909,31962,18473,13489,469638,197135,272503,24162,8397,15765
B0103,33,606,District - Tiruvannamalai,Total,Matric/secondary but below graduate,476072,276004,200068,208300,159253,49047,49486,28702,20784,21990,13719,8271,218286,88049,130237,43055,19624,23431
B0103,33,606,District - Tiruvannamalai,Total,Technical diploma or certificate not equal to degree,43714,31776,11938,22507,18768,3739,3747,2804,943,2450,1844,606,17460,10204,7256,7161,4264,2897
B0103,33,606,District - Tiruvannamalai,Total,Graduate and above other than technical degree,66584,41089,25495,37483,28493,8990,4527,2970,1557,2755,1788,967,24574,9626,14948,9431,3909,5522
B0103,33,606,District - Tiruvannamalai,Total,Technical degree or diploma equal to degree or post-graduate degree,29462,19201,10261,14495,10759,3736,1822,1266,556,1192,821,371,13145,7176,5969,5869,3317,2552
B0103,33,606,District - Tiruvannamalai,Rural,Total,1969930,989726,980204,804135,492746,311389,244511,107192,137319,79762,42692,37070,921284,389788,531496,72414,31491,40923
B0103,33,606,District - Tiruvannamalai,Rural,Illiterate,716832,279061,437771,256275,108554,147721,93357,26951,66406,22506,8171,14335,367200,143556,223644,7314,1547,5767
B0103,33,606,District - Tiruvannamalai,Rural,Literate,1253098,710665,542433,547860,384192,163668,151154,80241,70913,57256,34521,22735,554084,246232,307852,65100,29944,35156
B0103,33,606,District - Tiruvannamalai,Rural,Literate but below matric/secondary,758384,412318,346066,314166,210671,103495,90137,44858,45279,29350,16841,12509,354081,156789,197292,17845,6474,11371
B0103,33,606,District - Tiruvannamalai,Rural,Matric/secondary but below graduate,359358,212399,146959,164186,121752,42434,44035,25166,18869,19548,12135,7413,151137,65481,85656,31683,15028,16655
B0103,33,606,District - Tiruvannamalai,Rural,Technical diploma or certificate not equal to degree,30160,22155,8005,14832,12403,2429,3046,2286,760,2034,1547,487,12282,7466,4816,5026,3043,1983
B0103,33,606,District - Tiruvannamalai,Rural,Graduate and above other than technical degree,35097,23269,11828,19345,15145,4200,3179,2134,1045,2001,1350,651,12573,5990,6583,5149,2580,2569
B0103,33,606,District - Tiruvannamalai,Rural,Technical degree or diploma equal to degree or post-graduate degree,14524,9937,4587,6689,5116,1573,1150,815,335,805,574,231,6685,4006,2679,3016,1839,1177
B0103,33,606,District - Tiruvannamalai,Urban,Total,494945,246163,248782,165937,126464,39473,23594,12593,11001,8408,4954,3454,305414,107106,198308,30151,11340,18811
B0103,33,606,District - Tiruvannamalai,Urban,Illiterate,121230,47025,74205,24721,12839,11882,5832,1772,4060,1411,532,879,90677,32414,58263,2053,386,1667
B0103,33,606,District - Tiruvannamalai,Urban,Literate,373715,199138,174577,141216,113625,27591,17762,10821,6941,6997,4422,2575,214737,74692,140045,28098,10954,17144
B0103,33,606,District - Tiruvannamalai,Urban,Literate but below matric/secondary,179612,89875,89737,55604,44708,10896,8451,4821,3630,2612,1632,980,115557,40346,75211,6317,1923,4394
B0103,33,606,District - Tiruvannamalai,Urban,Matric/secondary but below graduate,116714,63605,53109,44114,37501,6613,5451,3536,1915,2442,1584,858,67149,22568,44581,11372,4596,6776
B0103,33,606,District - Tiruvannamalai,Urban,Technical diploma or certificate not equal to degree,13554,9621,3933,7675,6365,1310,701,518,183,416,297,119,5178,2738,2440,2135,1221,914
B0103,33,606,District - Tiruvannamalai,Urban,Graduate and above other than technical degree,31487,17820,13667,18138,13348,4790,1348,836,512,754,438,316,12001,3636,8365,4282,1329,2953
B0103,33,606,District - Tiruvannamalai,Urban,Technical degree or diploma equal to degree or post-graduate degree,14938,9264,5674,7806,5643,2163,672,451,221,387,247,140,6460,3170,3290,2853,1478,1375
B0103,33,607,District - Viluppuram,Total,Total,3458873,1740819,1718054,1260802,806396,454406,442447,210987,231460,141808,77246,64562,1755624,723436,1032188,148294,64123,84171
B0103,33,607,District - Viluppuram,Total,Illiterate,1263097,506340,756757,420782,189520,231262,177264,57523,119741,45038,16677,28361,665051,259297,405754,15483,3046,12437
B0103,33,607,District - Viluppuram,Total,Literate,2195776,1234479,961297,840020,616876,223144,265183,153464,111719,96770,60569,36201,1090573,464139,626434,132811,61077,71734
B0103,33,607,District - Viluppuram,Total,Literate but below matric/secondary,1256223,681003,575220,435396,309567,125829,149088,82218,66870,46968,28238,18730,671739,289218,382521,33598,12773,20825
B0103,33,607,District - Viluppuram,Total,Matric/secondary but below graduate,616774,356136,260638,247398,190603,56795,73915,45055,28860,30974,19948,11026,295461,120478,174983,59898,27899,31999
B0103,33,607,District - Viluppuram,Total,Technical diploma or certificate not equal to degree,59931,42339,17592,28889,23521,5368,6535,4883,1652,4132,3099,1033,24507,13935,10572,10449,6147,4302
B0103,33,607,District - Viluppuram,Total,Graduate and above other than technical degree,92067,57772,34295,49810,38193,11617,7962,5421,2541,4392,2966,1426,34295,14158,20137,13030,6070,6960
B0103,33,607,District - Viluppuram,Total,Technical degree or diploma equal to degree or post-graduate degree,41428,27283,14145,19609,14550,5059,3293,2281,1012,2109,1460,649,18526,10452,8074,8290,4946,3344
B0103,33,607,District - Viluppuram,Rural,Total,2939785,1481475,1458310,1105108,684347,420761,407845,189969,217876,130310,69987,60323,1426832,607159,819673,116463,51709,64754
B0103,33,607,District - Viluppuram,Rural,Illiterate,1135842,455858,679984,398403,177218,221185,168415,53958,114457,42835,15666,27169,569024,224682,344342,13053,2640,10413
B0103,33,607,District - Viluppuram,Rural,Literate,1803943,1025617,778326,706705,507129,199576,239430,136011,103419,87475,54321,33154,857808,382477,475331,103410,49069,54341
B0103,33,607,District - Viluppuram,Rural,Literate but below matric/secondary,1073404,589565,483839,387546,269688,117858,137766,74638,63128,43601,25926,17675,548092,245239,302853,27083,10661,16422
B0103,33,607,District - Viluppuram,Rural,Matric/secondary but below graduate,494261,288742,205519,204468,153119,51349,65770,39338,26432,27858,17798,10060,224023,96285,127738,48021,23046,24975
B0103,33,607,District - Viluppuram,Rural,Technical diploma or certificate not equal to degree,46380,32863,13517,21731,17606,4125,5498,4106,1392,3546,2674,872,19151,11151,8000,8344,4941,3403
B0103,33,607,District - Viluppuram,Rural,Graduate and above other than technical degree,58599,38648,19951,31353,24446,6907,5902,4091,1811,3429,2387,1042,21344,10111,11233,8838,4542,4296
B0103,33,607,District - Viluppuram,Rural,Technical degree or diploma equal to degree or post-graduate degree,25375,17211,8164,11637,8753,2884,2240,1619,621,1477,1077,400,11498,6839,4659,5340,3287,2053
B0103,33,607,District - Viluppuram,Urban,Total,519088,259344,259744,155694,122049,33645,34602,21018,13584,11498,7259,4239,328792,116277,212515,31831,12414,19417
B0103,33,607,District - Viluppuram,Urban,Illiterate,127255,50482,76773,22379,12302,10077,8849,3565,5284,2203,1011,1192,96027,34615,61412,2430,406,2024
B0103,33,607,District - Viluppuram,Urban,Literate,391833,208862,182971,133315,109747,23568,25753,17453,8300,9295,6248,3047,232765,81662,151103,29401,12008,17393
B0103,33,607,District - Viluppuram,Urban,Literate but below matric/secondary,182819,91438,91381,47850,39879,7971,11322,7580,3742,3367,2312,1055,123647,43979,79668,6515,2112,4403
B0103,33,607,District - Viluppuram,Urban,Matric/secondary but below graduate,122513,67394,55119,42930,37484,5446,8145,5717,2428,3116,2150,966,71438,24193,47245,11877,4853,7024
B0103,33,607,District - Viluppuram,Urban,Technical diploma or certificate not equal to degree,13551,9476,4075,7158,5915,1243,1037,777,260,586,425,161,5356,2784,2572,2105,1206,899
B0103,33,607,District - Viluppuram,Urban,Graduate and above other than technical degree,33468,19124,14344,18457,13747,4710,2060,1330,730,963,579,384,12951,4047,8904,4192,1528,2664
B0103,33,607,District - Viluppuram,Urban,Technical degree or diploma equal to degree or post-graduate degree,16053,10072,5981,7972,5797,2175,1053,662,391,632,383,249,7028,3613,3415,2950,1659,1291
B0103,33,608,District - Salem,Total,Total,3482056,1781571,1700485,1561030,1022417,538613,133130,61380,71750,34184,18865,15319,1787896,697774,1090122,103549,42184,61365
B0103,33,608,District - Salem,Total,Illiterate,1196494,496464,700030,529361,251206,278155,57747,18834,38913,10682,4024,6658,609386,226424,382962,9295,1738,7557
B0103,33,608,District - Salem,Total,Literate,2285562,1285107,1000455,1031669,771211,260458,75383,42546,32837,23502,14841,8661,1178510,471350,707160,94254,40446,53808
B0103,33,608,District - Salem,Total,Literate but below matric/secondary,1275657,705991,569666,542185,394680,147505,41376,22063,19313,10713,6574,4139,692096,289248,402848,22590,8032,14558
B0103,33,608,District - Salem,Total,Matric/secondary but below graduate,628353,344997,283356,270822,208997,61825,19623,11437,8186,6804,4299,2505,337908,124563,213345,36651,15721,20930
B0103,33,608,District - Salem,Total,Technical diploma or certificate not equal to degree,63289,47192,16097,37507,31942,5565,2325,1840,485,1275,1018,257,23457,13410,10047,6996,4029,2967
B0103,33,608,District - Salem,Total,Graduate and above other than technical degree,142066,84113,57953,83133,63427,19706,4140,2578,1562,2078,1261,817,54793,18108,36685,14031,5414,8617
B0103,33,608,District - Salem,Total,Technical degree or diploma equal to degree or post-graduate degree,63726,41580,22146,34689,26152,8537,1987,1329,658,1139,760,379,27050,14099,12951,9539,5533,4006
B0103,33,608,District - Salem,Rural,Total,1707934,883274,824660,849111,508916,340195,82810,35454,47356,20882,10865,10017,776013,338904,437109,40128,18077,22051
B0103,33,608,District - Salem,Rural,Illiterate,699173,292739,406434,359968,162730,197238,41211,13087,28124,7868,2887,4981,297994,116922,181072,4503,847,3656
B0103,33,608,District - Salem,Rural,Literate,1008761,590535,418226,489143,346186,142957,41599,22367,19232,13014,7978,5036,478019,221982,256037,35625,17230,18395
B0103,33,608,District - Salem,Rural,Literate but below matric/secondary,618936,355828,263108,288701,198680,90021,24555,12520,12035,6560,3828,2732,305680,144628,161052,9012,3608,5404
B0103,33,608,District - Salem,Rural,Matric/secondary but below graduate,266883,153799,113084,127584,92251,35333,10654,5902,4752,3812,2322,1490,128645,55646,72999,14628,6860,7768
B0103,33,608,District - Salem,Rural,Technical diploma or certificate not equal to degree,25153,19271,5882,13988,11963,2025,1111,888,223,611,504,107,10054,6420,3634,3178,1972,1206
B0103,33,608,District - Salem,Rural,Graduate and above other than technical degree,37654,24731,12923,22611,17729,4882,1510,952,558,808,532,276,13533,6050,7483,4380,2194,2186
B0103,33,608,District - Salem,Rural,Technical degree or diploma equal to degree or post-graduate degree,16754,11733,5021,8376,6486,1890,641,454,187,372,272,100,7737,4793,2944,2917,1925,992
B0103,33,608,District - Salem,Urban,Total,1774122,898297,875825,711919,513501,198418,50320,25926,24394,13302,8000,5302,1011883,358870,653013,63421,24107,39314
B0103,33,608,District - Salem,Urban,Illiterate,497321,203725,293596,169393,88476,80917,16536,5747,10789,2814,1137,1677,311392,109502,201890,4792,891,3901
B0103,33,608,District - Salem,Urban,Literate,1276801,694572,582229,542526,425025,117501,33784,20179,13605,10488,6863,3625,700491,249368,451123,58629,23216,35413
B0103,33,608,District - Salem,Urban,Literate but below matric/secondary,656721,350163,306558,253484,196000,57484,16821,9543,7278,4153,2746,1407,386416,144620,241796,13578,4424,9154
B0103,33,608,District - Salem,Urban,Matric/secondary but below graduate,361470,191198,170272,143238,116746,26492,8969,5535,3434,2992,1977,1015,209263,68917,140346,22023,8861,13162
B0103,33,608,District - Salem,Urban,Technical diploma or certificate not equal to degree,38136,27921,10215,23519,19979,3540,1214,952,262,664,514,150,13403,6990,6413,3818,2057,1761
B0103,33,608,District - Salem,Urban,Graduate and above other than technical degree,104412,59382,45030,60522,45698,14824,2630,1626,1004,1270,729,541,41260,12058,29202,9651,3220,6431
B0103,33,608,District - Salem,Urban,Technical degree or diploma equal to degree or post-graduate degree,46972,29847,17125,26313,19666,6647,1346,875,471,767,488,279,19313,9306,10007,6622,3608,3014
B0103,33,609,District - Namakkal   ,Total,Total,1726601,869280,857321,839152,505257,333895,59093,26206,32887,14185,7087,7098,828356,337817,490539,49067,20645,28422
B0103,33,609,District - Namakkal   ,Total,Illiterate,550470,215968,334502,264815,108019,156796,22019,6863,15156,3440,1177,2263,263636,101086,162550,2811,629,2182
B0103,33,609,District - Namakkal   ,Total,Literate,1176131,653312,522819,574337,397238,177099,37074,19343,17731,10745,5910,4835,564720,236731,327989,46256,20016,26240
B0103,33,609,District - Namakkal   ,Total,Literate but below matric/secondary,627055,342211,284844,304641,201376,103265,20053,9964,10089,4825,2508,2317,302361,130871,171490,8499,2683,5816
B0103,33,609,District - Namakkal   ,Total,Matric/secondary but below graduate,346672,190146,156526,148397,107877,40520,9424,5012,4412,3010,1682,1328,188851,77257,111594,20499,9275,11224
B0103,33,609,District - Namakkal   ,Total,Technical diploma or certificate not equal to degree,28690,22087,6603,17909,15375,2534,944,680,264,469,332,137,9837,6032,3805,2676,1651,1025
B0103,33,609,District - Namakkal   ,Total,Graduate and above other than technical degree,76736,44077,32659,46541,34118,12423,2372,1338,1034,1101,597,504,27823,8621,19202,7042,2590,4452
B0103,33,609,District - Namakkal   ,Total,Technical degree or diploma equal to degree or post-graduate degree,37736,23726,14010,20105,14879,5226,1237,798,439,652,420,232,16394,8049,8345,5491,3061,2430
B0103,33,609,District - Namakkal   ,Rural,Total,1030476,520684,509792,523681,297000,226681,42725,18347,24378,10902,5251,5651,464070,205337,258733,29297,12883,16414
B0103,33,609,District - Namakkal   ,Rural,Illiterate,358683,140609,218074,187845,73941,113904,17159,5270,11889,2945,980,1965,153679,61398,92281,1719,402,1317
B0103,33,609,District - Namakkal   ,Rural,Literate,671793,380075,291718,335836,223059,112777,25566,13077,12489,7957,4271,3686,310391,143939,166452,27578,12481,15097
B0103,33,609,District - Namakkal   ,Rural,Literate but below matric/secondary,364235,202324,161911,184343,117001,67342,14459,7057,7402,3875,1974,1901,165433,78266,87167,4731,1584,3147
B0103,33,609,District - Namakkal   ,Rural,Matric/secondary but below graduate,203576,114257,89319,88218,61009,27209,6448,3365,3083,2216,1202,1014,108910,49883,59027,13658,6407,7251
B0103,33,609,District - Namakkal   ,Rural,Technical diploma or certificate not equal to degree,15392,12016,3376,9469,8132,1337,588,418,170,295,211,84,5335,3466,1869,1488,943,545
B0103,33,609,District - Namakkal   ,Rural,Graduate and above other than technical degree,37802,22364,15438,23032,16803,6229,1374,806,568,665,369,296,13396,4755,8641,3810,1515,2295
B0103,33,609,District - Namakkal   ,Rural,Technical degree or diploma equal to degree or post-graduate degree,18367,11637,6730,9400,6956,2444,729,476,253,393,254,139,8238,4205,4033,2840,1608,1232
B0103,33,609,District - Namakkal   ,Urban,Total,696125,348596,347529,315471,208257,107214,16368,7859,8509,3283,1836,1447,364286,132480,231806,19770,7762,12008
B0103,33,609,District - Namakkal   ,Urban,Illiterate,191787,75359,116428,76970,34078,42892,4860,1593,3267,495,197,298,109957,39688,70269,1092,227,865
B0103,33,609,District - Namakkal   ,Urban,Literate,504338,273237,231101,238501,174179,64322,11508,6266,5242,2788,1639,1149,254329,92792,161537,18678,7535,11143
B0103,33,609,District - Namakkal   ,Urban,Literate but below matric/secondary,262820,139887,122933,120298,84375,35923,5594,2907,2687,950,534,416,136928,52605,84323,3768,1099,2669
B0103,33,609,District - Namakkal   ,Urban,Matric/secondary but below graduate,143096,75889,67207,60179,46868,13311,2976,1647,1329,794,480,314,79941,27374,52567,6841,2868,3973
B0103,33,609,District - Namakkal   ,Urban,Technical diploma or certificate not equal to degree,13298,10071,3227,8440,7243,1197,356,262,94,174,121,53,4502,2566,1936,1188,708,480
B0103,33,609,District - Namakkal   ,Urban,Graduate and above other than technical degree,38934,21713,17221,23509,17315,6194,998,532,466,436,228,208,14427,3866,10561,3232,1075,2157
B0103,33,609,District - Namakkal   ,Urban,Technical degree or diploma equal to degree or post-graduate degree,19369,12089,7280,10705,7923,2782,508,322,186,259,166,93,8156,3844,4312,2651,1453,1198
B0103,33,610,District - Erode,Total,Total,2251744,1129868,1121876,1111051,693728,417323,84722,38355,46367,21336,10753,10583,1055971,397785,658186,65021,22958,42063
B0103,33,610,District - Erode,Total,Illiterate,759082,301568,457514,364405,158734,205671,38314,12927,25387,7426,2683,4743,356363,129907,226456,5454,974,4480
B0103,33,610,District - Erode,Total,Literate,1492662,828300,664362,746646,534994,211652,46408,25428,20980,13910,8070,5840,699608,267878,431730,59567,21984,37583
B0103,33,610,District - Erode,Total,Literate but below matric/secondary,820714,447264,373450,395348,273142,122206,26257,14161,12096,6547,3838,2709,399109,159961,239148,13753,3874,9879
B0103,33,610,District - Erode,Total,Matric/secondary but below graduate,408800,225626,183174,190539,144085,46454,10721,5874,4847,3749,2092,1657,207540,75667,131873,24276,9222,15054
B0103,33,610,District - Erode,Total,Technical diploma or certificate not equal to degree,39683,29660,10023,26060,22060,4000,1179,842,337,628,432,196,12444,6758,5686,3686,1941,1745
B0103,33,610,District - Erode,Total,Graduate and above other than technical degree,105675,59290,46385,65529,47981,17548,2486,1385,1101,1151,614,537,37660,9924,27736,9085,2773,6312
B0103,33,610,District - Erode,Total,Technical degree or diploma equal to degree or post-graduate degree,47689,29837,17852,27602,20181,7421,1345,855,490,747,466,281,18742,8801,9941,6399,3413,2986
B0103,33,610,District - Erode,Rural,Total,1093768,552393,541375,579846,338995,240851,55258,24778,30480,14612,7234,7378,458664,188620,270044,27868,10673,17195
B0103,33,610,District - Erode,Rural,Illiterate,438722,176419,262303,236097,102171,133926,28087,9742,18345,5874,2134,3740,174538,64506,110032,2910,516,2394
B0103,33,610,District - Erode,Rural,Literate,655046,375974,279072,343749,236824,106925,27171,15036,12135,8738,5100,3638,284126,124114,160012,24958,10157,14801
B0103,33,610,District - Erode,Rural,Literate but below matric/secondary,390700,220386,170314,202242,135033,67209,16354,9038,7316,4508,2677,1831,172104,76315,95789,5995,1857,4138
B0103,33,610,District - Erode,Rural,Matric/secondary but below graduate,167557,96413,71144,81752,58782,22970,5807,3193,2614,2304,1299,1005,79998,34438,45560,10615,4510,6105
B0103,33,610,District - Erode,Rural,Technical diploma or certificate not equal to degree,15475,11751,3724,9775,8284,1491,603,423,180,362,243,119,5097,3044,2053,1613,885,728
B0103,33,610,District - Erode,Rural,Graduate and above other than technical degree,32449,19166,13283,20339,14863,5476,1020,590,430,561,312,249,11090,3713,7377,3340,1247,2093
B0103,33,610,District - Erode,Rural,Technical degree or diploma equal to degree or post-graduate degree,15685,10104,5581,8620,6416,2204,580,353,227,366,218,148,6485,3335,3150,2409,1300,1109
B0103,33,610,District - Erode,Urban,Total,1157976,577475,580501,531205,354733,176472,29464,13577,15887,6724,3519,3205,597307,209165,388142,37153,12285,24868
B0103,33,610,District - Erode,Urban,Illiterate,320360,125149,195211,128308,56563,71745,10227,3185,7042,1552,549,1003,181825,65401,116424,2544,458,2086
B0103,33,610,District - Erode,Urban,Literate,837616,452326,385290,402897,298170,104727,19237,10392,8845,5172,2970,2202,415482,143764,271718,34609,11827,22782
B0103,33,610,District - Erode,Urban,Literate but below matric/secondary,430014,226878,203136,193106,138109,54997,9903,5123,4780,2039,1161,878,227005,83646,143359,7758,2017,5741
B0103,33,610,District - Erode,Urban,Matric/secondary but below graduate,241243,129213,112030,108787,85303,23484,4914,2681,2233,1445,793,652,127542,41229,86313,13661,4712,8949
B0103,33,610,District - Erode,Urban,Technical diploma or certificate not equal to degree,24208,17909,6299,16285,13776,2509,576,419,157,266,189,77,7347,3714,3633,2073,1056,1017
B0103,33,610,District - Erode,Urban,Graduate and above other than technical degree,73226,40124,33102,45190,33118,12072,1466,795,671,590,302,288,26570,6211,20359,5745,1526,4219
B0103,33,610,District - Erode,Urban,Technical degree or diploma equal to degree or post-graduate degree,32004,19733,12271,18982,13765,5217,765,502,263,381,248,133,12257,5466,6791,3990,2113,1877
B0103,33,611,District - The Nilgiris,Total,Total,735394,360143,375251,318924,195322,123602,31050,16850,14200,12886,7581,5305,385420,147971,237449,44656,17027,27629
B0103,33,611,District - The Nilgiris,Total,Illiterate,165747,60696,105051,56801,18662,38139,5659,1817,3842,1425,503,922,103287,40217,63070,1715,372,1343
B0103,33,611,District - The Nilgiris,Total,Literate,569647,299447,270200,262123,176660,85463,25391,15033,10358,11461,7078,4383,282133,107754,174379,42941,16655,26286
B0103,33,611,District - The Nilgiris,Total,Literate but below matric/secondary,284746,145948,138798,120448,74984,45464,12532,7289,5243,4648,2936,1712,151766,63675,88091,9168,3388,5780
B0103,33,611,District - The Nilgiris,Total,Matric/secondary but below graduate,190855,101254,89601,90125,65807,24318,8124,4942,3182,4321,2642,1679,92606,30505,62101,20900,7802,13098
B0103,33,611,District - The Nilgiris,Total,Technical diploma or certificate not equal to degree,12190,8216,3974,6696,5244,1452,617,419,198,425,284,141,4877,2553,2324,2133,1173,960
B0103,33,611,District - The Nilgiris,Total,Graduate and above other than technical degree,37229,21498,15731,20795,15598,5197,1522,924,598,959,554,405,14912,4976,9936,5984,2271,3713
B0103,33,611,District - The Nilgiris,Total,Technical degree or diploma equal to degree or post-graduate degree,11323,6678,4645,5689,3999,1690,528,326,202,372,226,146,5106,2353,2753,2384,1179,1205
B0103,33,611,District - The Nilgiris,Rural,Total,299739,145909,153830,146993,82259,64734,13158,6708,6450,4993,2893,2100,139588,56942,82646,16297,6874,9423
B0103,33,611,District - The Nilgiris,Rural,Illiterate,77784,27446,50338,32940,10396,22544,2795,869,1926,608,213,395,42049,16181,25868,683,136,547
B0103,33,611,District - The Nilgiris,Rural,Literate,221955,118463,103492,114053,71863,42190,10363,5839,4524,4385,2680,1705,97539,40761,56778,15614,6738,8876
B0103,33,611,District - The Nilgiris,Rural,Literate but below matric/secondary,117052,60591,56461,56668,33259,23409,5297,2887,2410,1779,1076,703,55087,24445,30642,3144,1195,1949
B0103,33,611,District - The Nilgiris,Rural,Matric/secondary but below graduate,72732,38843,33889,38487,25710,12777,3322,1909,1413,1708,1022,686,30923,11224,19699,8082,3341,4741
B0103,33,611,District - The Nilgiris,Rural,Technical diploma or certificate not equal to degree,4461,3157,1304,2452,1986,466,211,138,73,149,97,52,1798,1033,765,886,518,368
B0103,33,611,District - The Nilgiris,Rural,Graduate and above other than technical degree,10721,6942,3779,6225,4886,1339,519,363,156,319,221,98,3977,1693,2284,1821,868,953
B0103,33,611,District - The Nilgiris,Rural,Technical degree or diploma equal to degree or post-graduate degree,3395,2204,1191,1600,1194,406,183,125,58,131,86,45,1612,885,727,816,457,359
B0103,33,611,District - The Nilgiris,Urban,Total,435655,214234,221421,171931,113063,58868,17892,10142,7750,7893,4688,3205,245832,91029,154803,28359,10153,18206
B0103,33,611,District - The Nilgiris,Urban,Illiterate,87963,33250,54713,23861,8266,15595,2864,948,1916,817,290,527,61238,24036,37202,1032,236,796
B0103,33,611,District - The Nilgiris,Urban,Literate,347692,180984,166708,148070,104797,43273,15028,9194,5834,7076,4398,2678,184594,66993,117601,27327,9917,17410
B0103,33,611,District - The Nilgiris,Urban,Literate but below matric/secondary,167694,85357,82337,63780,41725,22055,7235,4402,2833,2869,1860,1009,96679,39230,57449,6024,2193,3831
B0103,33,611,District - The Nilgiris,Urban,Matric/secondary but below graduate,118123,62411,55712,51638,40097,11541,4802,3033,1769,2613,1620,993,61683,19281,42402,12818,4461,8357
B0103,33,611,District - The Nilgiris,Urban,Technical diploma or certificate not equal to degree,7729,5059,2670,4244,3258,986,406,281,125,276,187,89,3079,1520,1559,1247,655,592
B0103,33,611,District - The Nilgiris,Urban,Graduate and above other than technical degree,26508,14556,11952,14570,10712,3858,1003,561,442,640,333,307,10935,3283,7652,4163,1403,2760
B0103,33,611,District - The Nilgiris,Urban,Technical degree or diploma equal to degree or post-graduate degree,7928,4474,3454,4089,2805,1284,345,201,144,241,140,101,3494,1468,2026,1568,722,846
B0103,33,612,District - Dindigul,Total,Total,2159775,1080938,1078837,963017,599831,363186,142138,65638,76500,48607,24367,24240,1054620,415469,639151,79531,30248,49283
B0103,33,612,District - Dindigul,Total,Illiterate,677941,264758,413183,276230,111461,164769,50914,15143,35771,13910,4391,9519,350797,138154,212643,6905,1354,5551
B0103,33,612,District - Dindigul,Total,Literate,1481834,816180,665654,686787,488370,198417,91224,50495,40729,34697,19976,14721,703823,277315,426508,72626,28894,43732
B0103,33,612,District - Dindigul,Total,Literate but below matric/secondary,886961,482223,404738,395871,273417,122454,57695,31160,26535,19754,11088,8666,433395,177646,255749,20822,6957,13865
B0103,33,612,District - Dindigul,Total,Matric/secondary but below graduate,376133,208364,167769,169599,128852,40747,20094,11693,8401,8615,5187,3428,186440,67819,118621,28013,11540,16473
B0103,33,612,District - Dindigul,Total,Technical diploma or certificate not equal to degree,39470,25683,13787,21522,16452,5070,2151,1450,701,1397,931,466,15797,7781,8016,5847,2907,2940
B0103,33,612,District - Dindigul,Total,Graduate and above other than technical degree,76494,43067,33427,43487,31671,11816,3220,1878,1342,1826,1048,778,29787,9518,20269,9293,3428,5865
B0103,33,612,District - Dindigul,Total,Technical degree or diploma equal to degree or post-graduate degree,31244,18586,12658,16166,11243,4923,1345,802,543,869,531,338,13733,6541,7192,5423,2772,2651
B0103,33,612,District - Dindigul,Rural,Total,1351735,678605,673130,650375,377520,272855,111818,50112,61706,38416,18815,19601,589542,250973,338569,43739,17153,26586
B0103,33,612,District - Dindigul,Rural,Illiterate,481464,186869,294595,219329,85316,134013,42774,12468,30306,11969,3707,8262,219361,89085,130276,4425,903,3522
B0103,33,612,District - Dindigul,Rural,Literate,870271,491736,378535,431046,292204,138842,69044,37644,31400,26447,15108,11339,370181,161888,208293,39314,16250,23064
B0103,33,612,District - Dindigul,Rural,Literate but below matric/secondary,562532,314270,248262,273326,180766,92560,45812,24368,21444,16128,8958,7170,243394,109136,134258,12247,4315,7932
B0103,33,612,District - Dindigul,Rural,Matric/secondary but below graduate,203971,116290,87681,99668,71508,28160,14460,8303,6157,6249,3742,2507,89843,36479,53364,15654,6611,9043
B0103,33,612,District - Dindigul,Rural,Technical diploma or certificate not equal to degree,19557,12758,6799,9916,7476,2440,1390,949,441,920,627,293,8251,4333,3918,3305,1672,1633
B0103,33,612,District - Dindigul,Rural,Graduate and above other than technical degree,28157,16807,11350,15767,11501,4266,1670,1017,653,985,610,375,10720,4289,6431,4063,1678,2385
B0103,33,612,District - Dindigul,Rural,Technical degree or diploma equal to degree or post-graduate degree,11372,7039,4333,5409,3819,1590,635,386,249,420,262,158,5328,2834,2494,2250,1214,1036
B0103,33,612,District - Dindigul,Urban,Total,808040,402333,405707,312642,222311,90331,30320,15526,14794,10191,5552,4639,465078,164496,300582,35792,13095,22697
B0103,33,612,District - Dindigul,Urban,Illiterate,196477,77889,118588,56901,26145,30756,8140,2675,5465,1941,684,1257,131436,49069,82367,2480,451,2029
B0103,33,612,District - Dindigul,Urban,Literate,611563,324444,287119,255741,196166,59575,22180,12851,9329,8250,4868,3382,333642,115427,218215,33312,12644,20668
B0103,33,612,District - Dindigul,Urban,Literate but below matric/secondary,324429,167953,156476,122545,92651,29894,11883,6792,5091,3626,2130,1496,190001,68510,121491,8575,2642,5933
B0103,33,612,District - Dindigul,Urban,Matric/secondary but below graduate,172162,92074,80088,69931,57344,12587,5634,3390,2244,2366,1445,921,96597,31340,65257,12359,4929,7430
B0103,33,612,District - Dindigul,Urban,Technical diploma or certificate not equal to degree,19913,12925,6988,11606,8976,2630,761,501,260,477,304,173,7546,3448,4098,2542,1235,1307
B0103,33,612,District - Dindigul,Urban,Graduate and above other than technical degree,48337,26260,22077,27720,20170,7550,1550,861,689,841,438,403,19067,5229,13838,5230,1750,3480
B0103,33,612,District - Dindigul,Urban,Technical degree or diploma equal to degree or post-graduate degree,19872,11547,8325,10757,7424,3333,710,416,294,449,269,180,8405,3707,4698,3173,1558,1615
B0103,33,613,District - Karur ,Total,Total,1064493,528184,536309,508507,313811,194696,34791,15223,19568,9975,4929,5046,521195,199150,322045,26149,9826,16323
B0103,33,613,District - Karur ,Total,Illiterate,337449,126458,210991,150251,57258,92993,13685,3560,10125,2970,853,2117,173513,65640,107873,1589,260,1329
B0103,33,613,District - Karur ,Total,Literate,727044,401726,325318,358256,256553,101703,21106,11663,9443,7005,4076,2929,347682,133510,214172,24560,9566,14994
B0103,33,613,District - Karur ,Total,Literate but below matric/secondary,422307,226866,195441,199758,135477,64281,12737,6584,6153,3767,2105,1662,209812,84805,125007,6087,1914,4173
B0103,33,613,District - Karur ,Total,Matric/secondary but below graduate,196960,110754,86206,95177,73479,21698,5017,3022,1995,1835,1100,735,96766,34253,62513,8958,3562,5396
B0103,33,613,District - Karur ,Total,Technical diploma or certificate not equal to degree,16930,12409,4521,10180,8534,1646,454,333,121,254,180,74,6296,3542,2754,1929,1041,888
B0103,33,613,District - Karur ,Total,Graduate and above other than technical degree,44208,25574,18634,26548,20292,6256,994,626,368,479,262,217,16666,4656,12010,4129,1393,2736
B0103,33,613,District - Karur ,Total,Technical degree or diploma equal to degree or post-graduate degree,16738,10259,6479,9021,6576,2445,398,269,129,234,157,77,7319,3414,3905,2465,1285,1180
B0103,33,613,District - Karur ,Rural,Total,629976,312628,317348,327687,187801,139886,24589,10204,14385,7432,3621,3811,277700,114623,163077,12982,5275,7707
B0103,33,613,District - Karur ,Rural,Illiterate,235842,88197,147645,120027,45211,74816,10912,2818,8094,2495,730,1765,104903,40168,64735,897,164,733
B0103,33,613,District - Karur ,Rural,Literate,394134,224431,169703,207660,142590,65070,13677,7386,6291,4937,2891,2046,172797,74455,98342,12085,5111,6974
B0103,33,613,District - Karur ,Rural,Literate but below matric/secondary,250593,139232,111361,129257,84803,44454,8910,4517,4393,2904,1620,1284,112426,49912,62514,3162,1069,2093
B0103,33,613,District - Karur ,Rural,Matric/secondary but below graduate,99092,57633,41459,51551,38055,13496,3002,1787,1215,1237,754,483,44539,17791,26748,4611,2000,2611
B0103,33,613,District - Karur ,Rural,Technical diploma or certificate not equal to degree,8096,5820,2276,4539,3645,894,270,201,69,168,122,46,3287,1974,1313,1105,622,483
B0103,33,613,District - Karur ,Rural,Graduate and above other than technical degree,15501,9664,5837,9514,7365,2149,395,249,146,225,133,92,5592,2050,3542,1754,704,1050
B0103,33,613,District - Karur ,Rural,Technical degree or diploma equal to degree or post-graduate degree,5402,3391,2011,2757,2017,740,157,116,41,99,75,24,2488,1258,1230,948,513,435
B0103,33,613,District - Karur ,Urban,Total,434517,215556,218961,180820,126010,54810,10202,5019,5183,2543,1308,1235,243495,84527,158968,13167,4551,8616
B0103,33,613,District - Karur ,Urban,Illiterate,101607,38261,63346,30224,12047,18177,2773,742,2031,475,123,352,68610,25472,43138,692,96,596
B0103,33,613,District - Karur ,Urban,Literate,332910,177295,155615,150596,113963,36633,7429,4277,3152,2068,1185,883,174885,59055,115830,12475,4455,8020
B0103,33,613,District - Karur ,Urban,Literate but below matric/secondary,171714,87634,84080,70501,50674,19827,3827,2067,1760,863,485,378,97386,34893,62493,2925,845,2080
B0103,33,613,District - Karur ,Urban,Matric/secondary but below graduate,97868,53121,44747,43626,35424,8202,2015,1235,780,598,346,252,52227,16462,35765,4347,1562,2785
B0103,33,613,District - Karur ,Urban,Technical diploma or certificate not equal to degree,8834,6589,2245,5641,4889,752,184,132,52,86,58,28,3009,1568,1441,824,419,405
B0103,33,613,District - Karur ,Urban,Graduate and above other than technical degree,28707,15910,12797,17034,12927,4107,599,377,222,254,129,125,11074,2606,8468,2375,689,1686
B0103,33,613,District - Karur ,Urban,Technical degree or diploma equal to degree or post-graduate degree,11336,6868,4468,6264,4559,1705,241,153,88,135,82,53,4831,2156,2675,1517,772,745
B0103,33,614,District - Tiruchirappalli,Total,Total,2722290,1352284,1370006,1082329,724111,358218,131650,65095,66555,40563,22974,17589,1508311,563078,945233,116093,46606,69487
B0103,33,614,District - Tiruchirappalli,Total,Illiterate,683309,264519,418790,226642,88540,138102,35135,10059,25076,6191,2027,4164,421532,165920,255612,5152,1130,4022
B0103,33,614,District - Tiruchirappalli,Total,Literate,2038981,1087765,951216,855687,635571,220116,96515,55036,41479,34372,20947,13425,1086779,397158,689621,110941,45476,65465
B0103,33,614,District - Tiruchirappalli,Total,Literate but below matric/secondary,1052674,540358,512316,408564,287404,121160,51872,27780,24092,14657,8656,6001,592238,225174,367064,23661,8111,15550
B0103,33,614,District - Tiruchirappalli,Total,Matric/secondary but below graduate,595280,315828,279452,237814,188472,49342,25479,15285,10194,10055,6226,3829,331987,112071,219916,42662,17643,25019
B0103,33,614,District - Tiruchirappalli,Total,Technical diploma or certificate not equal to degree,78340,59627,18713,45653,39258,6395,4107,3240,867,2473,1923,550,28580,17129,11451,10036,6225,3811
B0103,33,614,District - Tiruchirappalli,Total,Graduate and above other than technical degree,168212,90884,77328,90251,67498,22753,6344,3607,2737,3560,1939,1621,71617,19779,51838,19426,6221,13205
B0103,33,614,District - Tiruchirappalli,Total,Technical degree or diploma equal to degree or post-graduate degree,69387,43046,26341,35824,26546,9278,3239,2154,1085,1888,1188,700,30324,14346,15978,11194,5805,5389
B0103,33,614,District - Tiruchirappalli,Rural,Total,1384257,688552,695705,632679,375301,257378,85462,37795,47667,25925,13833,12092,666116,275456,390660,47912,19669,28243
B0103,33,614,District - Tiruchirappalli,Rural,Illiterate,434015,164319,269696,180752,66127,114625,27927,7325,20602,5093,1544,3549,225336,90867,134469,2632,547,2085
B0103,33,614,District - Tiruchirappalli,Rural,Literate,950242,524233,426009,451927,309174,142753,57535,30470,27065,20832,12289,8543,440780,184589,256191,45280,19122,26158
B0103,33,614,District - Tiruchirappalli,Rural,Literate but below matric/secondary,573774,307345,266429,264429,171850,92579,34780,17257,17523,10390,5787,4603,274565,118238,156327,10860,3911,6949
B0103,33,614,District - Tiruchirappalli,Rural,Matric/secondary but below graduate,253637,141140,112497,119136,86948,32188,14453,8142,6311,6099,3668,2431,120048,46050,73998,18723,7764,10959
B0103,33,614,District - Tiruchirappalli,Rural,Technical diploma or certificate not equal to degree,29586,21777,7809,15822,12968,2854,1806,1378,428,1179,908,271,11958,7431,4527,4656,2825,1831
B0103,33,614,District - Tiruchirappalli,Rural,Graduate and above other than technical degree,43440,25766,17674,24516,18524,5992,2285,1396,889,1450,877,573,16639,5846,10793,6335,2365,3970
B0103,33,614,District - Tiruchirappalli,Rural,Technical degree or diploma equal to degree or post-graduate degree,15369,9704,5665,7470,5498,1972,817,557,260,585,407,178,7082,3649,3433,3206,1720,1486
B0103,33,614,District - Tiruchirappalli,Urban,Total,1338033,663732,674301,449650,348810,100840,46188,27300,18888,14638,9141,5497,842195,287622,554573,68181,26937,41244
B0103,33,614,District - Tiruchirappalli,Urban,Illiterate,249294,100200,149094,45890,22413,23477,7208,2734,4474,1098,483,615,196196,75053,121143,2520,583,1937
B0103,33,614,District - Tiruchirappalli,Urban,Literate,1088739,563532,525207,403760,326397,77363,38980,24566,14414,13540,8658,4882,645999,212569,433430,65661,26354,39307
B0103,33,614,District - Tiruchirappalli,Urban,Literate but below matric/secondary,478900,233013,245887,144135,115554,28581,17092,10523,6569,4267,2869,1398,317673,106936,210737,12801,4200,8601
B0103,33,614,District - Tiruchirappalli,Urban,Matric/secondary but below graduate,341643,174688,166955,118678,101524,17154,11026,7143,3883,3956,2558,1398,211939,66021,145918,23939,9879,14060
B0103,33,614,District - Tiruchirappalli,Urban,Technical diploma or certificate not equal to degree,48754,37850,10904,29831,26290,3541,2301,1862,439,1294,1015,279,16622,9698,6924,5380,3400,1980
B0103,33,614,District - Tiruchirappalli,Urban,Graduate and above other than technical degree,124772,65118,59654,65735,48974,16761,4059,2211,1848,2110,1062,1048,54978,13933,41045,13091,3856,9235
B0103,33,614,District - Tiruchirappalli,Urban,Technical degree or diploma equal to degree or post-graduate degree,54018,33342,20676,28354,21048,7306,2422,1597,825,1303,781,522,23242,10697,12545,7988,4085,3903
B0103,33,615,District - Perambalur  ,Total,Total,565223,282157,283066,255097,142768,112329,44629,19871,24758,15503,7994,7509,265497,119518,145979,16151,7478,8673
B0103,33,615,District - Perambalur  ,Total,Illiterate,189400,74146,115254,83225,31208,52017,17326,5025,12301,4568,1493,3075,88849,37913,50936,919,244,675
B0103,33,615,District - Perambalur  ,Total,Literate,375823,208011,167812,171872,111560,60312,27303,14846,12457,10935,6501,4434,176648,81605,95043,15232,7234,7998
B0103,33,615,District - Perambalur  ,Total,Literate but below matric/secondary,220017,118235,101782,98295,60797,37498,16071,8276,7795,5346,2984,2362,105651,49162,56489,3045,1234,1811
B0103,33,615,District - Perambalur  ,Total,Matric/secondary but below graduate,106037,58844,47193,46660,31780,14880,7367,4058,3309,3300,1926,1374,52010,23006,29004,6222,2840,3382
B0103,33,615,District - Perambalur  ,Total,Technical diploma or certificate not equal to degree,11421,8508,2913,5773,4683,1090,922,703,219,637,488,149,4726,3122,1604,1560,1011,549
B0103,33,615,District - Perambalur  ,Total,Graduate and above other than technical degree,18246,10765,7481,10382,7368,3014,1166,780,386,765,516,249,6698,2617,4081,2343,998,1345
B0103,33,615,District - Perambalur  ,Total,Technical degree or diploma equal to degree or post-graduate degree,9525,6228,3297,4557,3370,1187,647,456,191,453,324,129,4321,2402,1919,1730,1009,721
B0103,33,615,District - Perambalur  ,Rural,Total,468060,233926,234134,218661,118455,100206,40173,17159,23014,13816,6874,6942,209226,98312,110914,11965,5699,6266
B0103,33,615,District - Perambalur  ,Rural,Illiterate,166344,64820,101524,76346,28366,47980,16364,4675,11689,4332,1401,2931,73634,31779,41855,749,206,543
B0103,33,615,District - Perambalur  ,Rural,Literate,301716,169106,132610,142315,90089,52226,23809,12484,11325,9484,5473,4011,135592,66533,69059,11216,5493,5723
B0103,33,615,District - Perambalur  ,Rural,Literate but below matric/secondary,184130,100536,83594,86320,52514,33806,14413,7230,7183,4835,2628,2207,83397,40792,42605,2398,1028,1370
B0103,33,615,District - Perambalur  ,Rural,Matric/secondary but below graduate,82779,46524,36255,37370,24454,12916,6302,3298,3004,2846,1608,1238,39107,18772,20335,4800,2273,2527
B0103,33,615,District - Perambalur  ,Rural,Technical diploma or certificate not equal to degree,8526,6381,2145,4190,3408,782,740,548,192,514,384,130,3596,2425,1171,1175,754,421
B0103,33,615,District - Perambalur  ,Rural,Graduate and above other than technical degree,11602,7162,4440,6490,4728,1762,863,577,286,572,395,177,4249,1857,2392,1520,698,822
B0103,33,615,District - Perambalur  ,Rural,Technical degree or diploma equal to degree or post-graduate degree,5815,3891,1924,2634,1984,650,444,310,134,316,219,97,2737,1597,1140,1072,631,441
B0103,33,615,District - Perambalur  ,Urban,Total,97163,48231,48932,36436,24313,12123,4456,2712,1744,1687,1120,567,56271,21206,35065,4186,1779,2407
B0103,33,615,District - Perambalur  ,Urban,Illiterate,23056,9326,13730,6879,2842,4037,962,350,612,236,92,144,15215,6134,9081,170,38,132
B0103,33,615,District - Perambalur  ,Urban,Literate,74107,38905,35202,29557,21471,8086,3494,2362,1132,1451,1028,423,41056,15072,25984,4016,1741,2275
B0103,33,615,District - Perambalur  ,Urban,Literate but below matric/secondary,35887,17699,18188,11975,8283,3692,1658,1046,612,511,356,155,22254,8370,13884,647,206,441
B0103,33,615,District - Perambalur  ,Urban,Matric/secondary but below graduate,23258,12320,10938,9290,7326,1964,1065,760,305,454,318,136,12903,4234,8669,1422,567,855
B0103,33,615,District - Perambalur  ,Urban,Technical diploma or certificate not equal to degree,2895,2127,768,1583,1275,308,182,155,27,123,104,19,1130,697,433,385,257,128
B0103,33,615,District - Perambalur  ,Urban,Graduate and above other than technical degree,6644,3603,3041,3892,2640,1252,303,203,100,193,121,72,2449,760,1689,823,300,523
B0103,33,615,District - Perambalur  ,Urban,Technical degree or diploma equal to degree or post-graduate degree,3710,2337,1373,1923,1386,537,203,146,57,137,105,32,1584,805,779,658,378,280
B0103,33,616,District - Ariyalur  ,Total,Total,754894,374703,380191,272241,173193,99048,87610,39354,48256,35044,18370,16674,395043,162156,232887,35754,15172,20582
B0103,33,616,District - Ariyalur  ,Total,Illiterate,274290,105121,169169,90144,39370,50774,37027,11038,25989,12685,4517,8168,147119,54713,92406,4242,750,3492
B0103,33,616,District - Ariyalur  ,Total,Literate,480604,269582,211022,182097,133823,48274,50583,28316,22267,22359,13853,8506,247924,107443,140481,31512,14422,17090
B0103,33,616,District - Ariyalur  ,Total,Literate but below matric/secondary,286680,154512,132168,101966,71887,30079,31045,16309,14736,12209,7159,5050,153669,66316,87353,8261,2936,5325
B0103,33,616,District - Ariyalur  ,Total,Matric/secondary but below graduate,126186,71515,54671,48144,37228,10916,12710,7551,5159,6117,3935,2182,65332,26736,38596,11718,5286,6432
B0103,33,616,District - Ariyalur  ,Total,Technical diploma or certificate not equal to degree,20862,15961,4901,9903,8476,1427,2053,1661,392,1455,1175,280,8906,5824,3082,4021,2653,1368
B0103,33,616,District - Ariyalur  ,Total,Graduate and above other than technical degree,21952,13013,8939,11289,8497,2792,1634,1050,584,1074,690,384,9029,3466,5563,3850,1555,2295
B0103,33,616,District - Ariyalur  ,Total,Technical degree or diploma equal to degree or post-graduate degree,11206,7246,3960,4747,3568,1179,747,479,268,548,347,201,5712,3199,2513,2844,1644,1200
B0103,33,616,District - Ariyalur  ,Rural,Total,671100,333253,337847,247430,154523,92907,81542,35680,45862,32952,17052,15900,342128,143050,199078,30836,13298,17538
B0103,33,616,District - Ariyalur  ,Rural,Illiterate,251687,96182,155505,85733,36823,48910,35239,10251,24988,12176,4279,7897,130715,49108,81607,3827,671,3156
B0103,33,616,District - Ariyalur  ,Rural,Literate,419413,237071,182342,161697,117700,43997,46303,25429,20874,20776,12773,8003,211413,93942,117471,27009,12627,14382
B0103,33,616,District - Ariyalur  ,Rural,Literate but below matric/secondary,256193,139144,117049,93947,65518,28429,28623,14723,13900,11459,6638,4821,133623,58903,74720,7329,2660,4669
B0103,33,616,District - Ariyalur  ,Rural,Matric/secondary but below graduate,108723,62139,46584,42313,32298,10015,11672,6809,4863,5719,3649,2070,54738,23032,31706,10297,4744,5553
B0103,33,616,District - Ariyalur  ,Rural,Technical diploma or certificate not equal to degree,17657,13743,3914,8279,7204,1075,1845,1488,357,1338,1083,255,7533,5051,2482,3451,2307,1144
B0103,33,616,District - Ariyalur  ,Rural,Graduate and above other than technical degree,16637,10103,6534,8451,6461,1990,1355,878,477,909,599,310,6831,2764,4067,3024,1294,1730
B0103,33,616,District - Ariyalur  ,Rural,Technical degree or diploma equal to degree or post-graduate degree,8506,5639,2867,3461,2672,789,596,386,210,442,288,154,4449,2581,1868,2250,1342,908
B0103,33,616,District - Ariyalur  ,Urban,Total,83794,41450,42344,24811,18670,6141,6068,3674,2394,2092,1318,774,52915,19106,33809,4918,1874,3044
B0103,33,616,District - Ariyalur  ,Urban,Illiterate,22603,8939,13664,4411,2547,1864,1788,787,1001,509,238,271,16404,5605,10799,415,79,336
B0103,33,616,District - Ariyalur  ,Urban,Literate,61191,32511,28680,20400,16123,4277,4280,2887,1393,1583,1080,503,36511,13501,23010,4503,1795,2708
B0103,33,616,District - Ariyalur  ,Urban,Literate but below matric/secondary,30487,15368,15119,8019,6369,1650,2422,1586,836,750,521,229,20046,7413,12633,932,276,656
B0103,33,616,District - Ariyalur  ,Urban,Matric/secondary but below graduate,17463,9376,8087,5831,4930,901,1038,742,296,398,286,112,10594,3704,6890,1421,542,879
B0103,33,616,District - Ariyalur  ,Urban,Technical diploma or certificate not equal to degree,3205,2218,987,1624,1272,352,208,173,35,117,92,25,1373,773,600,570,346,224
B0103,33,616,District - Ariyalur  ,Urban,Graduate and above other than technical degree,5315,2910,2405,2838,2036,802,279,172,107,165,91,74,2198,702,1496,826,261,565
B0103,33,616,District - Ariyalur  ,Urban,Technical degree or diploma equal to degree or post-graduate degree,2700,1607,1093,1286,896,390,151,93,58,106,59,47,1263,618,645,594,302,292
B0103,33,617,District - Cuddalore,Total,Total,2605914,1311697,1294217,837271,586068,251203,332609,163565,169044,115415,65499,49916,1436034,562064,873970,146003,61570,84433
B0103,33,617,District - Cuddalore,Total,Illiterate,790633,311375,479258,209984,97681,112303,116437,35955,80482,29303,10823,18480,464212,177739,286473,12043,2150,9893
B0103,33,617,District - Cuddalore,Total,Literate,1815281,1000322,814959,627287,488387,138900,216172,127610,88562,86112,54676,31436,971822,384325,587497,133960,59420,74540
B0103,33,617,District - Cuddalore,Total,Literate but below matric/secondary,952677,493684,458993,282344,210112,72232,116475,64144,52331,39437,23683,15754,553858,219428,334430,32363,11296,21067
B0103,33,617,District - Cuddalore,Total,Matric/secondary but below graduate,530357,300195,230162,188123,155520,32603,61744,39003,22741,27125,17803,9322,280490,105672,174818,55066,24763,30303
B0103,33,617,District - Cuddalore,Total,Technical diploma or certificate not equal to degree,74063,57857,16206,37461,33254,4207,8195,6689,1506,5215,4255,960,28407,17914,10493,12091,8046,4045
B0103,33,617,District - Cuddalore,Total,Graduate and above other than technical degree,112254,65234,47020,57087,43868,13219,9088,5949,3139,5295,3367,1928,46079,15417,30662,16429,6074,10355
B0103,33,617,District - Cuddalore,Total,Technical degree or diploma equal to degree or post-graduate degree,57679,37355,20324,26546,20230,6316,4095,2756,1339,2798,1883,915,27038,14369,12669,11991,6815,5176
B0103,33,617,District - Cuddalore,Rural,Total,1720725,868861,851864,576649,376759,199890,275177,129014,146163,93876,51891,41985,868899,363088,505811,84340,37717,46623
B0103,33,617,District - Cuddalore,Rural,Illiterate,594680,233978,360702,177179,79027,98152,102784,30716,72068,25526,9182,16344,314717,124235,190482,7997,1465,6532
B0103,33,617,District - Cuddalore,Rural,Literate,1126045,634883,491162,399470,297732,101738,172393,98298,74095,68350,42709,25641,554182,238853,315329,76343,36252,40091
B0103,33,617,District - Cuddalore,Rural,Literate but below matric/secondary,642752,342417,300335,206736,146252,60484,96575,51133,45442,32995,19236,13759,339441,145032,194409,19727,7449,12278
B0103,33,617,District - Cuddalore,Rural,Matric/secondary but below graduate,316483,184319,132164,117704,93009,24695,48265,29534,18731,21407,13875,7532,150514,61776,88738,33320,15652,17668
B0103,33,617,District - Cuddalore,Rural,Technical diploma or certificate not equal to degree,41609,32526,9083,18722,16536,2186,6015,4922,1093,3902,3207,695,16872,11068,5804,7585,5104,2481
B0103,33,617,District - Cuddalore,Rural,Graduate and above other than technical degree,45382,29145,16237,22418,17943,4475,5562,3827,1735,3348,2294,1054,17402,7375,10027,7255,3331,3924
B0103,33,617,District - Cuddalore,Rural,Technical degree or diploma equal to degree or post-graduate degree,21211,14519,6692,8804,6868,1936,2138,1501,637,1519,1081,438,10269,6150,4119,5065,3162,1903
B0103,33,617,District - Cuddalore,Urban,Total,885189,442836,442353,260622,209309,51313,57432,34551,22881,21539,13608,7931,567135,198976,368159,61663,23853,37810
B0103,33,617,District - Cuddalore,Urban,Illiterate,195953,77397,118556,32805,18654,14151,13653,5239,8414,3777,1641,2136,149495,53504,95991,4046,685,3361
B0103,33,617,District - Cuddalore,Urban,Literate,689236,365439,323797,227817,190655,37162,43779,29312,14467,17762,11967,5795,417640,145472,272168,57617,23168,34449
B0103,33,617,District - Cuddalore,Urban,Literate but below matric/secondary,309925,151267,158658,75608,63860,11748,19900,13011,6889,6442,4447,1995,214417,74396,140021,12636,3847,8789
B0103,33,617,District - Cuddalore,Urban,Matric/secondary but below graduate,213874,115876,97998,70419,62511,7908,13479,9469,4010,5718,3928,1790,129976,43896,86080,21746,9111,12635
B0103,33,617,District - Cuddalore,Urban,Technical diploma or certificate not equal to degree,32454,25331,7123,18739,16718,2021,2180,1767,413,1313,1048,265,11535,6846,4689,4506,2942,1564
B0103,33,617,District - Cuddalore,Urban,Graduate and above other than technical degree,66872,36089,30783,34669,25925,8744,3526,2122,1404,1947,1073,874,28677,8042,20635,9174,2743,6431
B0103,33,617,District - Cuddalore,Urban,Technical degree or diploma equal to degree or post-graduate degree,36468,22836,13632,17742,13362,4380,1957,1255,702,1279,802,477,16769,8219,8550,6926,3653,3273
B0103,33,618,District - Nagapattinam  ,Total,Total,1616450,798127,818323,486328,357531,128797,185666,103643,82023,67245,41933,25312,944456,336953,607503,82077,33250,48827
B0103,33,618,District - Nagapattinam  ,Total,Illiterate,403442,157211,246231,86689,39769,46920,49049,16195,32854,13226,4996,8230,267704,101247,166457,3805,834,2971
B0103,33,618,District - Nagapattinam  ,Total,Literate,1213008,640916,572092,399639,317762,81877,136617,87448,49169,54019,36937,17082,676752,235706,441046,78272,32416,45856
B0103,33,618,District - Nagapattinam  ,Total,Literate but below matric/secondary,724601,366865,357736,219453,168949,50504,87574,53219,34355,30693,20104,10589,417574,144697,272877,21493,7535,13958
B0103,33,618,District - Nagapattinam  ,Total,Matric/secondary but below graduate,311845,169511,142334,104463,89203,15260,30770,21767,9003,13858,9951,3907,176612,58541,118071,28406,11332,17074
B0103,33,618,District - Nagapattinam  ,Total,Technical diploma or certificate not equal to degree,39135,29514,9621,16354,14265,2089,4007,3419,588,2811,2370,441,18774,11830,6944,8669,5474,3195
B0103,33,618,District - Nagapattinam  ,Total,Graduate and above other than technical degree,62258,34707,27551,29049,22703,6346,4729,3351,1378,2888,2013,875,28480,8653,19827,11105,3790,7315
B0103,33,618,District - Nagapattinam  ,Total,Technical degree or diploma equal to degree or post-graduate degree,21305,13467,7838,8874,6707,2167,1330,942,388,924,664,260,11101,5818,5283,5270,2954,2316
B0103,33,618,District - Nagapattinam  ,Rural,Total,1251826,619369,632457,385539,275751,109788,159975,86157,73818,56740,34434,22306,706312,257461,448851,62895,25508,37387
B0103,33,618,District - Nagapattinam  ,Rural,Illiterate,330040,128099,201941,76783,34628,42155,44696,14398,30298,11693,4308,7385,208561,79073,129488,3052,668,2384
B0103,33,618,District - Nagapattinam  ,Rural,Literate,921786,491270,430516,308756,241123,67633,115279,71759,43520,45047,30126,14921,497751,178388,319363,59843,24840,35003
B0103,33,618,District - Nagapattinam  ,Rural,Literate but below matric/secondary,573464,294914,278550,182264,137420,44844,75649,44646,31003,26154,16683,9471,315551,112848,202703,17103,6113,10990
B0103,33,618,District - Nagapattinam  ,Rural,Matric/secondary but below graduate,228176,124797,103379,77264,64917,12347,25274,17496,7778,11447,8037,3410,125638,42384,83254,21984,8606,13378
B0103,33,618,District - Nagapattinam  ,Rural,Technical diploma or certificate not equal to degree,28121,21059,7062,10807,9454,1353,3082,2609,473,2201,1846,355,14232,8996,5236,6868,4315,2553
B0103,33,618,District - Nagapattinam  ,Rural,Graduate and above other than technical degree,38123,21645,16478,16734,13359,3375,3346,2420,926,2185,1559,626,18043,5866,12177,7872,2822,5050
B0103,33,618,District - Nagapattinam  ,Rural,Technical degree or diploma equal to degree or post-graduate degree,12193,7807,4386,4553,3525,1028,848,616,232,614,451,163,6792,3666,3126,3450,1959,1491
B0103,33,618,District - Nagapattinam  ,Urban,Total,364624,178758,185866,100789,81780,19009,25691,17486,8205,10505,7499,3006,238144,79492,158652,19182,7742,11440
B0103,33,618,District - Nagapattinam  ,Urban,Illiterate,73402,29112,44290,9906,5141,4765,4353,1797,2556,1533,688,845,59143,22174,36969,753,166,587
B0103,33,618,District - Nagapattinam  ,Urban,Literate,291222,149646,141576,90883,76639,14244,21338,15689,5649,8972,6811,2161,179001,57318,121683,18429,7576,10853
B0103,33,618,District - Nagapattinam  ,Urban,Literate but below matric/secondary,151137,71951,79186,37189,31529,5660,11925,8573,3352,4539,3421,1118,102023,31849,70174,4390,1422,2968
B0103,33,618,District - Nagapattinam  ,Urban,Matric/secondary but below graduate,83669,44714,38955,27199,24286,2913,5496,4271,1225,2411,1914,497,50974,16157,34817,6422,2726,3696
B0103,33,618,District - Nagapattinam  ,Urban,Technical diploma or certificate not equal to degree,11014,8455,2559,5547,4811,736,925,810,115,610,524,86,4542,2834,1708,1801,1159,642
B0103,33,618,District - Nagapattinam  ,Urban,Graduate and above other than technical degree,24135,13062,11073,12315,9344,2971,1383,931,452,703,454,249,10437,2787,7650,3233,968,2265
B0103,33,618,District - Nagapattinam  ,Urban,Technical degree or diploma equal to degree or post-graduate degree,9112,5660,3452,4321,3182,1139,482,326,156,310,213,97,4309,2152,2157,1820,995,825
B0103,33,619,District - Thiruvarur,Total,Total,1264277,626693,637584,412425,301528,110897,127743,68325,59418,44602,27328,17274,724109,256840,467269,72343,30029,42314
B0103,33,619,District - Thiruvarur,Total,Illiterate,317806,123608,194198,77680,35472,42208,35335,11121,24214,8217,2975,5242,204791,77015,127776,3291,758,2533
B0103,33,619,District - Thiruvarur,Total,Literate,946471,503085,443386,334745,266056,68689,92408,57204,35204,36385,24353,12032,519318,179825,339493,69052,29271,39781
B0103,33,619,District - Thiruvarur,Total,Literate but below matric/secondary,549831,276309,273522,178227,135539,42688,57583,33568,24015,19303,12449,6854,314021,107202,206819,18465,6548,11917
B0103,33,619,District - Thiruvarur,Total,Matric/secondary but below graduate,270771,149759,121012,100188,85331,14857,24073,16324,7749,11096,7667,3429,146510,48104,98406,27713,11208,16505
B0103,33,619,District - Thiruvarur,Total,Technical diploma or certificate not equal to degree,30342,23356,6986,13310,11682,1628,2500,2074,426,1790,1464,326,14532,9600,4932,6974,4845,2129
B0103,33,619,District - Thiruvarur,Total,Graduate and above other than technical degree,52249,29795,22454,25317,20320,4997,3556,2472,1084,2282,1530,752,23376,7003,16373,9702,3449,6253
B0103,33,619,District - Thiruvarur,Total,Technical degree or diploma equal to degree or post-graduate degree,16534,10369,6165,6848,5260,1588,930,620,310,674,455,219,8756,4489,4267,4414,2453,1961
B0103,33,619,District - Thiruvarur,Rural,Total,1006482,499954,506528,336814,239469,97345,114285,59860,54425,39933,24021,15912,555383,200625,354758,56440,23262,33178
B0103,33,619,District - Thiruvarur,Rural,Illiterate,268595,103679,164916,70811,31710,39101,32772,10187,22585,7650,2727,4923,165012,61782,103230,2705,590,2115
B0103,33,619,District - Thiruvarur,Rural,Literate,737887,396275,341612,266003,207759,58244,81513,49673,31840,32283,21294,10989,390371,138843,251528,53735,22672,31063
B0103,33,619,District - Thiruvarur,Rural,Literate but below matric/secondary,443811,227315,216496,150789,112300,38489,51678,29673,22005,17370,10980,6390,241344,85342,156002,14884,5324,9560
B0103,33,619,District - Thiruvarur,Rural,Matric/secondary but below graduate,206885,114932,91953,77667,65109,12558,20935,13967,6968,9871,6726,3145,108283,35856,72427,22162,8840,13322
B0103,33,619,District - Thiruvarur,Rural,Technical diploma or certificate not equal to degree,22567,17373,5194,9357,8282,1075,2102,1743,359,1537,1262,275,11108,7348,3760,5468,3762,1706
B0103,33,619,District - Thiruvarur,Rural,Graduate and above other than technical degree,33697,19592,14105,15636,12799,2837,2853,1981,872,1900,1292,608,15208,4812,10396,6959,2588,4371
B0103,33,619,District - Thiruvarur,Rural,Technical degree or diploma equal to degree or post-graduate degree,9888,6252,3636,3750,2962,788,681,458,223,502,345,157,5457,2832,2625,2906,1583,1323
B0103,33,619,District - Thiruvarur,Urban,Total,257795,126739,131056,75611,62059,13552,13458,8465,4993,4669,3307,1362,168726,56215,112511,15903,6767,9136
B0103,33,619,District - Thiruvarur,Urban,Illiterate,49211,19929,29282,6869,3762,3107,2563,934,1629,567,248,319,39779,15233,24546,586,168,418
B0103,33,619,District - Thiruvarur,Urban,Literate,208584,106810,101774,68742,58297,10445,10895,7531,3364,4102,3059,1043,128947,40982,87965,15317,6599,8718
B0103,33,619,District - Thiruvarur,Urban,Literate but below matric/secondary,106020,48994,57026,27438,23239,4199,5905,3895,2010,1933,1469,464,72677,21860,50817,3581,1224,2357
B0103,33,619,District - Thiruvarur,Urban,Matric/secondary but below graduate,63886,34827,29059,22521,20222,2299,3138,2357,781,1225,941,284,38227,12248,25979,5551,2368,3183
B0103,33,619,District - Thiruvarur,Urban,Technical diploma or certificate not equal to degree,7775,5983,1792,3953,3400,553,398,331,67,253,202,51,3424,2252,1172,1506,1083,423
B0103,33,619,District - Thiruvarur,Urban,Graduate and above other than technical degree,18552,10203,8349,9681,7521,2160,703,491,212,382,238,144,8168,2191,5977,2743,861,1882
B0103,33,619,District - Thiruvarur,Urban,Technical degree or diploma equal to degree or post-graduate degree,6646,4117,2529,3098,2298,800,249,162,87,172,110,62,3299,1657,1642,1508,870,638
B0103,33,620,District - Thanjavur,Total,Total,2405890,1182416,1223474,834484,604754,229730,139595,75729,63866,50046,30122,19924,1431811,501933,929878,123783,49555,74228
B0103,33,620,District - Thanjavur,Total,Illiterate,614892,238152,376740,166400,77340,89060,40141,13287,26854,10654,3998,6656,408351,147525,260826,6605,1267,5338
B0103,33,620,District - Thanjavur,Total,Literate,1790998,944264,846734,668084,527414,140670,99454,62442,37012,39392,26124,13268,1023460,354408,669052,117178,48288,68890
B0103,33,620,District - Thanjavur,Total,Literate but below matric/secondary,977246,493950,483296,332189,255234,76955,56701,33784,22917,19668,12605,7063,588356,204932,383424,28074,10068,18006
B0103,33,620,District - Thanjavur,Total,Matric/secondary but below graduate,489901,265907,223994,182258,153964,28294,24313,16607,7706,10579,7324,3255,283330,95336,187994,42288,16856,25432
B0103,33,620,District - Thanjavur,Total,Technical diploma or certificate not equal to degree,51401,38076,13325,24853,21004,3849,2929,2453,476,1921,1606,315,23619,14619,9000,10174,6627,3547
B0103,33,620,District - Thanjavur,Total,Graduate and above other than technical degree,122319,68052,54267,62218,48113,14105,5294,3540,1754,3030,1940,1090,54807,16399,38408,19298,6551,12747
B0103,33,620,District - Thanjavur,Total,Technical degree or diploma equal to degree or post-graduate degree,45218,27392,17826,20521,14931,5590,1772,1164,608,1149,753,396,22925,11297,11628,10577,5645,4932
B0103,33,620,District - Thanjavur,Rural,Total,1554531,765177,789354,564294,388943,175351,112825,58847,53978,40519,23756,16763,877412,317387,560025,73760,30394,43366
B0103,33,620,District - Thanjavur,Rural,Illiterate,449545,171999,277546,138405,62104,76301,35290,11384,23906,9578,3487,6091,275850,98511,177339,4702,893,3809
B0103,33,620,District - Thanjavur,Rural,Literate,1104986,593178,511808,425889,326839,99050,77535,47463,30072,30941,20269,10672,601562,218876,382686,69058,29501,39557
B0103,33,620,District - Thanjavur,Rural,Literate but below matric/secondary,648010,336657,311353,236899,175884,61015,46287,26921,19366,16349,10272,6077,364824,133852,230972,18510,6910,11600
B0103,33,620,District - Thanjavur,Rural,Matric/secondary but below graduate,287488,159380,128108,111886,91871,20015,18331,12217,6114,8067,5508,2559,157271,55292,101979,24523,10121,14402
B0103,33,620,District - Thanjavur,Rural,Technical diploma or certificate not equal to degree,28543,20965,7578,12250,10275,1975,1997,1675,322,1379,1159,220,14296,9015,5281,6490,4244,2246
B0103,33,620,District - Thanjavur,Rural,Graduate and above other than technical degree,54380,31236,23144,26227,20886,5341,3308,2317,991,1992,1364,628,24845,8033,16812,10210,3824,6386
B0103,33,620,District - Thanjavur,Rural,Technical degree or diploma equal to degree or post-graduate degree,18335,11302,7033,7087,5308,1779,893,591,302,632,419,213,10355,5403,4952,5082,2784,2298
B0103,33,620,District - Thanjavur,Urban,Total,851359,417239,434120,270190,215811,54379,26770,16882,9888,9527,6366,3161,554399,184546,369853,50023,19161,30862
B0103,33,620,District - Thanjavur,Urban,Illiterate,165347,66153,99194,27995,15236,12759,4851,1903,2948,1076,511,565,132501,49014,83487,1903,374,1529
B0103,33,620,District - Thanjavur,Urban,Literate,686012,351086,334926,242195,200575,41620,21919,14979,6940,8451,5855,2596,421898,135532,286366,48120,18787,29333
B0103,33,620,District - Thanjavur,Urban,Literate but below matric/secondary,329236,157293,171943,95290,79350,15940,10414,6863,3551,3319,2333,986,223532,71080,152452,9564,3158,6406
B0103,33,620,District - Thanjavur,Urban,Matric/secondary but below graduate,202413,106527,95886,70372,62093,8279,5982,4390,1592,2512,1816,696,126059,40044,86015,17765,6735,11030
B0103,33,620,District - Thanjavur,Urban,Technical diploma or certificate not equal to degree,22858,17111,5747,12603,10729,1874,932,778,154,542,447,95,9323,5604,3719,3684,2383,1301
B0103,33,620,District - Thanjavur,Urban,Graduate and above other than technical degree,67939,36816,31123,35991,27227,8764,1986,1223,763,1038,576,462,29962,8366,21596,9088,2727,6361
B0103,33,620,District - Thanjavur,Urban,Technical degree or diploma equal to degree or post-graduate degree,26883,16090,10793,13434,9623,3811,879,573,306,517,334,183,12570,5894,6676,5495,2861,2634
B0103,33,621,District - Pudukkottai,Total,Total,1618345,803188,815157,640248,416281,223967,121445,54818,66627,45091,23093,21998,856652,332089,524563,65243,26977,38266
B0103,33,621,District - Pudukkottai,Total,Illiterate,507800,194412,313388,171212,71534,99678,42149,11775,30374,12016,3802,8214,294439,111103,183336,4685,865,3820
B0103,33,621,District - Pudukkottai,Total,Literate,1110545,608776,501769,469036,344747,124289,79296,43043,36253,33075,19291,13784,562213,220986,341227,60558,26112,34446
B0103,33,621,District - Pudukkottai,Total,Literate but below matric/secondary,661890,353403,308487,261144,187292,73852,47101,24411,22690,17530,9781,7749,353645,141700,211945,15865,5896,9969
B0103,33,621,District - Pudukkottai,Total,Matric/secondary but below graduate,302483,168508,133975,132325,101239,31086,21179,12135,9044,9741,5833,3908,148979,55134,93845,24174,10516,13658
B0103,33,621,District - Pudukkottai,Total,Technical diploma or certificate not equal to degree,30116,21519,8597,14223,11599,2624,2046,1520,526,1391,1019,372,13847,8400,5447,5936,3595,2341
B0103,33,621,District - Pudukkottai,Total,Graduate and above other than technical degree,50898,29006,21892,27608,20788,6820,2843,1701,1142,1719,1043,676,20447,6517,13930,7891,2798,5093
B0103,33,621,District - Pudukkottai,Total,Technical degree or diploma equal to degree or post-graduate degree,18588,11828,6760,8766,6624,2142,995,663,332,679,465,214,8827,4541,4286,4234,2293,1941
B0103,33,621,District - Pudukkottai,Rural,Total,1301991,645505,656486,539884,336227,203657,109520,48065,61455,41156,20619,20537,652587,261213,391374,47173,20052,27121
B0103,33,621,District - Pudukkottai,Rural,Illiterate,442308,168447,273861,160670,66123,94547,40130,11078,29052,11674,3666,8008,241508,91246,150262,3893,737,3156
B0103,33,621,District - Pudukkottai,Rural,Literate,859683,477058,382625,379214,270104,109110,69390,36987,32403,29482,16953,12529,411079,169967,241112,43280,19315,23965
B0103,33,621,District - Pudukkottai,Rural,Literate but below matric/secondary,539297,293499,245798,226385,157963,68422,42716,21820,20896,16400,9044,7356,270196,113716,156480,12319,4795,7524
B0103,33,621,District - Pudukkottai,Rural,Matric/secondary but below graduate,225227,125839,99388,103097,75693,27404,18147,10120,8027,8588,5026,3562,103983,40026,63957,17706,7840,9866
B0103,33,621,District - Pudukkottai,Rural,Technical diploma or certificate not equal to degree,20834,14835,5999,9284,7517,1767,1598,1203,395,1105,819,286,9952,6115,3837,4372,2664,1708
B0103,33,621,District - Pudukkottai,Rural,Graduate and above other than technical degree,28237,16848,11389,15224,11637,3587,1906,1192,714,1191,769,422,11107,4019,7088,4744,1890,2854
B0103,33,621,District - Pudukkottai,Rural,Technical degree or diploma equal to degree or post-graduate degree,9705,6393,3312,4338,3380,958,569,396,173,415,295,120,4798,2617,2181,2407,1363,1044
B0103,33,621,District - Pudukkottai,Urban,Total,316354,157683,158671,100364,80054,20310,11925,6753,5172,3935,2474,1461,204065,70876,133189,18070,6925,11145
B0103,33,621,District - Pudukkottai,Urban,Illiterate,65492,25965,39527,10542,5411,5131,2019,697,1322,342,136,206,52931,19857,33074,792,128,664
B0103,33,621,District - Pudukkottai,Urban,Literate,250862,131718,119144,89822,74643,15179,9906,6056,3850,3593,2338,1255,151134,51019,100115,17278,6797,10481
B0103,33,621,District - Pudukkottai,Urban,Literate but below matric/secondary,122593,59904,62689,34759,29329,5430,4385,2591,1794,1130,737,393,83449,27984,55465,3546,1101,2445
B0103,33,621,District - Pudukkottai,Urban,Matric/secondary but below graduate,77256,42669,34587,29228,25546,3682,3032,2015,1017,1153,807,346,44996,15108,29888,6468,2676,3792
B0103,33,621,District - Pudukkottai,Urban,Technical diploma or certificate not equal to degree,9282,6684,2598,4939,4082,857,448,317,131,286,200,86,3895,2285,1610,1564,931,633
B0103,33,621,District - Pudukkottai,Urban,Graduate and above other than technical degree,22661,12158,10503,12384,9151,3233,937,509,428,528,274,254,9340,2498,6842,3147,908,2239
B0103,33,621,District - Pudukkottai,Urban,Technical degree or diploma equal to degree or post-graduate degree,8883,5435,3448,4428,3244,1184,426,267,159,264,170,94,4029,1924,2105,1827,930,897
B0103,33,622,District - Sivaganga,Total,Total,1339101,668672,670429,461102,312099,149003,159069,79206,79863,56061,31843,24218,718930,277367,441563,76586,31462,45124
B0103,33,622,District - Sivaganga,Total,Illiterate,379357,142368,236989,104760,42711,62049,48327,13845,34482,11306,3677,7629,226270,85812,140458,5144,988,4156
B0103,33,622,District - Sivaganga,Total,Literate,959744,526304,433440,356342,269388,86954,110742,65361,45381,44755,28166,16589,492660,191555,301105,71442,30474,40968
B0103,33,622,District - Sivaganga,Total,Literate but below matric/secondary,541768,288434,253334,185510,136216,49294,64974,36795,28179,22749,14027,8722,291284,115423,175861,19774,7133,12641
B0103,33,622,District - Sivaganga,Total,Matric/secondary but below graduate,261781,144702,117079,96942,77114,19828,28341,17490,10851,13457,8557,4900,136498,50098,86400,29302,12609,16693
B0103,33,622,District - Sivaganga,Total,Technical diploma or certificate not equal to degree,31352,23695,7657,14806,12510,2296,3356,2671,685,2238,1759,479,13190,8514,4676,6005,4036,1969
B0103,33,622,District - Sivaganga,Total,Graduate and above other than technical degree,55663,31231,24432,28387,21402,6985,4499,2824,1675,2664,1615,1049,22777,7005,15772,8558,3019,5539
B0103,33,622,District - Sivaganga,Total,Technical degree or diploma equal to degree or post-graduate degree,20645,12656,7989,9521,6934,2587,1564,997,567,1062,669,393,9560,4725,4835,4547,2424,2123
B0103,33,622,District - Sivaganga,Rural,Total,926256,462210,464046,337735,212459,125276,133819,63489,70330,46959,25771,21188,454702,186262,268440,48604,21047,27557
B0103,33,622,District - Sivaganga,Rural,Illiterate,297211,109303,187908,93404,36566,56838,43958,12088,31870,10191,3119,7072,159849,60649,99200,3621,709,2912
B0103,33,622,District - Sivaganga,Rural,Literate,629045,352907,276138,244331,175893,68438,89861,51401,38460,36768,22652,14116,294853,125613,169240,44983,20338,24645
B0103,33,622,District - Sivaganga,Rural,Literate but below matric/secondary,382736,210317,172419,143473,100576,42897,54610,29970,24640,19331,11588,7743,184653,79771,104882,13043,5223,7820
B0103,33,622,District - Sivaganga,Rural,Matric/secondary but below graduate,165281,93126,72155,63731,47949,15782,22727,13647,9080,11109,6947,4162,78823,31530,47293,19568,8768,10800
B0103,33,622,District - Sivaganga,Rural,Technical diploma or certificate not equal to degree,18023,13469,4554,7606,6322,1284,2360,1846,514,1651,1270,381,8057,5301,2756,3925,2618,1307
B0103,33,622,District - Sivaganga,Rural,Graduate and above other than technical degree,24413,14283,10130,11955,9050,2905,2841,1827,1014,1833,1160,673,9617,3406,6211,4452,1779,2673
B0103,33,622,District - Sivaganga,Rural,Technical degree or diploma equal to degree or post-graduate degree,8184,5054,3130,3274,2388,886,864,551,313,647,416,231,4046,2115,1931,2106,1127,979
B0103,33,622,District - Sivaganga,Urban,Total,412845,206462,206383,123367,99640,23727,25250,15717,9533,9102,6072,3030,264228,91105,173123,27982,10415,17567
B0103,33,622,District - Sivaganga,Urban,Illiterate,82146,33065,49081,11356,6145,5211,4369,1757,2612,1115,558,557,66421,25163,41258,1523,279,1244
B0103,33,622,District - Sivaganga,Urban,Literate,330699,173397,157302,112011,93495,18516,20881,13960,6921,7987,5514,2473,197807,65942,131865,26459,10136,16323
B0103,33,622,District - Sivaganga,Urban,Literate but below matric/secondary,159032,78117,80915,42037,35640,6397,10364,6825,3539,3418,2439,979,106631,35652,70979,6731,1910,4821
B0103,33,622,District - Sivaganga,Urban,Matric/secondary but below graduate,96500,51576,44924,33211,29165,4046,5614,3843,1771,2348,1610,738,57675,18568,39107,9734,3841,5893
B0103,33,622,District - Sivaganga,Urban,Technical diploma or certificate not equal to degree,13329,10226,3103,7200,6188,1012,996,825,171,587,489,98,5133,3213,1920,2080,1418,662
B0103,33,622,District - Sivaganga,Urban,Graduate and above other than technical degree,31250,16948,14302,16432,12352,4080,1658,997,661,831,455,376,13160,3599,9561,4106,1240,2866
B0103,33,622,District - Sivaganga,Urban,Technical degree or diploma equal to degree or post-graduate degree,12461,7602,4859,6247,4546,1701,700,446,254,415,253,162,5514,2610,2904,2441,1297,1144
B0103,33,623,District - Madurai,Total,Total,3038252,1526475,1511777,1173902,814086,359816,180730,88618,92112,60643,32008,28635,1683620,623771,1059849,138649,53352,85297
B0103,33,623,District - Madurai,Total,Illiterate,764822,302665,462157,228420,96461,131959,55028,17028,38000,14090,4868,9222,481374,189176,292198,8562,1514,7048
B0103,33,623,District - Madurai,Total,Literate,2273430,1223810,1049620,945482,717625,227857,125702,71590,54112,46553,27140,19413,1202246,434595,767651,130087,51838,78249
B0103,33,623,District - Madurai,Total,Literate but below matric/secondary,1204714,624235,580479,451279,329948,121331,69850,38217,31633,21731,12537,9194,683585,256070,427515,33139,9980,23159
B0103,33,623,District - Madurai,Total,Matric/secondary but below graduate,625120,338901,286219,250258,202990,47268,31557,18858,12699,13193,7697,5496,343305,117053,226252,51558,21837,29721
B0103,33,623,District - Madurai,Total,Technical diploma or certificate not equal to degree,66638,47382,19256,38137,31574,6563,3556,2602,954,2026,1453,573,24945,13206,11739,8110,4703,3407
B0103,33,623,District - Madurai,Total,Graduate and above other than technical degree,202899,117411,85488,116969,89703,27266,8225,4892,3333,4320,2411,1909,77705,22816,54889,20832,7482,13350
B0103,33,623,District - Madurai,Total,Technical degree or diploma equal to degree or post-graduate degree,70599,42780,27819,38673,27634,11039,3280,1982,1298,1942,1158,784,28646,13164,15482,10906,5748,5158
B0103,33,623,District - Madurai,Rural,Total,1191451,601247,590204,511237,307380,203857,116500,53622,62878,39081,20447,18634,563714,240245,323469,46937,20486,26451
B0103,33,623,District - Madurai,Rural,Illiterate,403361,154788,248573,160292,61395,98897,43343,12717,30626,11416,3809,7607,199726,80676,119050,3828,696,3132
B0103,33,623,District - Madurai,Rural,Literate,788090,446459,341631,350945,245985,104960,73157,40905,32252,27665,16638,11027,363988,159569,204419,43109,19790,23319
B0103,33,623,District - Madurai,Rural,Literate but below matric/secondary,494936,271035,223901,211416,141564,69852,46271,24563,21708,15481,8797,6684,237249,104908,132341,12706,4609,8097
B0103,33,623,District - Madurai,Rural,Matric/secondary but below graduate,191952,112388,79564,85413,64377,21036,16389,9965,6424,7088,4512,2576,90150,38046,52104,18675,9051,9624
B0103,33,623,District - Madurai,Rural,Technical diploma or certificate not equal to degree,18657,13118,5539,9060,7405,1655,1451,1058,393,938,692,246,8146,4655,3491,3205,1864,1341
B0103,33,623,District - Madurai,Rural,Graduate and above other than technical degree,32615,21488,11127,18490,14818,3672,2541,1762,779,1527,1053,474,11584,4908,6676,4590,2263,2327
B0103,33,623,District - Madurai,Rural,Technical degree or diploma equal to degree or post-graduate degree,9367,6032,3335,4578,3359,1219,669,444,225,441,294,147,4120,2229,1891,1900,1102,798
B0103,33,623,District - Madurai,Urban,Total,1846801,925228,921573,662665,506706,155959,64230,34996,29234,21562,11561,10001,1119906,383526,736380,91712,32866,58846
B0103,33,623,District - Madurai,Urban,Illiterate,361461,147877,213584,68128,35066,33062,11685,4311,7374,2674,1059,1615,281648,108500,173148,4734,818,3916
B0103,33,623,District - Madurai,Urban,Literate,1485340,777351,707989,594537,471640,122897,52545,30685,21860,18888,10502,8386,838258,275026,563232,86978,32048,54930
B0103,33,623,District - Madurai,Urban,Literate but below matric/secondary,709778,353200,356578,239863,188384,51479,23579,13654,9925,6250,3740,2510,446336,151162,295174,20433,5371,15062
B0103,33,623,District - Madurai,Urban,Matric/secondary but below graduate,433168,226513,206655,164845,138613,26232,15168,8893,6275,6105,3185,2920,253155,79007,174148,32883,12786,20097
B0103,33,623,District - Madurai,Urban,Technical diploma or certificate not equal to degree,47981,34264,13717,29077,24169,4908,2105,1544,561,1088,761,327,16799,8551,8248,4905,2839,2066
B0103,33,623,District - Madurai,Urban,Graduate and above other than technical degree,170284,95923,74361,98479,74885,23594,5684,3130,2554,2793,1358,1435,66121,17908,48213,16242,5219,11023
B0103,33,623,District - Madurai,Urban,Technical degree or diploma equal to degree or post-graduate degree,61232,36748,24484,34095,24275,9820,2611,1538,1073,1501,864,637,24526,10935,13591,9006,4646,4360
B0103,33,624,District - Theni  ,Total,Total,1245899,625683,620216,530591,338041,192550,61051,30859,30192,20536,11687,8849,654257,256783,397474,49679,22329,27350
B0103,33,624,District - Theni  ,Total,Illiterate,375819,146280,229539,151187,61822,89365,22495,7672,14823,6085,2444,3641,202137,76786,125351,3036,662,2374
B0103,33,624,District - Theni  ,Total,Literate,870080,479403,390677,379404,276219,103185,38556,23187,15369,14451,9243,5208,452120,179997,272123,46643,21667,24976
B0103,33,624,District - Theni  ,Total,Literate but below matric/secondary,508851,268557,240294,212209,145275,66934,23246,13150,10096,7439,4518,2921,273396,110132,163264,11504,4229,7275
B0103,33,624,District - Theni  ,Total,Matric/secondary but below graduate,230192,130989,99203,96569,77506,19063,9105,6055,3050,3855,2661,1194,124518,47428,77090,18308,9051,9257
B0103,33,624,District - Theni  ,Total,Technical diploma or certificate not equal to degree,27286,18823,8463,13924,11175,2749,1215,889,326,757,529,228,12147,6759,5388,4667,2662,2005
B0103,33,624,District - Theni  ,Total,Graduate and above other than technical degree,48939,30412,18527,27569,22034,5535,1763,1246,517,987,675,312,19607,7132,12475,6628,2938,3690
B0103,33,624,District - Theni  ,Total,Technical degree or diploma equal to degree or post-graduate degree,19117,11991,7126,9566,7092,2474,643,424,219,404,271,133,8908,4475,4433,3716,1990,1726
B0103,33,624,District - Theni  ,Rural,Total,575418,290880,284538,266647,155591,111056,38382,18257,20125,14355,7833,6522,270389,117032,153357,22262,10478,11784
B0103,33,624,District - Theni  ,Rural,Illiterate,198768,77310,121458,90584,35275,55309,15583,5116,10467,4826,1908,2918,92601,36919,55682,1602,334,1268
B0103,33,624,District - Theni  ,Rural,Literate,376650,213570,163080,176063,120316,55747,22799,13141,9658,9529,5925,3604,177788,80113,97675,20660,10144,10516
B0103,33,624,District - Theni  ,Rural,Literate but below matric/secondary,232976,126985,105991,106728,68393,38335,14029,7596,6433,5150,3016,2134,112219,50996,61223,5383,2117,3266
B0103,33,624,District - Theni  ,Rural,Matric/secondary but below graduate,94192,55569,38623,42515,32149,10366,5303,3393,1910,2510,1696,814,46374,20027,26347,8582,4423,4159
B0103,33,624,District - Theni  ,Rural,Technical diploma or certificate not equal to degree,11342,7946,3396,5341,4312,1029,686,499,187,442,308,134,5315,3135,2180,2276,1333,943
B0103,33,624,District - Theni  ,Rural,Graduate and above other than technical degree,14422,9479,4943,8121,6524,1597,742,541,201,461,336,125,5559,2414,3145,2277,1140,1137
B0103,33,624,District - Theni  ,Rural,Technical degree or diploma equal to degree or post-graduate degree,5563,3591,1972,2658,1979,679,268,183,85,185,132,53,2637,1429,1208,1206,684,522
B0103,33,624,District - Theni  ,Urban,Total,670481,334803,335678,263944,182450,81494,22669,12602,10067,6181,3854,2327,383868,139751,244117,27417,11851,15566
B0103,33,624,District - Theni  ,Urban,Illiterate,177051,68970,108081,60603,26547,34056,6912,2556,4356,1259,536,723,109536,39867,69669,1434,328,1106
B0103,33,624,District - Theni  ,Urban,Literate,493430,265833,227597,203341,155903,47438,15757,10046,5711,4922,3318,1604,274332,99884,174448,25983,11523,14460
B0103,33,624,District - Theni  ,Urban,Literate but below matric/secondary,275875,141572,134303,105481,76882,28599,9217,5554,3663,2289,1502,787,161177,59136,102041,6121,2112,4009
B0103,33,624,District - Theni  ,Urban,Matric/secondary but below graduate,136000,75420,60580,54054,45357,8697,3802,2662,1140,1345,965,380,78144,27401,50743,9726,4628,5098
B0103,33,624,District - Theni  ,Urban,Technical diploma or certificate not equal to degree,15944,10877,5067,8583,6863,1720,529,390,139,315,221,94,6832,3624,3208,2391,1329,1062
B0103,33,624,District - Theni  ,Urban,Graduate and above other than technical degree,34517,20933,13584,19448,15510,3938,1021,705,316,526,339,187,14048,4718,9330,4351,1798,2553
B0103,33,624,District - Theni  ,Urban,Technical degree or diploma equal to degree or post-graduate degree,13554,8400,5154,6908,5113,1795,375,241,134,219,139,80,6271,3046,3225,2510,1306,1204
B0103,33,625,District - Virudhunagar,Total,Total,1942288,967709,974579,854066,535451,318615,96092,43660,52432,26460,13543,12917,992130,388598,603532,74413,29780,44633
B0103,33,625,District - Virudhunagar,Total,Illiterate,543500,207334,336166,205218,78293,126925,31199,8527,22672,6256,1864,4392,307083,120514,186569,4912,937,3975
B0103,33,625,District - Virudhunagar,Total,Literate,1398788,760375,638413,648848,457158,191690,64893,35133,29760,20204,11679,8525,685047,268084,416963,69501,28843,40658
B0103,33,625,District - Virudhunagar,Total,Literate but below matric/secondary,848298,445447,402851,386767,258046,128721,42202,21802,20400,10846,6013,4833,419329,165599,253730,18960,5854,13106
B0103,33,625,District - Virudhunagar,Total,Matric/secondary but below graduate,330892,182314,148578,138529,106796,31733,12289,7129,5160,4630,2719,1911,180074,68389,111685,26371,11313,15058
B0103,33,625,District - Virudhunagar,Total,Technical diploma or certificate not equal to degree,49046,35562,13484,28110,23430,4680,2236,1677,559,1379,1015,364,18700,10455,8245,6837,3997,2840
B0103,33,625,District - Virudhunagar,Total,Graduate and above other than technical degree,78172,45635,32537,44896,34172,10724,2623,1654,969,1365,820,545,30653,9809,20844,8875,3524,5351
B0103,33,625,District - Virudhunagar,Total,Technical degree or diploma equal to degree or post-graduate degree,33269,20463,12806,17308,12574,4734,1183,734,449,729,445,284,14778,7155,7623,5695,3052,2643
B0103,33,625,District - Virudhunagar,Rural,Total,962062,480360,481702,446167,258942,187225,65848,28154,37694,19384,9720,9664,450047,193264,256783,36566,15168,21398
B0103,33,625,District - Virudhunagar,Rural,Illiterate,308843,116624,192219,131359,47981,83378,23636,6039,17597,5037,1467,3570,153848,62604,91244,2827,565,2262
B0103,33,625,District - Virudhunagar,Rural,Literate,653219,363736,289483,314808,210961,103847,42212,22115,20097,14347,8253,6094,296199,130660,165539,33739,14603,19136
B0103,33,625,District - Virudhunagar,Rural,Literate but below matric/secondary,426762,230428,196334,207414,132711,74703,28952,14523,14429,8358,4584,3774,190396,83194,107202,9521,3049,6472
B0103,33,625,District - Virudhunagar,Rural,Matric/secondary but below graduate,143289,81614,61675,61365,44714,16651,7450,4210,3240,3152,1855,1297,74474,32690,41784,13220,5962,7258
B0103,33,625,District - Virudhunagar,Rural,Technical diploma or certificate not equal to degree,21335,15411,5924,11447,9462,1985,1232,914,318,826,610,216,8656,5035,3621,3562,2054,1508
B0103,33,625,District - Virudhunagar,Rural,Graduate and above other than technical degree,22723,14378,8345,12496,9643,2853,1186,804,382,734,491,243,9041,3931,5110,3795,1741,2054
B0103,33,625,District - Virudhunagar,Rural,Technical degree or diploma equal to degree or post-graduate degree,9942,6172,3770,4707,3383,1324,438,287,151,319,207,112,4797,2502,2295,2197,1170,1027
B0103,33,625,District - Virudhunagar,Urban,Total,980226,487349,492877,407899,276509,131390,30244,15506,14738,7076,3823,3253,542083,195334,346749,37847,14612,23235
B0103,33,625,District - Virudhunagar,Urban,Illiterate,234657,90710,143947,73859,30312,43547,7563,2488,5075,1219,397,822,153235,57910,95325,2085,372,1713
B0103,33,625,District - Virudhunagar,Urban,Literate,745569,396639,348930,334040,246197,87843,22681,13018,9663,5857,3426,2431,388848,137424,251424,35762,14240,21522
B0103,33,625,District - Virudhunagar,Urban,Literate but below matric/secondary,421536,215019,206517,179353,125335,54018,13250,7279,5971,2488,1429,1059,228933,82405,146528,9439,2805,6634
B0103,33,625,District - Virudhunagar,Urban,Matric/secondary but below graduate,187603,100700,86903,77164,62082,15082,4839,2919,1920,1478,864,614,105600,35699,69901,13151,5351,7800
B0103,33,625,District - Virudhunagar,Urban,Technical diploma or certificate not equal to degree,27711,20151,7560,16663,13968,2695,1004,763,241,553,405,148,10044,5420,4624,3275,1943,1332
B0103,33,625,District - Virudhunagar,Urban,Graduate and above other than technical degree,55449,31257,24192,32400,24529,7871,1437,850,587,631,329,302,21612,5878,15734,5080,1783,3297
B0103,33,625,District - Virudhunagar,Urban,Technical degree or diploma equal to degree or post-graduate degree,23327,14291,9036,12601,9191,3410,745,447,298,410,238,172,9981,4653,5328,3498,1882,1616
B0103,33,626,District - Ramanathapuram,Total,Total,1353445,682658,670787,486150,333342,152808,116827,59409,57418,44264,24631,19633,750468,289907,460561,79160,33509,45651
B0103,33,626,District - Ramanathapuram,Total,Illiterate,374499,146171,228328,111073,49061,62012,32855,9888,22967,8998,2960,6038,230571,87222,143349,6060,1272,4788
B0103,33,626,District - Ramanathapuram,Total,Literate,978946,536487,442459,375077,284281,90796,83972,49521,34451,35266,21671,13595,519897,202685,317212,73100,32237,40863
B0103,33,626,District - Ramanathapuram,Total,Literate but below matric/secondary,583268,307680,275588,209648,155247,54401,51004,29090,21914,18267,10932,7335,322616,123343,199273,22543,8096,14447
B0103,33,626,District - Ramanathapuram,Total,Matric/secondary but below graduate,255495,143985,111510,97250,77608,19642,20511,12743,7768,10268,6403,3865,137734,53634,84100,30189,13686,16503
B0103,33,626,District - Ramanathapuram,Total,Technical diploma or certificate not equal to degree,25231,17480,7751,11577,9216,2361,2129,1543,586,1475,1052,423,11525,6721,4804,5264,3127,2137
B0103,33,626,District - Ramanathapuram,Total,Graduate and above other than technical degree,45330,27967,17363,23942,18748,5194,3238,2141,1097,2072,1346,726,18150,7078,11072,7535,3339,4196
B0103,33,626,District - Ramanathapuram,Total,Technical degree or diploma equal to degree or post-graduate degree,16762,10847,5915,7648,5706,1942,1133,771,362,809,558,251,7981,4370,3611,3876,2268,1608
B0103,33,626,District - Ramanathapuram,Rural,Total,942746,474508,468238,361893,231117,130776,97887,47193,50694,37313,19951,17362,482966,196198,286768,51536,22760,28776
B0103,33,626,District - Ramanathapuram,Rural,Illiterate,290827,111730,179097,99025,41662,57363,29946,8741,21205,8347,2685,5662,161856,61327,100529,4401,950,3451
B0103,33,626,District - Ramanathapuram,Rural,Literate,651919,362778,289141,262868,189455,73413,67941,38452,29489,28966,17266,11700,321110,134871,186239,47135,21810,25325
B0103,33,626,District - Ramanathapuram,Rural,Literate but below matric/secondary,409324,221385,187939,159942,113069,46873,42535,23370,19165,15441,8939,6502,206847,84946,121901,15213,5867,9346
B0103,33,626,District - Ramanathapuram,Rural,Matric/secondary but below graduate,161041,91517,69524,63461,47661,15800,16177,9563,6614,8463,5113,3350,81403,34293,47110,19823,9322,10501
B0103,33,626,District - Ramanathapuram,Rural,Technical diploma or certificate not equal to degree,15215,10327,4888,6265,4835,1430,1534,1063,471,1114,761,353,7416,4429,2987,3594,2134,1460
B0103,33,626,District - Ramanathapuram,Rural,Graduate and above other than technical degree,21510,14015,7495,10953,8606,2347,2083,1410,673,1433,960,473,8474,3999,4475,4085,2091,1994
B0103,33,626,District - Ramanathapuram,Rural,Technical degree or diploma equal to degree or post-graduate degree,7290,4838,2452,3045,2253,792,641,435,206,491,341,150,3604,2150,1454,1929,1175,754
B0103,33,626,District - Ramanathapuram,Urban,Total,410699,208150,202549,124257,102225,22032,18940,12216,6724,6951,4680,2271,267502,93709,173793,27624,10749,16875
B0103,33,626,District - Ramanathapuram,Urban,Illiterate,83672,34441,49231,12048,7399,4649,2909,1147,1762,651,275,376,68715,25895,42820,1659,322,1337
B0103,33,626,District - Ramanathapuram,Urban,Literate,327027,173709,153318,112209,94826,17383,16031,11069,4962,6300,4405,1895,198787,67814,130973,25965,10427,15538
B0103,33,626,District - Ramanathapuram,Urban,Literate but below matric/secondary,173944,86295,87649,49706,42178,7528,8469,5720,2749,2826,1993,833,115769,38397,77372,7330,2229,5101
B0103,33,626,District - Ramanathapuram,Urban,Matric/secondary but below graduate,94454,52468,41986,33789,29947,3842,4334,3180,1154,1805,1290,515,56331,19341,36990,10366,4364,6002
B0103,33,626,District - Ramanathapuram,Urban,Technical diploma or certificate not equal to degree,10016,7153,2863,5312,4381,931,595,480,115,361,291,70,4109,2292,1817,1670,993,677
B0103,33,626,District - Ramanathapuram,Urban,Graduate and above other than technical degree,23820,13952,9868,12989,10142,2847,1155,731,424,639,386,253,9676,3079,6597,3450,1248,2202
B0103,33,626,District - Ramanathapuram,Urban,Technical degree or diploma equal to degree or post-graduate degree,9472,6009,3463,4603,3453,1150,492,336,156,318,217,101,4377,2220,2157,1947,1093,854
B0103,33,627,District - Thoothukkudi,Total,Total,1750176,865021,885155,657447,459993,197454,90648,43734,46914,27871,15363,12508,1002081,361294,640787,77696,29354,48342
B0103,33,627,District - Thoothukkudi,Total,Illiterate,400479,161915,238564,104583,45648,58935,21616,5900,15716,4414,1438,2976,274280,110367,163913,3410,757,2653
B0103,33,627,District - Thoothukkudi,Total,Literate,1349697,703106,646591,552864,414345,138519,69032,37834,31198,23457,13925,9532,727801,250927,476874,74286,28597,45689
B0103,33,627,District - Thoothukkudi,Total,Literate but below matric/secondary,830095,421410,408685,324206,237286,86920,45777,23944,21833,12809,7362,5447,460112,160180,299932,20525,6441,14084
B0103,33,627,District - Thoothukkudi,Total,Matric/secondary but below graduate,314770,166274,148496,121346,97402,23944,13052,7830,5222,5580,3461,2119,180372,61042,119330,27091,11115,15976
B0103,33,627,District - Thoothukkudi,Total,Technical diploma or certificate not equal to degree,43472,29219,14253,24006,18944,5062,2127,1590,537,1393,1052,341,17339,8685,8654,6792,3699,3093
B0103,33,627,District - Thoothukkudi,Total,Graduate and above other than technical degree,82037,43962,38075,43973,33109,10864,2900,1643,1257,1699,904,795,35164,9210,25954,11548,3608,7940
B0103,33,627,District - Thoothukkudi,Total,Technical degree or diploma equal to degree or post-graduate degree,29074,16701,12373,14856,10366,4490,1120,629,491,763,440,323,13098,5706,7392,5826,2798,3028
B0103,33,627,District - Thoothukkudi,Rural,Total,873374,430361,443013,352262,225142,127120,65676,30058,35618,20020,10730,9290,455436,175161,280275,35857,14026,21831
B0103,33,627,District - Thoothukkudi,Rural,Illiterate,230688,90622,140066,73696,29521,44175,17489,4630,12859,3672,1153,2519,139503,56471,83032,1816,412,1404
B0103,33,627,District - Thoothukkudi,Rural,Literate,642686,339739,302947,278566,195621,82945,48187,25428,22759,16348,9577,6771,315933,118690,197243,34041,13614,20427
B0103,33,627,District - Thoothukkudi,Rural,Literate but below matric/secondary,439355,227879,211476,190381,130457,59924,34099,17054,17045,9765,5409,4356,214875,80368,134507,10496,3425,7071
B0103,33,627,District - Thoothukkudi,Rural,Matric/secondary but below graduate,131174,70616,60558,52344,39513,12831,8218,4864,3354,3745,2355,1390,70612,26239,44373,12879,5339,7540
B0103,33,627,District - Thoothukkudi,Rural,Technical diploma or certificate not equal to degree,16973,10988,5985,7969,6060,1909,1174,865,309,836,629,207,7830,4063,3767,3419,1879,1540
B0103,33,627,District - Thoothukkudi,Rural,Graduate and above other than technical degree,21366,12230,9136,10894,8252,2642,1224,761,463,775,455,320,9248,3217,6031,4122,1573,2549
B0103,33,627,District - Thoothukkudi,Rural,Technical degree or diploma equal to degree or post-graduate degree,7289,4188,3101,3200,2177,1023,386,240,146,297,188,109,3703,1771,1932,1893,929,964
B0103,33,627,District - Thoothukkudi,Urban,Total,876802,434660,442142,305185,234851,70334,24972,13676,11296,7851,4633,3218,546645,186133,360512,41839,15328,26511
B0103,33,627,District - Thoothukkudi,Urban,Illiterate,169791,71293,98498,30887,16127,14760,4127,1270,2857,742,285,457,134777,53896,80881,1594,345,1249
B0103,33,627,District - Thoothukkudi,Urban,Literate,707011,363367,343644,274298,218724,55574,20845,12406,8439,7109,4348,2761,411868,132237,279631,40245,14983,25262
B0103,33,627,District - Thoothukkudi,Urban,Literate but below matric/secondary,390740,193531,197209,133825,106829,26996,11678,6890,4788,3044,1953,1091,245237,79812,165425,10029,3016,7013
B0103,33,627,District - Thoothukkudi,Urban,Matric/secondary but below graduate,183596,95658,87938,69002,57889,11113,4834,2966,1868,1835,1106,729,109760,34803,74957,14212,5776,8436
B0103,33,627,District - Thoothukkudi,Urban,Technical diploma or certificate not equal to degree,26499,18231,8268,16037,12884,3153,953,725,228,557,423,134,9509,4622,4887,3373,1820,1553
B0103,33,627,District - Thoothukkudi,Urban,Graduate and above other than technical degree,60671,31732,28939,33079,24857,8222,1676,882,794,924,449,475,25916,5993,19923,7426,2035,5391
B0103,33,627,District - Thoothukkudi,Urban,Technical degree or diploma equal to degree or post-graduate degree,21785,12513,9272,11656,8189,3467,734,389,345,466,252,214,9395,3935,5460,3933,1869,2064
B0103,33,628,District - Tirunelveli ,Total,Total,3077233,1520912,1556321,1271407,791067,480340,165047,85108,79939,47997,29322,18675,1640779,644737,996042,133904,57454,76450
B0103,33,628,District - Tirunelveli ,Total,Illiterate,803776,310202,493574,257952,98135,159817,41730,13210,28520,7206,2877,4329,504094,198857,305237,5739,1452,4287
B0103,33,628,District - Tirunelveli ,Total,Literate,2273457,1210710,1062747,1013455,692932,320523,123317,71898,51419,40791,26445,14346,1136685,445880,690805,128165,56002,72163
B0103,33,628,District - Tirunelveli ,Total,Literate but below matric/secondary,1388365,712457,675908,613869,393662,220207,78387,43706,34681,20430,13203,7227,696109,275089,421020,30725,11736,18989
B0103,33,628,District - Tirunelveli ,Total,Matric/secondary but below graduate,540189,297851,242338,218350,168243,50107,25502,16239,9263,10389,6839,3550,296337,113369,182968,48960,22062,26898
B0103,33,628,District - Tirunelveli ,Total,Technical diploma or certificate not equal to degree,75390,53456,21934,39272,31355,7917,4471,3388,1083,2955,2236,719,31647,18713,12934,13309,8222,5087
B0103,33,628,District - Tirunelveli ,Total,Graduate and above other than technical degree,126952,70742,56210,67906,50969,16937,5431,3199,2232,3272,1837,1435,53615,16574,37041,19319,6447,12872
B0103,33,628,District - Tirunelveli ,Total,Technical degree or diploma equal to degree or post-graduate degree,51002,30319,20683,24970,17631,7339,2375,1416,959,1653,994,659,23657,11272,12385,10920,5487,5433
B0103,33,628,District - Tirunelveli ,Rural,Total,1557004,768728,788276,688776,398814,289962,104354,52060,52294,30815,18136,12679,763874,317854,446020,63021,27727,35294
B0103,33,628,District - Tirunelveli ,Rural,Illiterate,456892,175749,281143,168071,61954,106117,29234,9111,20123,5333,2021,3312,259587,104684,154903,3169,821,2348
B0103,33,628,District - Tirunelveli ,Rural,Literate,1100112,592979,507133,520705,336860,183845,75120,42949,32171,25482,16115,9367,504287,213170,291117,59852,26906,32946
B0103,33,628,District - Tirunelveli ,Rural,Literate but below matric/secondary,730323,384651,345672,351708,216815,134893,50964,28123,22841,14107,8802,5305,327651,139713,187938,15342,6146,9196
B0103,33,628,District - Tirunelveli ,Rural,Matric/secondary but below graduate,233024,129240,103784,97800,70770,27030,14112,8774,5338,6170,3973,2197,121112,49696,71416,23571,10862,12709
B0103,33,628,District - Tirunelveli ,Rural,Technical diploma or certificate not equal to degree,33248,22654,10594,15805,12214,3591,2349,1709,640,1657,1202,455,15094,8731,6363,6878,3967,2911
B0103,33,628,District - Tirunelveli ,Rural,Graduate and above other than technical degree,40752,23224,17528,21172,15843,5329,2393,1482,911,1559,938,621,17187,5899,11288,7710,2924,4786
B0103,33,628,District - Tirunelveli ,Rural,Technical degree or diploma equal to degree or post-graduate degree,15793,9236,6557,7098,4922,2176,902,516,386,660,380,280,7793,3798,3995,3961,1961,2000
B0103,33,628,District - Tirunelveli ,Urban,Total,1520229,752184,768045,582631,392253,190378,60693,33048,27645,17182,11186,5996,876905,326883,550022,70883,29727,41156
B0103,33,628,District - Tirunelveli ,Urban,Illiterate,346884,134453,212431,89881,36181,53700,12496,4099,8397,1873,856,1017,244507,94173,150334,2570,631,1939
B0103,33,628,District - Tirunelveli ,Urban,Literate,1173345,617731,555614,492750,356072,136678,48197,28949,19248,15309,10330,4979,632398,232710,399688,68313,29096,39217
B0103,33,628,District - Tirunelveli ,Urban,Literate but below matric/secondary,658042,327806,330236,262161,176847,85314,27423,15583,11840,6323,4401,1922,368458,135376,233082,15383,5590,9793
B0103,33,628,District - Tirunelveli ,Urban,Matric/secondary but below graduate,307165,168611,138554,120550,97473,23077,11390,7465,3925,4219,2866,1353,175225,63673,111552,25389,11200,14189
B0103,33,628,District - Tirunelveli ,Urban,Technical diploma or certificate not equal to degree,42142,30802,11340,23467,19141,4326,2122,1679,443,1298,1034,264,16553,9982,6571,6431,4255,2176
B0103,33,628,District - Tirunelveli ,Urban,Graduate and above other than technical degree,86200,47518,38682,46734,35126,11608,3038,1717,1321,1713,899,814,36428,10675,25753,11609,3523,8086
B0103,33,628,District - Tirunelveli ,Urban,Technical degree or diploma equal to degree or post-graduate degree,35209,21083,14126,17872,12709,5163,1473,900,573,993,614,379,15864,7474,8390,6959,3526,3433
B0103,33,629,District - Kanniyakumari,Total,Total,1870374,926345,944029,552658,446895,105763,126962,77734,49228,48178,28984,19194,1190754,401716,789038,158848,51318,107530
B0103,33,629,District - Kanniyakumari,Total,Illiterate,321636,145804,175832,38379,26776,11603,13228,6572,6656,2526,1240,1286,270029,112456,157573,4909,1140,3769
B0103,33,629,District - Kanniyakumari,Total,Literate,1548738,780541,768197,514279,420119,94160,113734,71162,42572,45652,27744,17908,920725,289260,631465,153939,50178,103761
B0103,33,629,District - Kanniyakumari,Total,Literate but below matric/secondary,750889,378027,372862,222917,187405,35512,53273,33373,19900,15069,9695,5374,474699,157249,317450,30621,7485,23136
B0103,33,629,District - Kanniyakumari,Total,Matric/secondary but below graduate,495583,245705,249878,159734,136561,23173,37509,24397,13112,17202,10719,6483,298340,84747,213593,67712,22960,44752
B0103,33,629,District - Kanniyakumari,Total,Technical diploma or certificate not equal to degree,69776,46137,23639,34634,27409,7225,5878,4226,1652,3872,2697,1175,29264,14502,14762,13030,6884,6146
B0103,33,629,District - Kanniyakumari,Total,Graduate and above other than technical degree,116801,53414,63387,51116,35905,15211,7860,3918,3942,5021,2177,2844,57825,13591,44234,23634,5385,18249
B0103,33,629,District - Kanniyakumari,Total,Technical degree or diploma equal to degree or post-graduate degree,48975,25675,23300,21129,13499,7630,3218,1681,1537,2360,1197,1163,24628,10495,14133,12603,5515,7088
B0103,33,629,District - Kanniyakumari,Rural,Total,330572,164938,165634,100972,81591,19381,24444,13317,11127,8477,4487,3990,205156,70030,135126,28065,8981,19084
B0103,33,629,District - Kanniyakumari,Rural,Illiterate,61192,28506,32686,8981,6392,2589,3189,1373,1816,612,246,366,49022,20741,28281,927,187,740
B0103,33,629,District - Kanniyakumari,Rural,Literate,269380,136432,132948,91991,75199,16792,21255,11944,9311,7865,4241,3624,156134,49289,106845,27138,8794,18344
B0103,33,629,District - Kanniyakumari,Rural,Literate but below matric/secondary,144634,73871,70763,47336,39604,7732,11652,6269,5383,3162,1679,1483,85646,27998,57648,6363,1536,4827
B0103,33,629,District - Kanniyakumari,Rural,Matric/secondary but below graduate,79408,38642,40766,25281,21176,4105,6092,3639,2453,2741,1493,1248,48035,13827,34208,11865,4013,7852
B0103,33,629,District - Kanniyakumari,Rural,Technical diploma or certificate not equal to degree,11372,7640,3732,5556,4460,1096,911,649,262,577,390,187,4905,2531,2374,2375,1251,1124
B0103,33,629,District - Kanniyakumari,Rural,Graduate and above other than technical degree,16044,7217,8827,6603,4699,1904,1159,578,581,753,334,419,8282,1940,6342,3705,827,2878
B0103,33,629,District - Kanniyakumari,Rural,Technical degree or diploma equal to degree or post-graduate degree,6452,3474,2978,2599,1698,901,420,235,185,305,166,139,3433,1541,1892,1817,841,976
B0103,33,629,District - Kanniyakumari,Urban,Total,1539802,761407,778395,451686,365304,86382,102518,64417,38101,39701,24497,15204,985598,331686,653912,130783,42337,88446
B0103,33,629,District - Kanniyakumari,Urban,Illiterate,260444,117298,143146,29398,20384,9014,10039,5199,4840,1914,994,920,221007,91715,129292,3982,953,3029
B0103,33,629,District - Kanniyakumari,Urban,Literate,1279358,644109,635249,422288,344920,77368,92479,59218,33261,37787,23503,14284,764591,239971,524620,126801,41384,85417
B0103,33,629,District - Kanniyakumari,Urban,Literate but below matric/secondary,606255,304156,302099,175581,147801,27780,41621,27104,14517,11907,8016,3891,389053,129251,259802,24258,5949,18309
B0103,33,629,District - Kanniyakumari,Urban,Matric/secondary but below graduate,416175,207063,209112,134453,115385,19068,31417,20758,10659,14461,9226,5235,250305,70920,179385,55847,18947,36900
B0103,33,629,District - Kanniyakumari,Urban,Technical diploma or certificate not equal to degree,58404,38497,19907,29078,22949,6129,4967,3577,1390,3295,2307,988,24359,11971,12388,10655,5633,5022
B0103,33,629,District - Kanniyakumari,Urban,Graduate and above other than technical degree,100757,46197,54560,44513,31206,13307,6701,3340,3361,4268,1843,2425,49543,11651,37892,19929,4558,15371
B0103,33,629,District - Kanniyakumari,Urban,Technical degree or diploma equal to degree or post-graduate degree,42523,22201,20322,18530,11801,6729,2798,1446,1352,2055,1031,1024,21195,8954,12241,10786,4674,6112
B0103,33,630,District - Dharmapuri,Total,Total,1506843,774303,732540,652996,400551,252445,98174,45506,52668,35060,18007,17053,755673,328246,427427,51617,20998,30619
B0103,33,630,District - Dharmapuri,Total,Illiterate,589134,246704,342430,260663,119858,140805,45207,15012,30195,14125,5138,8987,283264,111834,171430,5756,993,4763
B0103,33,630,District - Dharmapuri,Total,Literate,917709,527599,390110,392333,280693,111640,52967,30494,22473,20935,12869,8066,472409,216412,255997,45861,20005,25856
B0103,33,630,District - Dharmapuri,Total,Literate but below matric/secondary,540550,308372,232178,218882,154739,64143,31761,17882,13879,11330,6841,4489,289907,135751,154156,11416,4117,7299
B0103,33,630,District - Dharmapuri,Total,Matric/secondary but below graduate,251507,140445,111062,104273,75349,28924,13671,7771,5900,5767,3465,2302,133563,57325,76238,18602,7952,10650
B0103,33,630,District - Dharmapuri,Total,Technical diploma or certificate not equal to degree,23910,16407,7503,12608,10003,2605,1377,972,405,824,572,252,9925,5432,4493,3617,1898,1719
B0103,33,630,District - Dharmapuri,Total,Graduate and above other than technical degree,45700,28940,16760,26243,19595,6648,2234,1529,705,1323,919,404,17223,7816,9407,6286,2900,3386
B0103,33,630,District - Dharmapuri,Total,Technical degree or diploma equal to degree or post-graduate degree,21431,14092,7339,10387,7643,2744,1006,672,334,644,430,214,10038,5777,4261,4321,2474,1847
B0103,33,630,District - Dharmapuri,Rural,Total,1245931,643215,602716,558125,333117,225008,87952,39992,47960,31969,16091,15878,599854,270106,329748,36780,15744,21036
B0103,33,630,District - Dharmapuri,Rural,Illiterate,518146,217916,300230,240198,109581,130617,42052,13872,28180,13528,4872,8656,235896,94463,141433,4760,786,3974
B0103,33,630,District - Dharmapuri,Rural,Literate,727785,425299,302486,317927,223536,94391,45900,26120,19780,18441,11219,7222,363958,175643,188315,32020,14958,17062
B0103,33,630,District - Dharmapuri,Rural,Literate but below matric/secondary,448148,259091,189057,187575,130228,57347,28294,15809,12485,10383,6198,4185,232279,113054,119225,8614,3252,5362
B0103,33,630,District - Dharmapuri,Rural,Matric/secondary but below graduate,194998,110923,84075,83693,58882,24811,11760,6555,5205,5051,3000,2051,99545,45486,54059,13451,6119,7332
B0103,33,630,District - Dharmapuri,Rural,Technical diploma or certificate not equal to degree,17047,11923,5124,8883,7028,1855,1096,767,329,662,460,202,7068,4128,2940,2480,1370,1110
B0103,33,630,District - Dharmapuri,Rural,Graduate and above other than technical degree,28043,19095,8948,15728,12219,3509,1602,1135,467,1006,724,282,10713,5741,4972,3895,2150,1745
B0103,33,630,District - Dharmapuri,Rural,Technical degree or diploma equal to degree or post-graduate degree,12736,8834,3902,5821,4450,1371,682,462,220,445,302,143,6233,3922,2311,2524,1584,940
B0103,33,630,District - Dharmapuri,Urban,Total,260912,131088,129824,94871,67434,27437,10222,5514,4708,3091,1916,1175,155819,58140,97679,14837,5254,9583
B0103,33,630,District - Dharmapuri,Urban,Illiterate,70988,28788,42200,20465,10277,10188,3155,1140,2015,597,266,331,47368,17371,29997,996,207,789
B0103,33,630,District - Dharmapuri,Urban,Literate,189924,102300,87624,74406,57157,17249,7067,4374,2693,2494,1650,844,108451,40769,67682,13841,5047,8794
B0103,33,630,District - Dharmapuri,Urban,Literate but below matric/secondary,92402,49281,43121,31307,24511,6796,3467,2073,1394,947,643,304,57628,22697,34931,2802,865,1937
B0103,33,630,District - Dharmapuri,Urban,Matric/secondary but below graduate,56509,29522,26987,20580,16467,4113,1911,1216,695,716,465,251,34018,11839,22179,5151,1833,3318
B0103,33,630,District - Dharmapuri,Urban,Technical diploma or certificate not equal to degree,6863,4484,2379,3725,2975,750,281,205,76,162,112,50,2857,1304,1553,1137,528,609
B0103,33,630,District - Dharmapuri,Urban,Graduate and above other than technical degree,17657,9845,7812,10515,7376,3139,632,394,238,317,195,122,6510,2075,4435,2391,750,1641
B0103,33,630,District - Dharmapuri,Urban,Technical degree or diploma equal to degree or post-graduate degree,8695,5258,3437,4566,3193,1373,324,210,114,199,128,71,3805,1855,1950,1797,890,907
B0103,33,631,District - Krishnagiri,Total,Total,1879809,960232,919577,742001,494409,247592,135778,67225,68553,38764,21444,17320,1002030,398598,603432,60841,24757,36084
B0103,33,631,District - Krishnagiri,Total,Illiterate,691851,293170,398681,258573,129417,129156,57923,21373,36550,12956,5308,7648,375355,142380,232975,7123,1378,5745
B0103,33,631,District - Krishnagiri,Total,Literate,1187958,667062,520896,483428,364992,118436,77855,45852,32003,25808,16136,9672,626675,256218,370457,53718,23379,30339
B0103,33,631,District - Krishnagiri,Total,Literate but below matric/secondary,663290,366671,296619,237641,174887,62754,44429,25595,18834,13220,8247,4973,381220,166189,215031,14077,5454,8623
B0103,33,631,District - Krishnagiri,Total,Matric/secondary but below graduate,358255,199888,158367,154226,120023,34203,22961,13871,9090,8264,5207,3057,181068,65994,115074,24553,11292,13261
B0103,33,631,District - Krishnagiri,Total,Technical diploma or certificate not equal to degree,32121,23374,8747,19475,16747,2728,1628,1118,510,876,562,314,11018,5509,5509,3374,1649,1725
B0103,33,631,District - Krishnagiri,Total,Graduate and above other than technical degree,56837,32227,24610,32201,23999,8202,2438,1498,940,1192,691,501,22198,6730,15468,5747,2110,3637
B0103,33,631,District - Krishnagiri,Total,Technical degree or diploma equal to degree or post-graduate degree,26460,16747,9713,14468,10794,3674,1102,731,371,644,414,230,10890,5222,5668,3780,1981,1799
B0103,33,631,District - Krishnagiri,Rural,Total,1451446,742444,709002,593454,378263,215191,121685,59051,62634,34690,18950,15740,736307,305130,431177,44138,18863,25275
B0103,33,631,District - Krishnagiri,Rural,Illiterate,586187,247726,338461,236031,116133,119898,54324,19823,34501,12288,4964,7324,295832,111770,184062,6022,1152,4870
B0103,33,631,District - Krishnagiri,Rural,Literate,865259,494718,370541,357423,262130,95293,67361,39228,28133,22402,13986,8416,440475,193360,247115,38116,17711,20405
B0103,33,631,District - Krishnagiri,Rural,Literate but below matric/secondary,522156,294274,227882,198007,142626,55381,39997,22816,17181,12072,7455,4617,284152,128832,155320,10910,4292,6618
B0103,33,631,District - Krishnagiri,Rural,Matric/secondary but below graduate,253097,144761,108336,112739,84628,28111,19445,11583,7862,7057,4430,2627,120913,48550,72363,18304,8956,9348
B0103,33,631,District - Krishnagiri,Rural,Technical diploma or certificate not equal to degree,16360,11252,5108,8372,6758,1614,1138,769,369,672,437,235,6850,3725,3125,2276,1171,1105
B0103,33,631,District - Krishnagiri,Rural,Graduate and above other than technical degree,25405,15970,9435,13950,10629,3321,1509,1002,507,777,507,270,9946,4339,5607,3188,1488,1700
B0103,33,631,District - Krishnagiri,Rural,Technical degree or diploma equal to degree or post-graduate degree,11256,7374,3882,5373,3979,1394,607,407,200,380,249,131,5276,2988,2288,1958,1147,811
B0103,33,631,District - Krishnagiri,Urban,Total,428363,217788,210575,148547,116146,32401,14093,8174,5919,4074,2494,1580,265723,93468,172255,16703,5894,10809
B0103,33,631,District - Krishnagiri,Urban,Illiterate,105664,45444,60220,22542,13284,9258,3599,1550,2049,668,344,324,79523,30610,48913,1101,226,875
B0103,33,631,District - Krishnagiri,Urban,Literate,322699,172344,150355,126005,102862,23143,10494,6624,3870,3406,2150,1256,186200,62858,123342,15602,5668,9934
B0103,33,631,District - Krishnagiri,Urban,Literate but below matric/secondary,141134,72397,68737,39634,32261,7373,4432,2779,1653,1148,792,356,97068,37357,59711,3167,1162,2005
B0103,33,631,District - Krishnagiri,Urban,Matric/secondary but below graduate,105158,55127,50031,41487,35395,6092,3516,2288,1228,1207,777,430,60155,17444,42711,6249,2336,3913
B0103,33,631,District - Krishnagiri,Urban,Technical diploma or certificate not equal to degree,15761,12122,3639,11103,9989,1114,490,349,141,204,125,79,4168,1784,2384,1098,478,620
B0103,33,631,District - Krishnagiri,Urban,Graduate and above other than technical degree,31432,16257,15175,18251,13370,4881,929,496,433,415,184,231,12252,2391,9861,2559,622,1937
B0103,33,631,District - Krishnagiri,Urban,Technical degree or diploma equal to degree or post-graduate degree,15204,9373,5831,9095,6815,2280,495,324,171,264,165,99,5614,2234,3380,1822,834,988
B0103,33,632,District - Coimbatore,Total,Total,3458045,1729297,1728748,1443252,1022328,420924,124698,60797,63901,35310,18385,16925,1890095,646172,1243923,127643,42044,85599
B0103,33,632,District - Coimbatore,Total,Illiterate,822138,334507,487631,253359,122504,130855,35249,12298,22951,6958,2649,4309,533530,199705,333825,8288,1511,6777
B0103,33,632,District - Coimbatore,Total,Literate,2635907,1394790,1241117,1189893,899824,290069,89449,48499,40950,28352,15736,12616,1356565,446467,910098,119355,40533,78822
B0103,33,632,District - Coimbatore,Total,Literate but below matric/secondary,1255514,656797,598717,505128,377007,128121,44355,23652,20703,11271,6427,4844,706031,256138,449893,28831,8401,20430
B0103,33,632,District - Coimbatore,Total,Matric/secondary but below graduate,810994,418197,392797,350665,276158,74507,25813,14155,11658,9133,5004,4129,434516,127884,306632,50270,17916,32354
B0103,33,632,District - Coimbatore,Total,Technical diploma or certificate not equal to degree,87765,67144,20621,61537,53808,7729,2744,2007,737,1250,875,375,23484,11329,12155,5579,2819,2760
B0103,33,632,District - Coimbatore,Total,Graduate and above other than technical degree,269627,135240,134387,154046,108180,45866,7525,3706,3819,3380,1536,1844,108056,23354,84702,19887,5144,14743
B0103,33,632,District - Coimbatore,Total,Technical degree or diploma equal to degree or post-graduate degree,109320,65576,43744,66588,47672,18916,3477,2005,1472,1800,1025,775,39255,15899,23356,10717,4934,5783
B0103,33,632,District - Coimbatore,Rural,Total,839105,419032,420073,406615,257488,149127,45874,20323,25551,12311,6419,5892,386616,141221,245395,26082,8963,17119
B0103,33,632,District - Coimbatore,Rural,Illiterate,284140,113314,170826,127660,58947,68713,19099,6241,12858,3915,1470,2445,137381,48126,89255,2556,439,2117
B0103,33,632,District - Coimbatore,Rural,Literate,554965,305718,249247,278955,198541,80414,26775,14082,12693,8396,4949,3447,249235,93095,156140,23526,8524,15002
B0103,33,632,District - Coimbatore,Rural,Literate but below matric/secondary,326573,177264,149309,158346,109087,49259,16068,8154,7914,4278,2500,1778,152159,60023,92136,6861,2054,4807
B0103,33,632,District - Coimbatore,Rural,Matric/secondary but below graduate,149552,82035,67517,73438,54904,18534,6551,3594,2957,2450,1424,1026,69563,23537,46026,10330,3875,6455
B0103,33,632,District - Coimbatore,Rural,Technical diploma or certificate not equal to degree,12812,9963,2849,8558,7534,1024,585,428,157,329,243,86,3669,2001,1668,1139,594,545
B0103,33,632,District - Coimbatore,Rural,Graduate and above other than technical degree,28562,15483,13079,16979,12257,4722,1099,602,497,552,304,248,10484,2624,7860,2815,869,1946
B0103,33,632,District - Coimbatore,Rural,Technical degree or diploma equal to degree or post-graduate degree,10963,6693,4270,6180,4431,1749,481,302,179,264,181,83,4302,1960,2342,1463,768,695
B0103,33,632,District - Coimbatore,Urban,Total,2618940,1310265,1308675,1036637,764840,271797,78824,40474,38350,22999,11966,11033,1503479,504951,998528,101561,33081,68480
B0103,33,632,District - Coimbatore,Urban,Illiterate,537998,221193,316805,125699,63557,62142,16150,6057,10093,3043,1179,1864,396149,151579,244570,5732,1072,4660
B0103,33,632,District - Coimbatore,Urban,Literate,2080942,1089072,991870,910938,701283,209655,62674,34417,28257,19956,10787,9169,1107330,353372,753958,95829,32009,63820
B0103,33,632,District - Coimbatore,Urban,Literate but below matric/secondary,928941,479533,449408,346782,267920,78862,28287,15498,12789,6993,3927,3066,553872,196115,357757,21970,6347,15623
B0103,33,632,District - Coimbatore,Urban,Matric/secondary but below graduate,661442,336162,325280,277227,221254,55973,19262,10561,8701,6683,3580,3103,364953,104347,260606,39940,14041,25899
B0103,33,632,District - Coimbatore,Urban,Technical diploma or certificate not equal to degree,74953,57181,17772,52979,46274,6705,2159,1579,580,921,632,289,19815,9328,10487,4440,2225,2215
B0103,33,632,District - Coimbatore,Urban,Graduate and above other than technical degree,241065,119757,121308,137067,95923,41144,6426,3104,3322,2828,1232,1596,97572,20730,76842,17072,4275,12797
B0103,33,632,District - Coimbatore,Urban,Technical degree or diploma equal to degree or post-graduate degree,98357,58883,39474,60408,43241,17167,2996,1703,1293,1536,844,692,34953,13939,21014,9254,4166,5088
B0103,33,633,District - Tiruppur,Total,Total,2479052,1246159,1232893,1168596,772253,396343,97541,47530,50011,22369,11390,10979,1212915,426376,786539,60928,19195,41733
B0103,33,633,District - Tiruppur,Total,Illiterate,718486,286536,431950,274177,121765,152412,32440,10843,21597,5757,2065,3692,411869,153928,257941,5348,908,4440
B0103,33,633,District - Tiruppur,Total,Literate,1760566,959623,800943,894419,650488,243931,65101,36687,28414,16612,9325,7287,801046,272448,528598,55580,18287,37293
B0103,33,633,District - Tiruppur,Total,Literate but below matric/secondary,998774,538140,460634,481244,338515,142729,36687,20155,16532,7758,4344,3414,480843,179470,301373,16372,4397,11975
B0103,33,633,District - Tiruppur,Total,Matric/secondary but below graduate,473639,259246,214393,240883,183975,56908,15680,9278,6402,4521,2607,1914,217076,65993,151083,22108,7923,14185
B0103,33,633,District - Tiruppur,Total,Technical diploma or certificate not equal to degree,32154,23193,8961,21111,17938,3173,1222,841,381,535,341,194,9821,4414,5407,2303,1021,1282
B0103,33,633,District - Tiruppur,Total,Graduate and above other than technical degree,107071,58556,48515,64253,48855,15398,3410,1966,1444,1378,714,664,39408,7735,31673,7330,2095,5235
B0103,33,633,District - Tiruppur,Total,Technical degree or diploma equal to degree or post-graduate degree,33586,19706,13880,18524,13488,5036,1278,764,514,681,387,294,13784,5454,8330,3943,1894,2049
B0103,33,633,District - Tiruppur,Rural,Total,957941,479309,478632,500054,300944,199110,48504,21802,26702,11927,5940,5987,409383,156563,252820,23184,7906,15278
B0103,33,633,District - Tiruppur,Rural,Illiterate,346624,135875,210749,171099,72825,98274,21037,6790,14247,4182,1502,2680,154488,56260,98228,2467,465,2002
B0103,33,633,District - Tiruppur,Rural,Literate,611317,343434,267883,328955,228119,100836,27467,15012,12455,7745,4438,3307,254895,100303,154592,20717,7441,13276
B0103,33,633,District - Tiruppur,Rural,Literate but below matric/secondary,379116,212075,167041,200579,135670,64909,16828,9043,7785,4093,2365,1728,161709,67362,94347,6134,1861,4273
B0103,33,633,District - Tiruppur,Rural,Matric/secondary but below graduate,147316,82012,65304,76196,55334,20862,5773,3269,2504,1849,1044,805,65347,23409,41938,8517,3195,5322
B0103,33,633,District - Tiruppur,Rural,Technical diploma or certificate not equal to degree,9504,7041,2463,5972,5063,909,425,309,116,192,130,62,3107,1669,1438,904,424,480
B0103,33,633,District - Tiruppur,Rural,Graduate and above other than technical degree,25760,14494,11266,15491,11422,4069,1000,584,416,481,257,224,9269,2488,6781,2467,827,1640
B0103,33,633,District - Tiruppur,Rural,Technical degree or diploma equal to degree or post-graduate degree,9423,5607,3816,4946,3534,1412,393,247,146,202,123,79,4084,1826,2258,1447,712,735
B0103,33,633,District - Tiruppur,Urban,Total,1521111,766850,754261,668542,471309,197233,49037,25728,23309,10442,5450,4992,803532,269813,533719,37744,11289,26455
B0103,33,633,District - Tiruppur,Urban,Illiterate,371862,150661,221201,103078,48940,54138,11403,4053,7350,1575,563,1012,257381,97668,159713,2881,443,2438
B0103,33,633,District - Tiruppur,Urban,Literate,1149249,616189,533060,565464,422369,143095,37634,21675,15959,8867,4887,3980,546151,172145,374006,34863,10846,24017
B0103,33,633,District - Tiruppur,Urban,Literate but below matric/secondary,619658,326065,293593,280665,202845,77820,19859,11112,8747,3665,1979,1686,319134,112108,207026,10238,2536,7702
B0103,33,633,District - Tiruppur,Urban,Matric/secondary but below graduate,326323,177234,149089,164687,128641,36046,9907,6009,3898,2672,1563,1109,151729,42584,109145,13591,4728,8863
B0103,33,633,District - Tiruppur,Urban,Technical diploma or certificate not equal to degree,22650,16152,6498,15139,12875,2264,797,532,265,343,211,132,6714,2745,3969,1399,597,802
B0103,33,633,District - Tiruppur,Urban,Graduate and above other than technical degree,81311,44062,37249,48762,37433,11329,2410,1382,1028,897,457,440,30139,5247,24892,4863,1268,3595
B0103,33,633,District - Tiruppur,Urban,Technical degree or diploma equal to degree or post-graduate degree,24163,14099,10064,13578,9954,3624,885,517,368,479,264,215,9700,3628,6072,2496,1182,1314
B0103,34,634,District - Yanam,Total,Total,55626,27301,28325,15373,13233,2140,1387,814,573,510,335,175,38866,13254,25612,2184,973,1211
B0103,34,634,District - Yanam,Total,Illiterate,16352,7382,8970,3648,2934,714,524,266,258,148,79,69,12180,4182,7998,138,33,105
B0103,34,634,District - Yanam,Total,Literate,39274,19919,19355,11725,10299,1426,863,548,315,362,256,106,26686,9072,17614,2046,940,1106
B0103,34,634,District - Yanam,Total,Literate but below matric/secondary,22545,10333,12212,5127,4476,651,466,251,215,174,107,67,16952,5606,11346,604,184,420
B0103,34,634,District - Yanam,Total,Matric/secondary but below graduate,10317,5414,4903,3239,3001,238,217,156,61,102,77,25,6861,2257,4604,673,311,362
B0103,34,634,District - Yanam,Total,Technical diploma or certificate not equal to degree,1482,1213,269,801,738,63,56,53,3,34,33,1,625,422,203,235,172,63
B0103,34,634,District - Yanam,Total,Graduate and above other than technical degree,2695,1613,1082,1493,1224,269,57,42,15,24,19,5,1145,347,798,265,116,149
B0103,34,634,District - Yanam,Total,Technical degree or diploma equal to degree or post-graduate degree,1195,781,414,648,490,158,16,13,3,10,8,2,531,278,253,223,133,90
B0103,34,634,District - Yanam,Rural,Total,0,0,0,0,0,0,0,0,0,0,0,0,0,0,0,0,0,0
B0103,34,634,District - Yanam,Rural,Illiterate,0,0,0,0,0,0,0,0,0,0,0,0,0,0,0,0,0,0
B0103,34,634,District - Yanam,Rural,Literate,0,0,0,0,0,0,0,0,0,0,0,0,0,0,0,0,0,0
B0103,34,634,District - Yanam,Rural,Literate but below matric/secondary,0,0,0,0,0,0,0,0,0,0,0,0,0,0,0,0,0,0
B0103,34,634,District - Yanam,Rural,Matric/secondary but below graduate,0,0,0,0,0,0,0,0,0,0,0,0,0,0,0,0,0,0
B0103,34,634,District - Yanam,Rural,Technical diploma or certificate not equal to degree,0,0,0,0,0,0,0,0,0,0,0,0,0,0,0,0,0,0
B0103,34,634,District - Yanam,Rural,Graduate and above other than technical degree,0,0,0,0,0,0,0,0,0,0,0,0,0,0,0,0,0,0
B0103,34,634,District - Yanam,Rural,Technical degree or diploma equal to degree or post-graduate degree,0,0,0,0,0,0,0,0,0,0,0,0,0,0,0,0,0,0
B0103,34,634,District - Yanam,Urban,Total,55626,27301,28325,15373,13233,2140,1387,814,573,510,335,175,38866,13254,25612,2184,973,1211
B0103,34,634,District - Yanam,Urban,Illiterate,16352,7382,8970,3648,2934,714,524,266,258,148,79,69,12180,4182,7998,138,33,105
B0103,34,634,District - Yanam,Urban,Literate,39274,19919,19355,11725,10299,1426,863,548,315,362,256,106,26686,9072,17614,2046,940,1106
B0103,34,634,District - Yanam,Urban,Literate but below matric/secondary,22545,10333,12212,5127,4476,651,466,251,215,174,107,67,16952,5606,11346,604,184,420
B0103,34,634,District - Yanam,Urban,Matric/secondary but below graduate,10317,5414,4903,3239,3001,238,217,156,61,102,77,25,6861,2257,4604,673,311,362
B0103,34,634,District - Yanam,Urban,Technical diploma or certificate not equal to degree,1482,1213,269,801,738,63,56,53,3,34,33,1,625,422,203,235,172,63
B0103,34,634,District - Yanam,Urban,Graduate and above other than technical degree,2695,1613,1082,1493,1224,269,57,42,15,24,19,5,1145,347,798,265,116,149
B0103,34,634,District - Yanam,Urban,Technical degree or diploma equal to degree or post-graduate degree,1195,781,414,648,490,158,16,13,3,10,8,2,531,278,253,223,133,90
B0103,34,635,District - Puducherry,Total,Total,950289,468258,482031,315570,237953,77617,32535,18699,13836,11401,6902,4499,602184,211606,390578,48876,18141,30735
B0103,34,635,District - Puducherry,Total,Illiterate,223640,87312,136328,40505,20364,20141,8969,3306,5663,2282,903,1379,174166,63642,110524,2864,599,2265
B0103,34,635,District - Puducherry,Total,Literate,726649,380946,345703,275065,217589,57476,23566,15393,8173,9119,5999,3120,428018,147964,280054,46012,17542,28470
B0103,34,635,District - Puducherry,Total,Literate but below matric/secondary,334365,164788,169577,96256,75414,20842,11932,7474,4458,4017,2601,1416,226177,81900,144277,11046,3423,7623
B0103,34,635,District - Puducherry,Total,Matric/secondary but below graduate,227120,120902,106218,84617,71746,12871,7292,5174,2118,3119,2156,963,135211,43982,91229,17835,6984,10851
B0103,34,635,District - Puducherry,Total,Technical diploma or certificate not equal to degree,29048,20227,8821,17660,14377,3283,871,668,203,477,368,109,10517,5182,5335,3465,1925,1540
B0103,34,635,District - Puducherry,Total,Graduate and above other than technical degree,81563,45098,36465,47413,35568,11845,1588,975,613,737,416,321,32562,8555,24007,8009,2580,5429
B0103,34,635,District - Puducherry,Total,Technical degree or diploma equal to degree or post-graduate degree,34378,20370,14008,20461,14223,6238,799,471,328,395,240,155,13118,5676,7442,4414,2199,2215
B0103,34,635,District - Puducherry,Rural,Total,293080,144769,148311,93536,68214,25322,18944,10384,8560,6829,4043,2786,180600,66171,114429,15289,6044,9245
B0103,34,635,District - Puducherry,Rural,Illiterate,89299,34495,54804,20002,9643,10359,6542,2326,4216,1674,636,1038,62755,22526,40229,1208,242,966
B0103,34,635,District - Puducherry,Rural,Literate,203781,110274,93507,73534,58571,14963,12402,8058,4344,5155,3407,1748,117845,43645,74200,14081,5802,8279
B0103,34,635,District - Puducherry,Rural,Literate but below matric/secondary,107445,54880,52565,32481,24647,7834,6758,4062,2696,2477,1528,949,68206,26171,42035,3862,1240,2622
B0103,34,635,District - Puducherry,Rural,Matric/secondary but below graduate,65246,36280,28966,25207,21323,3884,3968,2871,1097,1829,1300,529,36071,12086,23985,6097,2516,3581
B0103,34,635,District - Puducherry,Rural,Technical diploma or certificate not equal to degree,8318,6085,2233,4370,3727,643,408,329,79,245,199,46,3540,2029,1511,1301,811,490
B0103,34,635,District - Puducherry,Rural,Graduate and above other than technical degree,12104,7147,4957,6470,5179,1291,481,342,139,272,183,89,5153,1626,3527,1683,700,983
B0103,34,635,District - Puducherry,Rural,Technical degree or diploma equal to degree or post-graduate degree,4623,2792,1831,2286,1669,617,163,112,51,97,68,29,2174,1011,1163,773,401,372
B0103,34,635,District - Puducherry,Urban,Total,657209,323489,333720,222034,169739,52295,13591,8315,5276,4572,2859,1713,421584,145435,276149,33587,12097,21490
B0103,34,635,District - Puducherry,Urban,Illiterate,134341,52817,81524,20503,10721,9782,2427,980,1447,608,267,341,111411,41116,70295,1656,357,1299
B0103,34,635,District - Puducherry,Urban,Literate,522868,270672,252196,201531,159018,42513,11164,7335,3829,3964,2592,1372,310173,104319,205854,31931,11740,20191
B0103,34,635,District - Puducherry,Urban,Literate but below matric/secondary,226920,109908,117012,63775,50767,13008,5174,3412,1762,1540,1073,467,157971,55729,102242,7184,2183,5001
B0103,34,635,District - Puducherry,Urban,Matric/secondary but below graduate,161874,84622,77252,59410,50423,8987,3324,2303,1021,1290,856,434,99140,31896,67244,11738,4468,7270
B0103,34,635,District - Puducherry,Urban,Technical diploma or certificate not equal to degree,20730,14142,6588,13290,10650,2640,463,339,124,232,169,63,6977,3153,3824,2164,1114,1050
B0103,34,635,District - Puducherry,Urban,Graduate and above other than technical degree,69459,37951,31508,40943,30389,10554,1107,633,474,465,233,232,27409,6929,20480,6326,1880,4446
B0103,34,635,District - Puducherry,Urban,Technical degree or diploma equal to degree or post-graduate degree,29755,17578,12177,18175,12554,5621,636,359,277,298,172,126,10944,4665,6279,3641,1798,1843
B0103,34,636,District - Mahe,Total,Total,41816,19143,22673,10404,8295,2109,1398,798,600,847,456,391,30014,10050,19964,5414,1728,3686
B0103,34,636,District - Mahe,Total,Illiterate,5346,2533,2813,100,58,42,19,7,12,6,1,5,5227,2468,2759,64,29,35
B0103,34,636,District - Mahe,Total,Literate,36470,16610,19860,10304,8237,2067,1379,791,588,841,455,386,24787,7582,17205,5350,1699,3651
B0103,34,636,District - Mahe,Total,Literate but below matric/secondary,16519,7627,8892,3670,3147,523,430,274,156,187,120,67,12419,4206,8213,979,315,664
B0103,34,636,District - Mahe,Total,Matric/secondary but below graduate,13003,5955,7048,3866,3289,577,543,328,215,342,206,136,8594,2338,6256,2573,883,1690
B0103,34,636,District - Mahe,Total,Technical diploma or certificate not equal to degree,1150,678,472,471,309,162,103,63,40,87,52,35,576,306,270,350,179,171
B0103,34,636,District - Mahe,Total,Graduate and above other than technical degree,3203,1222,1981,1288,840,448,175,63,112,127,33,94,1740,319,1421,950,165,785
B0103,34,636,District - Mahe,Total,Technical degree or diploma equal to degree or post-graduate degree,993,429,564,479,247,232,63,28,35,54,21,33,451,154,297,272,86,186
B0103,34,636,District - Mahe,Rural,Total,0,0,0,0,0,0,0,0,0,0,0,0,0,0,0,0,0,0
B0103,34,636,District - Mahe,Rural,Illiterate,0,0,0,0,0,0,0,0,0,0,0,0,0,0,0,0,0,0
B0103,34,636,District - Mahe,Rural,Literate,0,0,0,0,0,0,0,0,0,0,0,0,0,0,0,0,0,0
B0103,34,636,District - Mahe,Rural,Literate but below matric/secondary,0,0,0,0,0,0,0,0,0,0,0,0,0,0,0,0,0,0
B0103,34,636,District - Mahe,Rural,Matric/secondary but below graduate,0,0,0,0,0,0,0,0,0,0,0,0,0,0,0,0,0,0
B0103,34,636,District - Mahe,Rural,Technical diploma or certificate not equal to degree,0,0,0,0,0,0,0,0,0,0,0,0,0,0,0,0,0,0
B0103,34,636,District - Mahe,Rural,Graduate and above other than technical degree,0,0,0,0,0,0,0,0,0,0,0,0,0,0,0,0,0,0
B0103,34,636,District - Mahe,Rural,Technical degree or diploma equal to degree or post-graduate degree,0,0,0,0,0,0,0,0,0,0,0,0,0,0,0,0,0,0
B0103,34,636,District - Mahe,Urban,Total,41816,19143,22673,10404,8295,2109,1398,798,600,847,456,391,30014,10050,19964,5414,1728,3686
B0103,34,636,District - Mahe,Urban,Illiterate,5346,2533,2813,100,58,42,19,7,12,6,1,5,5227,2468,2759,64,29,35
B0103,34,636,District - Mahe,Urban,Literate,36470,16610,19860,10304,8237,2067,1379,791,588,841,455,386,24787,7582,17205,5350,1699,3651
B0103,34,636,District - Mahe,Urban,Literate but below matric/secondary,16519,7627,8892,3670,3147,523,430,274,156,187,120,67,12419,4206,8213,979,315,664
B0103,34,636,District - Mahe,Urban,Matric/secondary but below graduate,13003,5955,7048,3866,3289,577,543,328,215,342,206,136,8594,2338,6256,2573,883,1690
B0103,34,636,District - Mahe,Urban,Technical diploma or certificate not equal to degree,1150,678,472,471,309,162,103,63,40,87,52,35,576,306,270,350,179,171
B0103,34,636,District - Mahe,Urban,Graduate and above other than technical degree,3203,1222,1981,1288,840,448,175,63,112,127,33,94,1740,319,1421,950,165,785
B0103,34,636,District - Mahe,Urban,Technical degree or diploma equal to degree or post-graduate degree,993,429,564,479,247,232,63,28,35,54,21,33,451,154,297,272,86,186
B0103,34,637,District - Karaikal,Total,Total,200222,97809,102413,58342,46928,11414,9959,6211,3748,4048,2773,1275,131921,44670,87251,12191,4281,7910
B0103,34,637,District - Karaikal,Total,Illiterate,45306,17906,27400,5800,2886,2914,2297,855,1442,620,265,355,37209,14165,23044,644,118,526
B0103,34,637,District - Karaikal,Total,Literate,154916,79903,75013,52542,44042,8500,7662,5356,2306,3428,2508,920,94712,30505,64207,11547,4163,7384
B0103,34,637,District - Karaikal,Total,Literate but below matric/secondary,78781,37301,41480,20537,17060,3477,4261,2800,1461,1572,1123,449,53983,17441,36542,3126,758,2368
B0103,34,637,District - Karaikal,Total,Matric/secondary but below graduate,46540,24988,21552,16483,14681,1802,2231,1711,520,1113,841,272,27826,8596,19230,4276,1582,2694
B0103,34,637,District - Karaikal,Total,Technical diploma or certificate not equal to degree,7636,5647,1989,4262,3661,601,356,298,58,245,203,42,3018,1688,1330,1219,741,478
B0103,34,637,District - Karaikal,Total,Graduate and above other than technical degree,12965,6889,6076,6886,5302,1584,434,291,143,276,183,93,5645,1296,4349,1705,503,1202
B0103,34,637,District - Karaikal,Total,Technical degree or diploma equal to degree or post-graduate degree,5037,3080,1957,2799,2067,732,151,101,50,114,78,36,2087,912,1175,896,461,435
B0103,34,637,District - Karaikal,Rural,Total,102120,50138,51982,28652,22854,5798,6744,4253,2491,2483,1727,756,66724,23031,43693,6814,2394,4420
B0103,34,637,District - Karaikal,Rural,Illiterate,25019,9922,15097,3316,1659,1657,1636,617,1019,397,177,220,20067,7646,12421,414,66,348
B0103,34,637,District - Karaikal,Rural,Literate,77101,40216,36885,25336,21195,4141,5108,3636,1472,2086,1550,536,46657,15385,31272,6400,2328,4072
B0103,34,637,District - Karaikal,Rural,Literate but below matric/secondary,41493,20072,21421,10993,9000,1993,3005,1994,1011,1026,728,298,27495,9078,18417,1922,471,1451
B0103,34,637,District - Karaikal,Rural,Matric/secondary but below graduate,23216,12709,10507,8332,7420,912,1450,1143,307,658,506,152,13434,4146,9288,2418,897,1521
B0103,34,637,District - Karaikal,Rural,Technical diploma or certificate not equal to degree,3801,2779,1022,1910,1634,276,236,201,35,161,136,25,1655,944,711,722,435,287
B0103,34,637,District - Karaikal,Rural,Graduate and above other than technical degree,5044,2727,2317,2558,1982,576,222,164,58,130,97,33,2264,581,1683,802,270,532
B0103,34,637,District - Karaikal,Rural,Technical degree or diploma equal to degree or post-graduate degree,1673,954,719,829,564,265,45,30,15,35,25,10,799,360,439,370,196,174
B0103,34,637,District - Karaikal,Urban,Total,98102,47671,50431,29690,24074,5616,3215,1958,1257,1565,1046,519,65197,21639,43558,5377,1887,3490
B0103,34,637,District - Karaikal,Urban,Illiterate,20287,7984,12303,2484,1227,1257,661,238,423,223,88,135,17142,6519,10623,230,52,178
B0103,34,637,District - Karaikal,Urban,Literate,77815,39687,38128,27206,22847,4359,2554,1720,834,1342,958,384,48055,15120,32935,5147,1835,3312
B0103,34,637,District - Karaikal,Urban,Literate but below matric/secondary,37288,17229,20059,9544,8060,1484,1256,806,450,546,395,151,26488,8363,18125,1204,287,917
B0103,34,637,District - Karaikal,Urban,Matric/secondary but below graduate,23324,12279,11045,8151,7261,890,781,568,213,455,335,120,14392,4450,9942,1858,685,1173
B0103,34,637,District - Karaikal,Urban,Technical diploma or certificate not equal to degree,3835,2868,967,2352,2027,325,120,97,23,84,67,17,1363,744,619,497,306,191
B0103,34,637,District - Karaikal,Urban,Graduate and above other than technical degree,7921,4162,3759,4328,3320,1008,212,127,85,146,86,60,3381,715,2666,903,233,670
B0103,34,637,District - Karaikal,Urban,Technical degree or diploma equal to degree or post-graduate degree,3364,2126,1238,1970,1503,467,106,71,35,79,53,26,1288,552,736,526,265,261
B0103,35,638,District - Nicobars,Total,Total,36842,20727,16115,9651,7948,1703,7474,4766,2708,2488,1693,795,19717,8013,11704,2861,1122,1739
B0103,35,638,District - Nicobars,Total,Illiterate,11510,5330,6180,1275,940,335,1938,1079,859,329,208,121,8297,3311,4986,253,66,187
B0103,35,638,District - Nicobars,Total,Literate,25332,15397,9935,8376,7008,1368,5536,3687,1849,2159,1485,674,11420,4702,6718,2608,1056,1552
B0103,35,638,District - Nicobars,Total,Literate but below matric/secondary,17046,10269,6777,4414,3792,622,4118,2832,1286,1454,1064,390,8514,3645,4869,1409,633,776
B0103,35,638,District - Nicobars,Total,Matric/secondary but below graduate,6362,3789,2573,2541,2094,447,1250,753,497,631,377,254,2571,942,1629,1046,377,669
B0103,35,638,District - Nicobars,Total,Technical diploma or certificate not equal to degree,267,156,111,233,151,82,6,1,5,3,1,2,28,4,24,22,4,18
B0103,35,638,District - Nicobars,Total,Graduate and above other than technical degree,856,646,210,695,599,96,39,19,20,32,15,17,122,28,94,73,15,58
B0103,35,638,District - Nicobars,Total,Technical degree or diploma equal to degree or post-graduate degree,285,194,91,258,179,79,3,2,1,3,2,1,24,13,11,15,8,7
B0103,35,638,District - Nicobars,Rural,Total,36842,20727,16115,9651,7948,1703,7474,4766,2708,2488,1693,795,19717,8013,11704,2861,1122,1739
B0103,35,638,District - Nicobars,Rural,Illiterate,11510,5330,6180,1275,940,335,1938,1079,859,329,208,121,8297,3311,4986,253,66,187
B0103,35,638,District - Nicobars,Rural,Literate,25332,15397,9935,8376,7008,1368,5536,3687,1849,2159,1485,674,11420,4702,6718,2608,1056,1552
B0103,35,638,District - Nicobars,Rural,Literate but below matric/secondary,17046,10269,6777,4414,3792,622,4118,2832,1286,1454,1064,390,8514,3645,4869,1409,633,776
B0103,35,638,District - Nicobars,Rural,Matric/secondary but below graduate,6362,3789,2573,2541,2094,447,1250,753,497,631,377,254,2571,942,1629,1046,377,669
B0103,35,638,District - Nicobars,Rural,Technical diploma or certificate not equal to degree,267,156,111,233,151,82,6,1,5,3,1,2,28,4,24,22,4,18
B0103,35,638,District - Nicobars,Rural,Graduate and above other than technical degree,856,646,210,695,599,96,39,19,20,32,15,17,122,28,94,73,15,58
B0103,35,638,District - Nicobars,Rural,Technical degree or diploma equal to degree or post-graduate degree,285,194,91,258,179,79,3,2,1,3,2,1,24,13,11,15,8,7
B0103,35,638,District - Nicobars,Urban,Total,0,0,0,0,0,0,0,0,0,0,0,0,0,0,0,0,0,0
B0103,35,638,District - Nicobars,Urban,Illiterate,0,0,0,0,0,0,0,0,0,0,0,0,0,0,0,0,0,0
B0103,35,638,District - Nicobars,Urban,Literate,0,0,0,0,0,0,0,0,0,0,0,0,0,0,0,0,0,0
B0103,35,638,District - Nicobars,Urban,Literate but below matric/secondary,0,0,0,0,0,0,0,0,0,0,0,0,0,0,0,0,0,0
B0103,35,638,District - Nicobars,Urban,Matric/secondary but below graduate,0,0,0,0,0,0,0,0,0,0,0,0,0,0,0,0,0,0
B0103,35,638,District - Nicobars,Urban,Technical diploma or certificate not equal to degree,0,0,0,0,0,0,0,0,0,0,0,0,0,0,0,0,0,0
B0103,35,638,District - Nicobars,Urban,Graduate and above other than technical degree,0,0,0,0,0,0,0,0,0,0,0,0,0,0,0,0,0,0
B0103,35,638,District - Nicobars,Urban,Technical degree or diploma equal to degree or post-graduate degree,0,0,0,0,0,0,0,0,0,0,0,0,0,0,0,0,0,0
B0103,35,639,District - North  & Middle Andaman,Total,Total,105597,54861,50736,31038,25899,5139,7541,4713,2828,3771,2776,995,67018,24249,42769,9496,3192,6304
B0103,35,639,District - North  & Middle Andaman,Total,Illiterate,26914,11675,15239,4397,3330,1067,1366,519,847,436,212,224,21151,7826,13325,676,116,560
B0103,35,639,District - North  & Middle Andaman,Total,Literate,78683,43186,35497,26641,22569,4072,6175,4194,1981,3335,2564,771,45867,16423,29444,8820,3076,5744
B0103,35,639,District - North  & Middle Andaman,Total,Literate but below matric/secondary,56359,30657,25702,16806,14902,1904,4770,3166,1604,2370,1840,530,34783,12589,22194,4284,1381,2903
B0103,35,639,District - North  & Middle Andaman,Total,Matric/secondary but below graduate,16259,9061,7198,6006,4994,1012,1037,777,260,727,557,170,9216,3290,5926,3561,1396,2165
B0103,35,639,District - North  & Middle Andaman,Total,Technical diploma or certificate not equal to degree,966,490,476,691,384,307,40,20,20,31,14,17,235,86,149,176,61,115
B0103,35,639,District - North  & Middle Andaman,Total,Graduate and above other than technical degree,3055,1781,1274,1970,1419,551,157,118,39,121,90,31,928,244,684,585,159,426
B0103,35,639,District - North  & Middle Andaman,Total,Technical degree or diploma equal to degree or post-graduate degree,808,518,290,673,457,216,19,14,5,17,12,5,116,47,69,77,29,48
B0103,35,639,District - North  & Middle Andaman,Rural,Total,102856,53457,49399,30162,25210,4952,7383,4614,2769,3663,2703,960,65311,23633,41678,9196,3090,6106
B0103,35,639,District - North  & Middle Andaman,Rural,Illiterate,26235,11401,14834,4283,3262,1021,1323,501,822,412,203,209,20629,7638,12991,665,115,550
B0103,35,639,District - North  & Middle Andaman,Rural,Literate,76621,42056,34565,25879,21948,3931,6060,4113,1947,3251,2500,751,44682,15995,28687,8531,2975,5556
B0103,35,639,District - North  & Middle Andaman,Rural,Literate but below matric/secondary,55047,29943,25104,16377,14540,1837,4698,3115,1583,2318,1799,519,33972,12288,21684,4170,1350,2820
B0103,35,639,District - North  & Middle Andaman,Rural,Matric/secondary but below graduate,15760,8782,6978,5814,4833,981,1014,759,255,708,541,167,8932,3190,5742,3429,1343,2086
B0103,35,639,District - North  & Middle Andaman,Rural,Technical diploma or certificate not equal to degree,915,462,453,665,368,297,37,17,20,29,12,17,213,77,136,160,54,106
B0103,35,639,District - North  & Middle Andaman,Rural,Graduate and above other than technical degree,2974,1740,1234,1918,1385,533,150,115,35,116,88,28,906,240,666,571,155,416
B0103,35,639,District - North  & Middle Andaman,Rural,Technical degree or diploma equal to degree or post-graduate degree,784,504,280,654,446,208,17,13,4,15,11,4,113,45,68,74,27,47
B0103,35,639,District - North  & Middle Andaman,Urban,Total,2741,1404,1337,876,689,187,158,99,59,108,73,35,1707,616,1091,300,102,198
B0103,35,639,District - North  & Middle Andaman,Urban,Illiterate,679,274,405,114,68,46,43,18,25,24,9,15,522,188,334,11,1,10
B0103,35,639,District - North  & Middle Andaman,Urban,Literate,2062,1130,932,762,621,141,115,81,34,84,64,20,1185,428,757,289,101,188
B0103,35,639,District - North  & Middle Andaman,Urban,Literate but below matric/secondary,1312,714,598,429,362,67,72,51,21,52,41,11,811,301,510,114,31,83
B0103,35,639,District - North  & Middle Andaman,Urban,Matric/secondary but below graduate,499,279,220,192,161,31,23,18,5,19,16,3,284,100,184,132,53,79
B0103,35,639,District - North  & Middle Andaman,Urban,Technical diploma or certificate not equal to degree,51,28,23,26,16,10,3,3,0,2,2,0,22,9,13,16,7,9
B0103,35,639,District - North  & Middle Andaman,Urban,Graduate and above other than technical degree,81,41,40,52,34,18,7,3,4,5,2,3,22,4,18,14,4,10
B0103,35,639,District - North  & Middle Andaman,Urban,Technical degree or diploma equal to degree or post-graduate degree,24,14,10,19,11,8,2,1,1,2,1,1,3,2,1,3,2,1
B0103,35,640,District - South Andaman,Total,Total,238142,127283,110859,85221,69772,15449,11610,7791,3819,6783,4823,1960,141311,49720,91591,25784,8254,17530
B0103,35,640,District - South Andaman,Total,Illiterate,47876,21489,26387,8426,6076,2350,1720,932,788,698,453,245,37730,14481,23249,1397,199,1198
B0103,35,640,District - South Andaman,Total,Literate,190266,105794,84472,76795,63696,13099,9890,6859,3031,6085,4370,1715,103581,35239,68342,24387,8055,16332
B0103,35,640,District - South Andaman,Total,Literate but below matric/secondary,105759,58844,46915,35048,30866,4182,5914,4336,1578,3375,2650,725,64797,23642,41155,9496,3110,6386
B0103,35,640,District - South Andaman,Total,Matric/secondary but below graduate,56315,31682,24633,25011,20886,4125,2721,1844,877,1881,1279,602,28583,8952,19631,10361,3579,6782
B0103,35,640,District - South Andaman,Total,Technical diploma or certificate not equal to degree,3905,2289,1616,2452,1641,811,203,101,102,154,79,75,1250,547,703,778,339,439
B0103,35,640,District - South Andaman,Total,Graduate and above other than technical degree,15232,8291,6941,9385,6870,2515,564,295,269,413,205,208,5283,1126,4157,2667,674,1993
B0103,35,640,District - South Andaman,Total,Technical degree or diploma equal to degree or post-graduate degree,3923,2192,1731,2802,1775,1027,111,56,55,84,39,45,1010,361,649,588,208,380
B0103,35,640,District - South Andaman,Rural,Total,97395,52103,45292,32553,27253,5300,7246,4879,2367,3947,2897,1050,57596,19971,37625,9430,3014,6416
B0103,35,640,District - South Andaman,Rural,Illiterate,21323,9596,11727,3847,2846,1001,1148,601,547,426,291,135,16328,6149,10179,534,79,455
B0103,35,640,District - South Andaman,Rural,Literate,76072,42507,33565,28706,24407,4299,6098,4278,1820,3521,2606,915,41268,13822,27446,8896,2935,5961
B0103,35,640,District - South Andaman,Rural,Literate but below matric/secondary,48084,26696,21388,15956,14012,1944,3932,2851,1081,2083,1657,426,28196,9833,18363,3984,1257,2727
B0103,35,640,District - South Andaman,Rural,Matric/secondary but below graduate,20220,11715,8505,8616,7390,1226,1533,1070,463,1029,725,304,10071,3255,6816,3761,1337,2424
B0103,35,640,District - South Andaman,Rural,Technical diploma or certificate not equal to degree,1068,610,458,608,398,210,93,43,50,77,36,41,367,169,198,241,111,130
B0103,35,640,District - South Andaman,Rural,Graduate and above other than technical degree,3325,1872,1453,1988,1504,484,242,132,110,185,95,90,1095,236,859,589,145,444
B0103,35,640,District - South Andaman,Rural,Technical degree or diploma equal to degree or post-graduate degree,734,379,355,545,319,226,39,21,18,34,16,18,150,39,111,99,28,71
B0103,35,640,District - South Andaman,Urban,Total,140747,75180,65567,52668,42519,10149,4364,2912,1452,2836,1926,910,83715,29749,53966,16354,5240,11114
B0103,35,640,District - South Andaman,Urban,Illiterate,26553,11893,14660,4579,3230,1349,572,331,241,272,162,110,21402,8332,13070,863,120,743
B0103,35,640,District - South Andaman,Urban,Literate,114194,63287,50907,48089,39289,8800,3792,2581,1211,2564,1764,800,62313,21417,40896,15491,5120,10371
B0103,35,640,District - South Andaman,Urban,Literate but below matric/secondary,57675,32148,25527,19092,16854,2238,1982,1485,497,1292,993,299,36601,13809,22792,5512,1853,3659
B0103,35,640,District - South Andaman,Urban,Matric/secondary but below graduate,36095,19967,16128,16395,13496,2899,1188,774,414,852,554,298,18512,5697,12815,6600,2242,4358
B0103,35,640,District - South Andaman,Urban,Technical diploma or certificate not equal to degree,2837,1679,1158,1844,1243,601,110,58,52,77,43,34,883,378,505,537,228,309
B0103,35,640,District - South Andaman,Urban,Graduate and above other than technical degree,11907,6419,5488,7397,5366,2031,322,163,159,228,110,118,4188,890,3298,2078,529,1549
B0103,35,640,District - South Andaman,Urban,Technical degree or diploma equal to degree or post-graduate degree,3189,1813,1376,2257,1456,801,72,35,37,50,23,27,860,322,538,489,180,309
